1249531 
1204271 
1034583 
850625 
965990 
946406 
866927 
862553 
927812 
920521 
869636 
821927 
870677 
875625 
879791 
950520 
896198 
929479 
925886 
875157 
873021 
879010 
873125 
898229 
882396 
875885 
932239 
849635 
834583 
896354 
856250 
849219 
904480 
847500 
889375 
852239 
853489 
855834 
823959 
870885 
869844 
899480 
899218 
853854 
889011 
896407 
823177 
870312 
873855 
876562 
891250 
870365 
876250 
880104 
871198 
875521 
873958 
870261 
861198 
887604 
867553 
880573 
871197 
871718 
867969 
891615 
871510 
889584 
856771 
884375 
897396 
863229 
851562 
853803 
851042 
849532 
853229 
890729 
641771 
586198 
588906 
603906 
604843 
586615 
627291 
605989 
591250 
594375 
589583 
586198 
635678 
592969 
594322 
588490 
591354 
593281 
610990 
595052 
593177 
584218 
643594 
655209 
586927 
626823 
587917 
592135 
602500 
590104 
585678 
612812 
647084 
591198 
605625 
637708 
590312 
626511 
593854 
680104 
579688 
670104 
667031 
608750 
612135 
587396 
589114 
635053 
669063 
615156 
589375 
669375 
600625 
658802 
594062 
590990 
581146 
590000 
590469 
588594 
667187 
591927 
610937 
588333 
641771 
592760 
586719 
599480 
590261 
639166 
584843 
597708 
627291 
586042 
589688 
610156 
668438 
616666 
612292 
591666 
592084 
628386 
616146 
599687 
587083 
593177 
637552 
590209 
612396 
604739 
590052 
588750 
589271 
642969 
589010 
593125 
589583 
587188 
641875 
594323 
620156 
585886 
612239 
606459 
586667 
595573 
590677 
625365 
589428 
644896 
590677 
585781 
589219 
612239 
588177 
589948 
588437 
640833 
588438 
588333 
604427 
590834 
594687 
642812 
592136 
588854 
583958 
591928 
589688 
639218 
657500 
598229 
616146 
674896 
601719 
683698 
623281 
691823 
602396 
602083 
589063 
630989 
625469 
672657 
693333 
668281 
668907 
582813 
680156 
676406 
643490 
579531 
681042 
668697 
1331302 
630052 
620677 
591823 
593386 
591093 
644375 
598021 
607708 
588073 
590520 
647396 
620625 
679219 
585625 
593333 
608229 
588073 
592761 
614167 
652188 
589115 
587395 
605313 
671093 
594687 
636146 
588229 
643178 
623959 
591979 
641146 
590625 
651718 
591198 
585365 
608281 
588907 
585104 
613490 
597604 
595469 
590261 
589635 
642083 
609427 
619688 
591615 
587032 
586250 
592969 
589010 
595000 
587552 
590156 
669062 
613229 
639428 
623541 
589322 
593125 
636875 
621563 
585105 
710260 
666146 
678542 
679219 
590781 
692448 
708958 
670989 
667917 
680833 
629948 
580000 
700729 
583802 
699896 
669792 
680834 
621667 
673125 
587396 
674427 
668073 
579844 
673125 
620521 
629375 
692500 
582552 
687240 
576302 
701875 
673282 
622084 
669375 
573698 
598073 
616198 
674375 
577552 
678021 
584948 
673542 
638854 
628750 
620833 
644688 
676250 
621614 
690677 
669010 
628906 
681771 
585677 
692552 
645156 
584427 
697552 
625052 
577448 
686406 
596407 
625260 
593386 
591927 
664843 
588906 
590677 
624635 
627760 
644844 
592135 
590104 
641146 
653489 
613958 
644792 
632708 
576198 
584010 
622344 
593593 
589792 
590261 
642447 
590000 
661614 
591042 
679687 
678073 
668229 
641406 
648854 
593542 
642292 
591719 
598282 
591510 
608073 
642656 
576458 
590730 
592865 
592187 
588750 
613541 
588073 
598333 
588594 
649792 
593750 
608854 
588438 
643593 
598021 
631719 
628750 
588646 
621511 
601875 
590521 
586771 
590313 
591771 
615052 
592240 
593958 
596355 
596302 
591667 
593020 
596875 
594375 
609791 
631719 
585261 
692969 
626979 
588281 
592343 
596302 
592084 
597500 
610937 
591250 
587761 
594635 
615938 
603021 
664375 
616302 
591875 
589687 
590468 
668906 
586927 
636407 
620000 
594635 
614323 
595208 
592135 
615885 
586771 
589375 
626823 
594480 
595104 
638229 
593021 
591927 
594896 
593489 
588750 
593906 
588177 
627396 
703541 
643281 
635573 
633958 
641875 
639740 
638802 
700729 
705885 
753906 
631146 
646250 
630729 
625469 
618855 
625625 
644532 
638802 
639844 
647760 
621198 
647292 
683385 
1371614 
740886 
706458 
665677 
658437 
631355 
660417 
639843 
638489 
631198 
667657 
622969 
626562 
638907 
636823 
635729 
645104 
578490 
657604 
623750 
635052 
635625 
623854 
641875 
635990 
625261 
635417 
618750 
636406 
1273281 
625885 
635833 
644323 
620052 
652761 
632135 
628125 
642031 
625938 
622448 
622344 
620677 
646197 
619688 
622135 
645104 
630625 
645312 
617187 
642604 
624166 
626562 
632240 
635364 
647240 
626823 
613958 
636875 
609740 
644323 
657343 
619896 
655313 
627864 
637656 
657969 
631302 
636146 
630937 
641927 
630469 
643437 
713073 
666615 
651979 
640000 
588281 
590937 
622292 
583594 
628438 
632292 
635365 
618906 
653593 
633073 
637292 
616510 
633802 
643177 
675260 
595625 
670938 
626250 
645885 
619062 
636198 
669219 
642500 
638177 
645312 
618594 
669844 
640729 
639635 
622396 
637136 
638750 
636771 
640416 
679166 
637969 
639584 
634271 
638907 
693229 
647083 
641198 
638386 
625625 
641510 
643594 
626927 
634739 
637396 
638438 
644375 
636823 
675208 
635104 
638802 
647083 
648177 
667343 
629740 
620990 
635573 
621459 
672083 
635989 
640625 
639167 
640469 
631667 
623958 
620521 
673594 
633177 
622656 
634740 
650417 
677448 
668281 
642552 
637031 
626458 
670417 
640312 
655208 
639323 
631302 
679896 
640104 
634531 
677656 
636041 
644688 
639532 
636146 
688125 
638698 
642291 
620886 
620520 
755521 
757761 
645208 
644531 
629896 
640469 
625938 
643542 
643333 
650208 
627709 
636302 
744636 
636093 
635937 
641407 
732552 
638281 
620104 
737605 
641146 
718229 
642135 
643177 
625260 
633854 
623490 
754063 
657865 
631719 
628854 
629219 
762968 
649010 
637917 
764323 
643958 
634792 
751250 
622812 
622812 
644010 
642864 
759115 
635260 
632916 
751406 
622917 
633854 
635000 
634427 
648072 
635156 
628854 
759739 
647135 
639635 
641771 
629480 
638698 
631718 
640364 
756041 
639271 
637344 
636355 
638177 
624532 
633490 
643541 
644636 
642292 
631511 
635521 
624479 
630990 
636563 
636510 
622291 
635885 
649011 
620573 
643229 
639011 
632344 
748854 
642396 
641094 
633073 
623750 
740104 
767708 
636407 
642865 
641927 
644375 
742292 
637657 
647969 
647604 
637969 
746458 
627760 
637604 
754114 
642083 
642343 
631927 
646354 
621198 
622395 
624166 
629166 
616198 
634896 
632031 
627031 
631875 
660260 
635989 
635521 
662812 
769219 
621667 
644896 
624011 
635729 
620052 
620520 
641041 
629479 
626094 
641459 
630157 
611563 
630469 
628802 
628282 
619843 
614635 
636250 
623125 
783229 
664271 
626823 
761459 
626614 
1229688 
648698 
734948 
686355 
693855 
679844 
694740 
723333 
694062 
670053 
696041 
686823 
668907 
683958 
680521 
672239 
694114 
693177 
718489 
709218 
673750 
704323 
667969 
679062 
675521 
703750 
686250 
701875 
757031 
774531 
711094 
683593 
689427 
669844 
679844 
697396 
684375 
678594 
683802 
699114 
680729 
700104 
671354 
686459 
686198 
673802 
714114 
686250 
667968 
667031 
666563 
672969 
725208 
671406 
680729 
670156 
683958 
676458 
694948 
670312 
700781 
693073 
688385 
666146 
705053 
670260 
670938 
708438 
673385 
692760 
679167 
673646 
667657 
688542 
699948 
688177 
691875 
672240 
675104 
700573 
673854 
704948 
672292 
688438 
689740 
680834 
690625 
674948 
674584 
677500 
687761 
682812 
696355 
666510 
699271 
694792 
683177 
692344 
687865 
663802 
683177 
666250 
687448 
682604 
708438 
679792 
685261 
685469 
663438 
710938 
670417 
686718 
675313 
670208 
681927 
701875 
670156 
669167 
678021 
668021 
675313 
675365 
685625 
673907 
686823 
679948 
675365 
722917 
684375 
676979 
689480 
690000 
697865 
695729 
669687 
667760 
693229 
671719 
600312 
678542 
673437 
676770 
682240 
687083 
690885 
667552 
675469 
671875 
683959 
695416 
691354 
669583 
670625 
674375 
715000 
697604 
675886 
680990 
684843 
696927 
671198 
711510 
689531 
675782 
691927 
666459 
667604 
701146 
669322 
666354 
676146 
679948 
683646 
677188 
686094 
667135 
675157 
674062 
736823 
666302 
676094 
686302 
666875 
674843 
710208 
689167 
684584 
680885 
682865 
676823 
707448 
688489 
668438 
667396 
699791 
689479 
690729 
679636 
669114 
668750 
681666 
710260 
691875 
668750 
674635 
681302 
682865 
684063 
702292 
669948 
676354 
702344 
668906 
682708 
679636 
667188 
665625 
691042 
701458 
692136 
673958 
673646 
672969 
674114 
673177 
689584 
667812 
680833 
698437 
666302 
667760 
669114 
696979 
671562 
669323 
696146 
669427 
675364 
690364 
667396 
666511 
687084 
672917 
687969 
666198 
678073 
667864 
670989 
690157 
672552 
666094 
689792 
675625 
671563 
686302 
683646 
685625 
681563 
692865 
678958 
668229 
669687 
689635 
668854 
690469 
670469 
675469 
671719 
674115 
683438 
689166 
670677 
676406 
674427 
671458 
666042 
699375 
688177 
698542 
691562 
701094 
723386 
667917 
689166 
688125 
669428 
673593 
694063 
668698 
667968 
676667 
674844 
1438073 
670000 
671198 
678958 
690417 
696927 
675782 
678125 
670729 
668386 
690000 
695886 
672917 
670156 
672135 
668177 
669792 
670261 
669635 
666407 
697500 
676979 
689270 
689166 
680104 
689895 
688490 
709740 
710625 
677656 
688281 
693333 
674896 
676302 
738125 
669948 
684948 
672344 
669635 
669011 
698906 
697500 
677760 
673073 
674167 
701302 
674740 
667604 
675520 
669062 
666771 
712864 
670938 
674636 
677865 
688177 
666198 
673594 
679896 
685833 
667812 
688281 
672864 
708594 
677344 
675208 
687240 
688907 
696615 
696250 
675990 
683230 
687500 
704896 
706041 
697865 
689271 
690260 
692760 
687656 
699844 
685885 
675625 
690520 
682396 
697292 
669010 
671979 
686094 
673490 
667657 
608542 
678594 
667604 
671719 
674584 
681719 
691875 
668541 
674271 
668646 
666718 
678073 
707761 
672188 
692864 
672448 
694479 
703958 
674948 
668907 
684271 
688021 
683177 
712084 
675417 
677812 
678750 
674844 
674896 
676823 
673385 
672917 
678542 
671667 
688750 
705209 
688542 
670781 
670000 
689948 
689739 
678281 
677448 
666458 
683438 
677708 
671719 
686667 
666718 
675364 
666562 
671875 
729688 
670157 
685782 
665157 
675105 
687761 
668333 
668802 
684375 
676198 
704584 
710312 
685052 
670989 
694271 
686614 
691667 
671979 
686823 
687864 
671459 
680521 
672031 
695834 
682812 
690729 
671250 
670208 
694948 
676146 
676406 
693542 
706355 
699219 
716094 
698021 
689115 
684427 
691042 
687812 
731614 
694583 
688698 
695833 
685573 
723854 
689427 
684583 
693177 
703750 
700521 
720781 
691355 
698489 
694948 
705625 
672916 
699896 
686927 
693333 
684739 
696667 
705052 
713542 
685208 
706719 
687760 
684583 
715729 
681927 
674218 
675782 
701354 
695937 
671875 
678958 
672865 
671875 
672708 
678802 
695990 
707604 
678855 
666459 
686458 
698750 
691354 
684740 
685937 
681094 
694375 
611563 
691250 
683541 
670208 
668021 
687344 
671719 
670157 
692709 
669740 
666719 
666823 
724480 
693073 
693958 
683750 
667083 
696094 
677916 
688177 
673281 
666979 
674011 
693437 
671302 
678229 
670052 
675417 
678437 
672031 
725834 
780157 
891875 
904636 
848750 
800677 
759948 
669479 
664635 
740156 
717135 
676719 
706614 
673959 
707188 
677448 
679427 
666823 
675625 
676458 
719896 
671303 
672292 
675729 
668125 
671302 
690209 
671510 
1420105 
671407 
710834 
684218 
680520 
668333 
692448 
675729 
694271 
671822 
671250 
679271 
671823 
687552 
665625 
673437 
666146 
705885 
687396 
685938 
698333 
679583 
688281 
689323 
689063 
693386 
673229 
687917 
677709 
673333 
676459 
706927 
724427 
697448 
683542 
671146 
673802 
775468 
679948 
670938 
704427 
678125 
706146 
686302 
676979 
682656 
672813 
671719 
681979 
670833 
671302 
689948 
672760 
669531 
696145 
682448 
668178 
667656 
691458 
693854 
676615 
668021 
668229 
687031 
683542 
707292 
695782 
670625 
683125 
678542 
670729 
672864 
678489 
691666 
671927 
675781 
669636 
697395 
670104 
673489 
684271 
671354 
701822 
684115 
669062 
678229 
689844 
669167 
689635 
681094 
705157 
670000 
684323 
688125 
703437 
676510 
691198 
667760 
666303 
699740 
673177 
686562 
665781 
676771 
702344 
601719 
682917 
682708 
675469 
703854 
681667 
677552 
683542 
682031 
684323 
686927 
691041 
716823 
668125 
700937 
695677 
698645 
655209 
683594 
665833 
679479 
686562 
689635 
690104 
671458 
676146 
669895 
670781 
676875 
668490 
694063 
677344 
678750 
670833 
697657 
679479 
706094 
669635 
686979 
672553 
690469 
668802 
689843 
685729 
701093 
676094 
672240 
669531 
672864 
677448 
684479 
673073 
705156 
690312 
665573 
691458 
674531 
686302 
668698 
678698 
667969 
685521 
685156 
719896 
668230 
698855 
702864 
677344 
672553 
748281 
675938 
701407 
691458 
679636 
759010 
704635 
693438 
718906 
703438 
604427 
681354 
635573 
636250 
650104 
635052 
631666 
641667 
637292 
640677 
635886 
634323 
635573 
666875 
625312 
636146 
644792 
639167 
640885 
638437 
636719 
635261 
636302 
642552 
638334 
645521 
638333 
638386 
632344 
638229 
635989 
635938 
670313 
631875 
628489 
633854 
642708 
641614 
651146 
631042 
649271 
648021 
635261 
642396 
643907 
616823 
642865 
641094 
637604 
635730 
636719 
641979 
644428 
642448 
634427 
611563 
628541 
657500 
650885 
636145 
643594 
637657 
639531 
648802 
636562 
640313 
640000 
635989 
638021 
654115 
632917 
626614 
631771 
638281 
600677 
646250 
641979 
622552 
626771 
638646 
632396 
627864 
644479 
622604 
615833 
628489 
639583 
622188 
664739 
634948 
642032 
623334 
630364 
636980 
657344 
623542 
641666 
623229 
637500 
635782 
642604 
624427 
620782 
615052 
615625 
630677 
636354 
630625 
1219688 
636927 
643437 
618593 
700833 
599635 
645052 
627656 
622761 
664219 
605990 
647188 
629167 
629115 
619687 
640208 
634219 
647448 
626562 
616927 
619375 
648177 
624323 
646823 
666302 
589688 
628750 
620364 
624427 
646146 
612917 
644010 
633125 
624635 
630417 
611250 
639375 
640052 
639896 
632708 
614063 
629375 
632447 
624323 
659844 
587708 
626562 
635417 
620000 
632292 
608750 
641719 
634792 
619792 
628489 
605677 
631562 
625104 
639479 
624375 
641302 
689635 
581823 
640000 
643386 
620729 
619427 
641563 
553541 
510938 
521563 
509896 
508125 
506771 
514687 
535156 
513021 
508594 
504844 
499375 
500365 
503333 
503750 
523958 
508646 
512448 
508489 
507813 
508281 
515573 
508490 
507865 
503854 
510105 
511354 
505729 
514271 
511458 
528698 
504843 
515989 
519322 
506302 
511302 
490260 
509063 
531771 
501042 
506771 
504531 
501406 
503177 
503697 
510469 
524740 
509687 
503125 
505990 
508906 
507865 
502500 
505157 
507135 
505937 
503750 
513750 
507291 
499739 
507708 
513750 
516614 
502656 
503072 
519584 
504739 
508854 
508021 
509323 
509532 
504115 
501771 
513229 
515156 
504740 
503906 
530052 
498333 
503334 
506875 
515625 
502500 
501458 
505365 
522188 
506823 
508542 
505990 
504531 
513958 
501666 
506250 
535104 
506250 
503229 
512239 
515521 
504115 
478281 
516197 
521562 
498229 
503333 
502188 
510208 
503594 
510781 
513073 
507500 
502812 
505937 
503907 
509115 
509583 
505052 
504011 
503386 
507396 
505261 
503281 
502969 
504844 
513594 
538177 
498073 
532083 
532552 
490573 
510886 
507240 
547448 
570260 
519791 
495573 
521927 
504896 
550729 
516407 
519792 
511719 
506875 
508177 
502865 
502291 
515208 
504218 
532083 
511406 
500364 
508750 
503594 
505157 
503802 
507708 
487136 
502813 
519167 
502136 
504896 
506562 
513854 
504375 
538698 
501667 
515885 
506407 
506927 
504219 
519479 
499948 
510313 
510000 
520364 
523333 
486771 
508959 
511615 
506875 
504740 
500990 
508646 
506562 
501979 
503542 
514532 
499166 
512708 
501146 
504323 
495468 
503489 
502292 
505209 
528854 
508229 
507760 
508281 
502552 
499792 
503125 
513958 
528802 
500521 
533594 
548959 
495312 
513177 
502292 
542500 
520625 
512032 
511250 
510521 
503125 
516823 
509427 
517917 
499895 
507500 
510573 
506042 
506823 
507083 
1204167 
516927 
506823 
507604 
516094 
503489 
510573 
506302 
504635 
515625 
518542 
505781 
504739 
506718 
507083 
508593 
505573 
505886 
510313 
506615 
506875 
504844 
509636 
509063 
507396 
508073 
513646 
533177 
499063 
512656 
512500 
563125 
517084 
516094 
545104 
526927 
500260 
513281 
512657 
550833 
522083 
524531 
499844 
515365 
508593 
475730 
508698 
504844 
507916 
511041 
509636 
510052 
507760 
507864 
529895 
501302 
504792 
508125 
514688 
503021 
507500 
517083 
520781 
507553 
507969 
482292 
504479 
509271 
502969 
512292 
523594 
503542 
506823 
516928 
507917 
505364 
503906 
510104 
540521 
514219 
508125 
509427 
510833 
571302 
571822 
528230 
522865 
511198 
489479 
542187 
538073 
484792 
506406 
514792 
529584 
531303 
486979 
514011 
510469 
505729 
508854 
522656 
506041 
504271 
509687 
509896 
500312 
509427 
532500 
501563 
506980 
504011 
505886 
505261 
510990 
523073 
528490 
504896 
506094 
505313 
508385 
501458 
504688 
504323 
504948 
513802 
495573 
544375 
491406 
517396 
502188 
536302 
525886 
512709 
503959 
499427 
499792 
505677 
505938 
518594 
534532 
508438 
504322 
512916 
506667 
505886 
504948 
523020 
503438 
505209 
500521 
508542 
511041 
513229 
508073 
526615 
496875 
500417 
502135 
501875 
500729 
520156 
564688 
643229 
607656 
614271 
608333 
602136 
598281 
571823 
502968 
510469 
505729 
502031 
522916 
573230 
606458 
537084 
511614 
505000 
502396 
502031 
501354 
509010 
509583 
509740 
511667 
511771 
535208 
614115 
605990 
601823 
550000 
513698 
506146 
504896 
503178 
519167 
521719 
529323 
501563 
508281 
508385 
504114 
506927 
518177 
502552 
522448 
511875 
512604 
511927 
565521 
571667 
629792 
643177 
590625 
676823 
662708 
658958 
476198 
516823 
519479 
508125 
516094 
515105 
517761 
504792 
510468 
514688 
513386 
510833 
494896 
529375 
529427 
521615 
501198 
538229 
502761 
526875 
531459 
490260 
519167 
509063 
504531 
528437 
522135 
508073 
505781 
525000 
489375 
519479 
511563 
508594 
509895 
505729 
506823 
503698 
505729 
509010 
501198 
551718 
499010 
505260 
505208 
497396 
511042 
507812 
528229 
506042 
512448 
533907 
527656 
484323 
515937 
522031 
596875 
602917 
595312 
607292 
594219 
534271 
507500 
520573 
510260 
505625 
510730 
497135 
518177 
508594 
508125 
502291 
500313 
1187135 
505938 
504740 
505052 
544635 
516197 
503542 
508750 
504584 
513489 
508281 
517708 
512812 
503281 
510208 
500781 
504583 
519271 
515208 
509323 
517136 
502083 
505625 
507760 
500469 
548282 
530312 
488542 
509791 
516771 
537240 
525052 
585468 
512604 
517656 
533073 
512448 
540781 
553229 
617553 
604479 
548385 
505834 
516198 
505313 
509219 
506823 
510312 
506927 
512552 
507552 
519218 
500312 
511094 
508281 
508333 
503802 
507917 
501042 
525157 
525417 
500520 
508125 
509948 
523906 
530000 
596407 
485729 
515416 
534636 
579166 
488386 
515885 
534011 
523750 
522864 
475573 
535052 
567240 
607395 
662031 
515625 
505833 
531302 
508854 
518907 
517240 
534427 
537656 
508802 
505573 
517761 
539323 
519323 
506928 
559740 
511354 
509948 
505052 
507917 
510625 
499532 
499115 
501042 
501979 
501615 
507448 
533334 
491666 
509740 
510677 
502031 
505417 
516875 
506041 
505260 
505782 
520990 
513906 
511146 
498958 
509479 
509271 
506146 
504531 
501510 
522916 
511979 
506771 
512396 
509062 
725990 
552344 
539636 
673281 
622916 
606979 
590104 
567448 
508282 
504167 
562761 
498959 
509791 
510469 
511146 
510156 
516354 
540885 
517239 
502708 
515156 
502604 
504323 
503438 
505000 
506302 
510521 
505208 
502239 
508385 
511198 
534375 
490573 
517291 
513594 
515104 
513177 
514063 
508177 
506458 
511979 
531667 
508386 
503646 
505260 
512031 
502344 
504375 
525313 
503646 
514583 
496303 
507656 
502292 
507031 
503854 
512083 
506927 
509062 
501666 
505261 
510052 
505417 
501250 
523021 
507500 
506354 
503750 
515834 
487812 
510989 
512135 
526198 
495156 
487864 
519167 
503907 
501563 
513542 
502657 
521354 
505469 
503594 
506146 
504948 
505573 
507239 
531563 
506303 
508438 
513490 
505209 
507396 
515312 
519479 
536407 
510157 
507656 
512760 
507864 
508958 
505469 
495781 
530989 
480625 
538073 
540573 
527032 
483802 
520729 
513542 
503750 
487135 
476354 
515312 
510052 
505312 
504687 
547344 
501718 
514010 
505937 
513229 
500938 
504896 
513125 
527500 
505260 
521250 
505625 
504896 
502239 
510989 
501614 
554687 
505573 
504271 
500677 
506979 
512604 
504271 
504323 
525834 
494271 
558698 
492761 
532188 
483021 
547709 
516875 
531093 
516823 
485886 
518646 
512187 
523750 
493437 
534635 
516666 
517292 
507657 
1204427 
513177 
547344 
504948 
505469 
525677 
548125 
513906 
532031 
537760 
542916 
505416 
530365 
537343 
531823 
532865 
545520 
561094 
537239 
522865 
530625 
546980 
530938 
525364 
522344 
544896 
509219 
527031 
524010 
528386 
537708 
525625 
557291 
533594 
655469 
507916 
510052 
523594 
511146 
504063 
498906 
513542 
504948 
503281 
502187 
509323 
508281 
538489 
511615 
486197 
513178 
513386 
501458 
514635 
504687 
499896 
501563 
509844 
506302 
515209 
502344 
513802 
505990 
507188 
502969 
515416 
504896 
510156 
502031 
511822 
504896 
509584 
505678 
511979 
504219 
506771 
500729 
506927 
509844 
515312 
505729 
512968 
477812 
489115 
515104 
483125 
515104 
509323 
511875 
507500 
507135 
504687 
506250 
514531 
530104 
498437 
504323 
509271 
506250 
506042 
501042 
506979 
522708 
509739 
505052 
509323 
504375 
505573 
502084 
520156 
535729 
521406 
532396 
562604 
564896 
584218 
564323 
511250 
502239 
505938 
521041 
507136 
524948 
477760 
508333 
495729 
509948 
512084 
475886 
511719 
503906 
510313 
502031 
513333 
504583 
503125 
504740 
511667 
502448 
509427 
505833 
508542 
503698 
513386 
519636 
506094 
506145 
501719 
500730 
505261 
505886 
503802 
506979 
506823 
516614 
508594 
541093 
507552 
517344 
478333 
508125 
513541 
503854 
511719 
527448 
505417 
500416 
506927 
513125 
504271 
486458 
506718 
563542 
502031 
513177 
501980 
500625 
512343 
514583 
503750 
508594 
504166 
503802 
505416 
511354 
507812 
508646 
504896 
511718 
505937 
507344 
504740 
504636 
509740 
505521 
539844 
500781 
508385 
516823 
508177 
500104 
508958 
505833 
583698 
520052 
512500 
501354 
496771 
520677 
528802 
497813 
521510 
553489 
502812 
517239 
503490 
504687 
568386 
541771 
505938 
516458 
529479 
567552 
513802 
538855 
484271 
527969 
496615 
519896 
503021 
512969 
499635 
516146 
510365 
498802 
503386 
513802 
515208 
489895 
504219 
503229 
504218 
569948 
607552 
607084 
613437 
603542 
623385 
588385 
505156 
498906 
511979 
504218 
493281 
512969 
504687 
505729 
515885 
511042 
508698 
517292 
513541 
502864 
503906 
518177 
509792 
506562 
508750 
506927 
523855 
505937 
515781 
505312 
514323 
502083 
515312 
505052 
515573 
511927 
533646 
504219 
507916 
506250 
501875 
505520 
516979 
489531 
521198 
505156 
509323 
503125 
514948 
1172969 
513437 
499010 
494218 
500833 
511302 
507083 
504323 
492448 
535105 
508802 
503125 
504322 
511458 
508438 
505364 
508229 
538542 
507552 
506979 
506666 
507343 
513333 
506146 
504010 
516615 
513542 
508229 
502344 
514792 
502761 
517813 
506823 
508802 
505261 
524843 
505833 
510677 
504271 
490885 
661146 
550312 
525000 
531562 
524010 
540469 
525677 
526250 
562083 
546094 
528594 
529167 
526354 
526041 
519791 
552396 
503802 
528958 
522396 
529583 
535416 
526355 
531719 
548593 
516927 
536302 
522187 
526667 
542291 
522813 
532396 
527500 
533333 
529792 
538177 
526979 
529375 
573646 
583229 
580104 
509896 
520469 
526458 
535469 
525521 
542864 
523386 
529323 
540156 
532709 
531511 
523229 
538750 
530677 
526667 
520781 
629792 
527760 
536927 
545833 
531771 
527968 
535729 
527239 
524062 
533906 
526250 
542500 
527135 
542708 
536198 
532552 
527448 
527656 
510105 
641302 
530000 
530416 
522864 
638594 
532500 
663437 
531407 
527187 
525729 
635677 
524479 
527396 
503438 
536355 
504322 
526094 
530000 
522448 
529792 
524739 
566198 
524844 
531771 
527865 
524792 
530052 
528906 
626302 
631823 
530365 
534948 
520833 
522604 
530521 
537396 
459115 
455886 
454479 
445260 
471146 
453542 
453021 
468802 
475938 
490261 
436719 
448803 
454635 
470416 
479271 
469427 
476458 
475730 
444167 
453073 
445468 
435781 
460469 
457344 
442188 
448438 
440208 
443541 
452657 
449531 
427656 
444375 
441354 
450417 
449635 
446093 
440990 
451406 
455208 
453854 
442292 
443489 
444895 
453802 
446146 
447187 
453178 
449375 
444428 
447969 
453281 
442709 
453073 
455312 
443385 
446458 
443542 
442084 
443698 
445937 
492188 
437083 
444739 
450937 
442916 
445729 
445782 
453125 
446094 
472604 
458489 
454687 
447396 
444583 
470261 
449375 
446823 
453177 
453333 
447812 
440781 
443593 
446875 
445104 
451823 
448698 
446042 
457865 
450833 
450989 
447709 
456615 
449323 
448854 
457656 
446615 
467917 
438594 
458125 
448802 
450000 
435365 
445365 
446510 
485833 
453645 
446667 
445625 
451875 
451250 
445886 
450781 
451146 
469687 
447292 
452656 
444583 
445000 
450677 
448854 
443438 
449948 
445938 
445677 
444480 
448021 
445157 
446406 
454531 
443438 
444271 
445937 
453125 
445261 
442969 
448281 
445000 
442604 
452917 
452344 
449584 
1152865 
441041 
451198 
454480 
445417 
447656 
471927 
439792 
450000 
446562 
453490 
448959 
446771 
451979 
449688 
444844 
449323 
453073 
447240 
450677 
453230 
449271 
447761 
449375 
465261 
455261 
448073 
433229 
448802 
453958 
449063 
455938 
446511 
452656 
443906 
448958 
446094 
451771 
449479 
446042 
444270 
479583 
449219 
447865 
452969 
443073 
447813 
443438 
453333 
443541 
468906 
437500 
448906 
446407 
451719 
445105 
447448 
451094 
457240 
451979 
449844 
453594 
456041 
446927 
445156 
454062 
448386 
451042 
465782 
447813 
450052 
444427 
453073 
446771 
447916 
454271 
446615 
448907 
454948 
444739 
447500 
447552 
438802 
447708 
445416 
480885 
452032 
454427 
446771 
449843 
447604 
446406 
451146 
446927 
470312 
457135 
443125 
445730 
446406 
450989 
446406 
459532 
437812 
469739 
446146 
450990 
444115 
441666 
453594 
450989 
449948 
446041 
436563 
445990 
427292 
444427 
447968 
455521 
446615 
449740 
448021 
452083 
451459 
451354 
446666 
440469 
441823 
445989 
450261 
450521 
465156 
447292 
447916 
452500 
446615 
449531 
438490 
446563 
472917 
448958 
436458 
447656 
441250 
452135 
444219 
446146 
445104 
465469 
449427 
448438 
438386 
446614 
446198 
450885 
444583 
446146 
467813 
455834 
447969 
445417 
450156 
447083 
445782 
448281 
440990 
451302 
447083 
451875 
450156 
454636 
455313 
448073 
448958 
444687 
458386 
442343 
447448 
443021 
449375 
445468 
445937 
450365 
444740 
451719 
455365 
445209 
451146 
456094 
440000 
446146 
446511 
484166 
448021 
448541 
436770 
447448 
449688 
445937 
455469 
448125 
472083 
456250 
455521 
451146 
473593 
418281 
438177 
451667 
455990 
457552 
448906 
425625 
447917 
451041 
442396 
454062 
453593 
439375 
462761 
436614 
442760 
448489 
437969 
446979 
442552 
449948 
447135 
449843 
452188 
457604 
446771 
446041 
452552 
444219 
448437 
450260 
448750 
451823 
455781 
437813 
447605 
444687 
452343 
444531 
466823 
424114 
438229 
447448 
448281 
451302 
452969 
449479 
440417 
480312 
453750 
440573 
442500 
444480 
450208 
453802 
445573 
445625 
468646 
456094 
445937 
445052 
442552 
448333 
452813 
442604 
448021 
454167 
448385 
464896 
452604 
443229 
452969 
449791 
449583 
446250 
458750 
451041 
448229 
459011 
448542 
448698 
446823 
452656 
448229 
453281 
456250 
447188 
1143854 
451563 
447709 
451042 
442135 
452969 
439375 
451563 
449375 
450729 
445052 
435885 
447448 
450052 
443646 
447865 
447083 
453073 
444844 
444583 
447605 
452031 
446927 
445469 
439531 
443334 
447448 
446615 
450365 
446458 
446511 
458437 
444948 
446979 
451406 
443698 
451354 
442813 
452604 
472657 
449479 
453490 
447084 
447657 
444167 
452292 
450052 
444740 
479479 
447552 
444792 
446250 
452239 
442344 
446875 
445989 
440782 
448333 
456406 
445834 
445625 
444844 
450729 
456354 
447032 
452239 
439895 
448802 
446354 
453020 
448177 
445990 
448021 
449531 
447239 
463697 
452292 
449688 
447292 
454583 
444791 
443698 
444740 
444635 
456354 
451198 
452761 
454896 
445938 
453229 
448490 
448334 
476666 
448646 
446719 
445365 
442448 
448750 
449636 
455990 
447240 
444636 
447396 
450364 
444843 
446093 
451250 
446406 
444062 
444166 
477917 
455052 
442865 
452656 
455156 
459635 
466979 
500938 
580938 
446354 
444948 
450521 
449115 
452500 
449427 
444479 
458646 
528125 
504532 
501146 
511771 
498698 
498854 
474740 
432031 
469583 
449011 
455417 
447656 
450000 
438125 
448854 
449166 
447448 
437448 
454531 
495990 
547291 
539687 
537135 
545885 
537240 
469219 
440000 
435156 
447864 
447396 
440000 
444219 
446146 
473438 
439010 
446510 
457708 
434739 
443854 
447812 
446459 
436875 
468958 
449687 
440156 
445000 
452135 
442344 
445781 
448750 
449896 
468958 
453125 
474844 
511563 
506355 
504010 
500313 
532656 
515677 
459219 
437032 
449114 
451719 
457188 
447083 
447552 
446145 
436667 
454114 
448125 
452604 
446250 
446614 
443178 
451562 
445729 
452604 
456979 
449895 
448021 
444219 
453073 
449480 
445416 
440104 
450782 
447136 
439479 
450052 
453229 
447135 
455990 
447917 
475729 
439375 
444271 
443855 
446198 
433073 
444896 
444948 
449062 
470364 
450156 
453073 
445416 
448229 
446823 
454063 
447917 
449687 
476979 
445000 
445208 
444687 
449583 
450260 
451770 
439166 
453125 
431354 
439843 
447343 
448281 
444531 
453698 
449167 
451719 
439011 
450313 
448594 
446093 
453750 
445156 
446250 
453802 
451511 
446198 
447083 
454583 
445885 
444584 
454063 
446822 
447396 
452708 
469323 
447396 
447969 
441458 
447552 
446250 
439896 
445886 
444480 
466354 
438750 
444792 
447344 
435469 
449114 
456354 
453906 
445781 
1184844 
442813 
449375 
448542 
442292 
448646 
446145 
478698 
440208 
447344 
447188 
441250 
446198 
446042 
452917 
439167 
473854 
452240 
453958 
447968 
451770 
451927 
447344 
447396 
446407 
470833 
446719 
444688 
450521 
445625 
459375 
454219 
457709 
446615 
454531 
455885 
448906 
441146 
496198 
448385 
452865 
442136 
456198 
464062 
457292 
441928 
448385 
449114 
442291 
450260 
454375 
483750 
441406 
445417 
448698 
452240 
443854 
445573 
446771 
440937 
446614 
449271 
453021 
454271 
449948 
444375 
437032 
447969 
445156 
455833 
444896 
445834 
454948 
444948 
448125 
451198 
454063 
447657 
447708 
455468 
446458 
448021 
446719 
455052 
449375 
447448 
454323 
452812 
446146 
443750 
438229 
445468 
444948 
436615 
446407 
448594 
455886 
447188 
449531 
444531 
476667 
444687 
439375 
448281 
476979 
443282 
451459 
444167 
447552 
449427 
451667 
445208 
444843 
473437 
450781 
447760 
444687 
440833 
449166 
445781 
450313 
447031 
468229 
447917 
439011 
451198 
448542 
452084 
445573 
446719 
453333 
430052 
450469 
444167 
462344 
444532 
437500 
453125 
447813 
445156 
448177 
454531 
445156 
445469 
453177 
447813 
449271 
445885 
454167 
449063 
444479 
452031 
447552 
444218 
442552 
441927 
450104 
479531 
431459 
439687 
448750 
455417 
444323 
451667 
448542 
454062 
478593 
449948 
443542 
447761 
446927 
454323 
445677 
447344 
445104 
477083 
453229 
449218 
463959 
468073 
450260 
447916 
444115 
448125 
467760 
440990 
447865 
443855 
447031 
452969 
448177 
448594 
440208 
465417 
453750 
440729 
451406 
446302 
445417 
455782 
453386 
478229 
449895 
448645 
450469 
446615 
435833 
447604 
444635 
436771 
444583 
449323 
457396 
440000 
451927 
448281 
452448 
446927 
461615 
471666 
448906 
446250 
444896 
435573 
450990 
443385 
444271 
447552 
451458 
445937 
447344 
450156 
445469 
451771 
449322 
446979 
436198 
457396 
447812 
447864 
454843 
445105 
450104 
452344 
452292 
447709 
448021 
452344 
446198 
445000 
435417 
448333 
448073 
452500 
471041 
428698 
458281 
454218 
454687 
447083 
454739 
450781 
447083 
477031 
441667 
453854 
448229 
454115 
449010 
447708 
442083 
453646 
473646 
454010 
441823 
448542 
448125 
454375 
449583 
449948 
446666 
458594 
449531 
445521 
436875 
445573 
438281 
453906 
450886 
443021 
452032 
440417 
1151459 
446719 
440417 
448333 
448907 
468490 
452500 
450417 
440521 
450625 
447552 
447240 
455990 
451927 
434583 
442500 
449062 
450416 
443385 
450312 
449635 
449479 
455573 
456667 
454844 
454375 
446927 
452136 
446094 
468073 
453593 
477760 
440937 
449688 
448698 
455468 
448385 
447812 
448698 
457552 
470052 
452448 
454948 
450000 
448386 
444688 
454167 
452187 
447448 
444114 
449636 
451250 
441875 
444740 
451667 
448645 
437708 
448698 
423437 
441198 
457605 
431666 
467344 
445313 
455000 
449375 
458385 
499323 
436666 
432604 
456615 
448750 
452031 
453803 
448021 
473594 
440052 
446614 
448229 
462865 
442552 
449479 
441198 
452240 
474010 
440521 
448645 
437760 
451511 
449688 
454375 
448437 
448385 
440000 
453385 
449271 
449687 
454427 
447084 
446615 
452969 
447761 
444635 
456407 
447135 
450365 
447344 
451042 
449219 
447343 
439323 
458073 
450834 
445781 
455364 
437656 
452448 
442917 
448125 
476510 
452656 
453802 
441875 
451250 
455104 
445156 
450156 
446771 
499375 
459896 
454531 
437760 
474062 
448282 
435416 
457136 
445625 
440468 
440261 
446927 
444844 
440261 
451927 
441615 
450104 
436250 
477188 
443646 
452552 
447396 
454635 
460677 
502604 
504531 
456770 
454532 
447500 
448437 
454531 
446875 
473854 
497240 
542187 
481771 
450052 
455886 
445312 
449375 
449479 
453750 
447239 
445989 
462812 
450209 
447813 
439583 
449375 
448646 
448541 
453281 
473541 
447969 
436250 
444739 
450156 
447291 
454166 
444687 
454323 
476198 
460886 
448854 
438333 
445364 
446771 
444219 
450417 
448855 
447604 
438594 
446823 
448333 
449011 
453750 
445938 
462239 
443958 
454271 
450156 
461145 
448281 
451458 
449271 
454167 
449167 
448073 
456666 
447760 
453594 
451771 
454115 
446615 
451094 
441666 
478385 
449688 
447916 
438073 
452031 
448334 
452448 
447187 
447239 
481458 
452344 
458750 
448698 
444375 
449167 
447188 
436979 
456927 
461511 
446354 
445989 
443021 
447031 
456510 
456510 
494636 
514792 
464167 
436979 
448907 
442083 
444792 
449531 
454218 
447656 
466146 
453802 
456823 
449739 
447344 
466458 
503646 
506979 
483437 
431979 
446146 
447709 
455886 
450052 
448177 
441719 
448490 
450469 
453646 
446562 
445782 
454844 
443073 
451875 
446407 
444740 
442291 
482500 
436354 
439114 
446041 
447760 
439427 
1166094 
473334 
437188 
436980 
450208 
451615 
446302 
445417 
446875 
437448 
466198 
451771 
436510 
450520 
450052 
452604 
441875 
450469 
472708 
439166 
451666 
445000 
451667 
447083 
445521 
446354 
436458 
471250 
454166 
472500 
437448 
445209 
437813 
460834 
452291 
451302 
474584 
449636 
469739 
461823 
449271 
452188 
462969 
458698 
453281 
486719 
443178 
454114 
451406 
453281 
440312 
449791 
454219 
471042 
440469 
452083 
457761 
445886 
452448 
446979 
439583 
450208 
479687 
450625 
455364 
450989 
446875 
455990 
448646 
448021 
454844 
453073 
450469 
455156 
446823 
449479 
449375 
455156 
449687 
449947 
461563 
447605 
448646 
445677 
437865 
447187 
447812 
443333 
449115 
450365 
438438 
448907 
448177 
448229 
434375 
448334 
450729 
457812 
462239 
447031 
450000 
455052 
446979 
445677 
437240 
448594 
476354 
454844 
437656 
448802 
455105 
437240 
460208 
487812 
503177 
496979 
472135 
462396 
511667 
468489 
447656 
469844 
440938 
485208 
456875 
470104 
465364 
447344 
464531 
463646 
453906 
465885 
506198 
476615 
462135 
538229 
510781 
490468 
534583 
538385 
594427 
493229 
504427 
545677 
506823 
518333 
491041 
563750 
526041 
505781 
470469 
457291 
489948 
462396 
465625 
522239 
475833 
463125 
475573 
493177 
505104 
495365 
492552 
492708 
477031 
501614 
502291 
459323 
447917 
466042 
447917 
461354 
539896 
481979 
471250 
491979 
492604 
471407 
460729 
491406 
555052 
537187 
505000 
515416 
484583 
494948 
489427 
518229 
464844 
475104 
456146 
456823 
453125 
443854 
449166 
451093 
449323 
439115 
450781 
447969 
447552 
447396 
453333 
438125 
448489 
459010 
451771 
452031 
454844 
448646 
440365 
450781 
452240 
453125 
446563 
453073 
449427 
458802 
451979 
448021 
453177 
455312 
475885 
453489 
439635 
450885 
449323 
444635 
447969 
451198 
440260 
448073 
451927 
450260 
439739 
458542 
454011 
452969 
454375 
454584 
454583 
436875 
455677 
448594 
444844 
450365 
446875 
455104 
446875 
454271 
453646 
453229 
450365 
447500 
454896 
446615 
451198 
448646 
461614 
448281 
447657 
452240 
447812 
448333 
445625 
451718 
480052 
459584 
441927 
452605 
451354 
438645 
450312 
446927 
451875 
459011 
452343 
455260 
457083 
448333 
449948 
448125 
456927 
443438 
455312 
463438 
458646 
430000 
449531 
452969 
447917 
447500 
1216875 
445105 
441980 
448906 
448385 
445625 
455365 
444947 
454167 
455365 
457604 
450885 
464010 
451198 
449844 
449323 
454583 
463645 
449011 
450313 
456042 
449271 
444844 
452865 
446614 
473698 
455156 
453386 
448646 
447969 
444427 
451614 
439896 
459167 
459896 
448542 
452709 
450000 
446667 
484271 
512500 
506145 
540573 
435104 
437135 
450937 
451771 
459844 
449948 
447500 
453750 
470729 
450833 
445156 
445312 
446979 
447709 
455313 
448438 
447552 
456042 
450156 
449427 
449063 
436562 
446718 
446979 
452813 
449219 
438177 
439896 
449375 
448177 
451459 
448802 
449635 
447239 
457500 
449479 
450105 
452812 
452969 
448125 
447292 
454948 
447760 
451355 
464375 
434583 
448021 
448177 
437708 
448959 
444427 
435208 
488334 
449375 
446562 
467969 
451614 
447291 
452864 
448750 
457761 
473125 
453750 
448229 
459167 
453697 
447604 
450677 
450938 
444427 
441355 
441667 
454063 
448489 
452552 
437760 
446303 
455104 
481146 
481302 
452292 
448230 
454427 
450052 
455000 
449792 
456042 
475157 
453802 
445834 
457552 
447708 
454114 
448437 
445468 
458490 
465625 
455312 
449948 
458229 
490990 
538281 
539427 
550885 
518802 
459219 
456198 
451041 
450833 
452605 
447604 
447812 
447604 
455260 
448073 
450053 
442968 
448802 
451354 
448490 
444583 
449375 
455677 
440209 
449115 
448750 
441563 
448959 
447500 
450000 
453958 
456406 
452656 
436979 
444166 
451355 
449427 
453229 
450625 
478854 
443229 
449323 
448698 
449010 
454844 
446666 
448229 
451302 
473229 
447760 
442760 
447239 
447657 
448438 
447240 
453229 
443542 
464219 
451458 
447760 
451146 
444636 
483854 
505313 
511250 
535052 
446823 
448542 
449479 
445781 
445990 
452969 
448281 
447657 
465469 
454792 
450417 
449375 
454479 
448854 
455208 
441458 
449323 
449635 
451563 
455156 
448125 
446771 
454688 
452396 
445730 
444427 
449323 
447969 
448125 
439427 
445625 
451875 
454584 
447396 
448490 
452761 
454635 
446406 
446250 
440105 
450729 
447083 
452396 
477239 
458698 
448906 
452813 
445104 
442916 
453854 
445468 
449010 
469218 
440469 
450104 
447031 
442292 
449011 
447447 
456094 
444010 
451094 
446615 
452552 
448489 
446406 
454584 
447760 
445781 
446510 
447136 
441250 
477395 
450468 
451354 
448750 
454740 
465573 
450000 
447031 
442500 
446042 
449948 
1160781 
454427 
452865 
460000 
454323 
453021 
456615 
452084 
448281 
446771 
456146 
449948 
449896 
443385 
450781 
447656 
440937 
446406 
448386 
445625 
488281 
443802 
458021 
442292 
452656 
450885 
449636 
461198 
449791 
457812 
460782 
448282 
447031 
453593 
448906 
447292 
448229 
452656 
454583 
450156 
437708 
445833 
448594 
446563 
438958 
448177 
456615 
462083 
448854 
446511 
444427 
456771 
453490 
447448 
454636 
472865 
434011 
484427 
458802 
435677 
454063 
454687 
449739 
447864 
466666 
453646 
452552 
449219 
453958 
448958 
448750 
445677 
447187 
449791 
440677 
449896 
447084 
449427 
456979 
449167 
445156 
454792 
435260 
449427 
446042 
456094 
451042 
449427 
455729 
446979 
448125 
455469 
459062 
452708 
447760 
461980 
454844 
446979 
453802 
478229 
452708 
448698 
455521 
446459 
448802 
455521 
464219 
474948 
461927 
447917 
444167 
449584 
441406 
449479 
445521 
438177 
448594 
447917 
444844 
456823 
450052 
446823 
454271 
443386 
446771 
446667 
459167 
451458 
450313 
460938 
447709 
456875 
456302 
450260 
448021 
452709 
454427 
446250 
449844 
456667 
448021 
448697 
453229 
478490 
446927 
445990 
440834 
448125 
448281 
451875 
447239 
457760 
475364 
440937 
450312 
448229 
456667 
460521 
445260 
426093 
434844 
453177 
443646 
439479 
452240 
447500 
449739 
451979 
447500 
444740 
437448 
455000 
453802 
453854 
450000 
448698 
446823 
453438 
450990 
451250 
444270 
445989 
448854 
446667 
448073 
448177 
448750 
452761 
453385 
449011 
451146 
447188 
446875 
446614 
455157 
449011 
476354 
442135 
452500 
450469 
446458 
454584 
452083 
449844 
455052 
474323 
497812 
469896 
448333 
446250 
444948 
455520 
448333 
446250 
478646 
441354 
451823 
447813 
455521 
447812 
449947 
456198 
478542 
454062 
448021 
467865 
450209 
447500 
455730 
447292 
446250 
454271 
453802 
452188 
446146 
451823 
449896 
450156 
456614 
447448 
455730 
448125 
457396 
447448 
448802 
453177 
445364 
449791 
445886 
455209 
450105 
449687 
441146 
449948 
455209 
440052 
446563 
446250 
451458 
456406 
446875 
450781 
453698 
456197 
450260 
447656 
487135 
453489 
446719 
454896 
447813 
449063 
453958 
488698 
538646 
521770 
436718 
444635 
446823 
452448 
446302 
449218 
485833 
576979 
443229 
454219 
457448 
451093 
446198 
453646 
445677 
487917 
1388698 
556302 
540833 
563906 
544896 
540468 
460781 
443959 
449271 
451614 
444062 
452239 
492187 
546823 
515052 
452291 
447031 
454323 
452135 
449896 
438958 
451510 
448802 
449635 
440052 
449270 
449323 
453385 
450052 
447917 
448542 
443386 
454375 
450417 
439479 
461041 
452136 
487500 
468438 
453490 
489427 
449739 
451927 
450781 
447552 
446093 
437500 
450938 
454271 
462969 
455156 
425521 
433021 
447968 
436146 
450469 
449427 
449948 
444010 
455729 
449635 
438645 
452760 
448854 
451198 
455990 
449583 
454010 
441927 
447396 
450833 
455781 
448750 
450052 
452865 
457292 
451094 
448646 
456875 
457916 
495834 
504322 
509219 
460782 
446511 
452968 
443802 
447708 
447969 
453698 
449219 
450886 
454740 
452500 
451979 
446979 
447032 
447031 
448646 
457188 
446927 
445521 
475625 
454479 
450729 
445261 
441458 
451355 
448385 
455677 
481615 
453958 
439739 
455312 
449844 
447084 
447344 
450104 
447239 
462448 
454688 
455520 
451823 
460000 
448646 
456927 
471875 
471614 
476510 
433698 
445156 
453855 
451562 
458750 
448021 
447083 
454010 
462291 
448907 
449011 
437812 
447708 
448073 
455625 
450782 
474375 
453021 
441979 
456459 
466302 
496354 
475260 
483177 
488906 
473282 
452187 
446250 
438698 
450156 
449583 
440521 
447917 
447240 
461042 
432917 
449479 
448073 
438750 
447864 
446145 
444688 
477812 
442135 
432188 
439011 
445781 
448281 
455052 
461875 
521666 
490104 
446250 
446041 
448021 
456927 
447552 
447240 
448386 
452344 
450000 
450312 
452864 
448698 
448281 
462708 
449010 
448906 
446615 
472083 
449843 
445104 
455105 
448646 
448542 
447865 
455469 
470938 
453282 
463438 
506198 
506563 
508802 
458594 
437969 
449896 
464166 
455000 
449375 
456250 
448333 
448698 
446979 
451823 
444583 
455209 
455677 
453385 
451198 
442500 
450208 
452968 
449115 
476406 
451562 
450312 
437916 
448072 
448125 
446511 
453281 
447395 
471562 
443177 
449740 
448959 
446615 
454323 
446354 
449636 
468021 
422969 
449218 
453854 
446198 
449375 
451823 
440989 
446406 
447344 
445729 
448333 
448177 
455885 
452292 
449740 
448073 
454218 
455052 
464531 
510312 
503073 
500677 
433177 
450000 
442552 
451823 
476355 
459271 
460000 
446563 
430104 
445052 
444532 
456771 
454167 
450260 
453542 
445313 
445365 
448334 
456406 
448229 
1165573 
437239 
453073 
445885 
436407 
447552 
446614 
456354 
449895 
450885 
453802 
442500 
446145 
446979 
437761 
447032 
447708 
452187 
446823 
450885 
446458 
454635 
447760 
445678 
436823 
446615 
454323 
450052 
438906 
446302 
448646 
454063 
448281 
447292 
438281 
445729 
454011 
447448 
437604 
446407 
452760 
453125 
452813 
446823 
444062 
442240 
449479 
446823 
448073 
450104 
448698 
454791 
447864 
469062 
447708 
454532 
449063 
447865 
436979 
445573 
451094 
449792 
461614 
450417 
447813 
455989 
447864 
452135 
445989 
453959 
457969 
437292 
440208 
449792 
450260 
454270 
448958 
449271 
447136 
453437 
450156 
450521 
458125 
447605 
444792 
445104 
453698 
447708 
448177 
461562 
455885 
458802 
440156 
465521 
506510 
505364 
519063 
495104 
443438 
452448 
458177 
449011 
451354 
453698 
447032 
447395 
457031 
447968 
448698 
453750 
447135 
449948 
448489 
453594 
474375 
454479 
438541 
447188 
446719 
446042 
454739 
444843 
446406 
473594 
452292 
459948 
444636 
452708 
445260 
448281 
440886 
452917 
477448 
510573 
498438 
502187 
443802 
435521 
450313 
443958 
442969 
431563 
440937 
448281 
438178 
449010 
448229 
436094 
448855 
473802 
440625 
450886 
453490 
446875 
437448 
449739 
447084 
450156 
469635 
450365 
442813 
447604 
454271 
450938 
439583 
446615 
446562 
453854 
461614 
449687 
448854 
454427 
450157 
445885 
448073 
468594 
479479 
450208 
457031 
450469 
449167 
457032 
449792 
451146 
478021 
469114 
498854 
500625 
460886 
448489 
453177 
440469 
451614 
451511 
452344 
456719 
451354 
453333 
457917 
448385 
449375 
447291 
459375 
447760 
447187 
454428 
446771 
448854 
456354 
448437 
470312 
458125 
437344 
448802 
448750 
456146 
446719 
449583 
446093 
467031 
452031 
453489 
437291 
449583 
447864 
446458 
454531 
447709 
470365 
456771 
449115 
446094 
438958 
448646 
450104 
448125 
454323 
444948 
448594 
436875 
446615 
450209 
448177 
452448 
446719 
448281 
453750 
435469 
448906 
453229 
449219 
438802 
448437 
452761 
446875 
451875 
441094 
447604 
449375 
446458 
436927 
448698 
451927 
480052 
453541 
449166 
442969 
445469 
447656 
448178 
454167 
448750 
476875 
443490 
448385 
447552 
455000 
461042 
450365 
447708 
453021 
529218 
513281 
500104 
452969 
445885 
451094 
451094 
448281 
471094 
455990 
447448 
1144583 
441406 
452552 
451979 
456406 
459583 
458073 
469531 
519583 
507916 
506250 
512344 
503646 
463646 
439792 
448645 
450781 
447812 
452344 
452708 
451562 
470000 
451615 
446511 
444583 
438698 
449063 
448489 
439531 
448959 
482552 
443177 
455156 
449115 
448697 
455208 
451614 
449635 
451146 
466302 
448854 
478125 
443177 
489115 
458438 
442240 
441771 
447084 
452865 
446094 
450625 
448229 
456406 
449167 
456458 
457812 
448646 
432708 
445520 
455573 
452135 
449739 
452500 
450729 
446302 
469739 
456302 
450313 
446771 
452761 
449531 
447969 
454532 
448489 
469635 
448437 
451614 
455990 
441250 
448646 
480990 
516250 
501615 
458958 
440000 
448229 
442395 
454844 
448386 
457344 
449896 
474063 
451354 
444271 
449844 
447656 
453229 
449219 
448385 
447084 
470834 
452240 
459114 
488021 
501302 
516980 
501042 
537917 
475938 
452187 
450052 
448177 
454843 
456823 
450000 
448854 
447760 
458438 
451666 
448854 
436510 
450157 
447969 
446979 
454167 
448073 
445469 
439740 
447917 
448646 
439844 
445365 
446875 
446771 
438959 
450521 
447292 
456042 
446667 
448438 
452604 
454427 
450678 
445990 
468177 
452864 
453593 
448333 
437709 
447292 
451511 
456667 
468802 
450312 
437916 
446875 
449115 
447084 
453438 
446042 
441146 
467604 
450573 
448646 
447240 
453386 
450052 
450886 
455834 
455052 
436614 
445625 
451355 
448490 
446145 
437968 
448021 
448333 
455573 
454115 
457136 
448230 
454166 
448958 
447917 
454739 
445364 
446614 
470416 
448646 
449115 
448750 
454479 
449427 
448282 
458229 
476458 
453281 
444687 
454479 
450261 
448125 
456198 
449375 
448646 
447343 
445781 
451563 
449948 
455729 
451563 
450937 
454114 
451302 
452969 
456458 
453698 
448385 
447188 
455052 
451302 
449532 
445990 
452135 
450104 
446927 
454219 
445990 
448125 
452917 
446927 
445729 
449688 
443750 
450781 
449896 
453750 
447135 
450417 
444636 
464114 
452239 
448698 
455573 
449531 
448333 
450834 
448646 
447812 
474218 
442656 
448802 
449010 
439636 
446719 
446198 
447708 
456198 
468906 
448281 
440208 
451406 
446510 
448854 
437969 
446771 
449896 
437604 
451510 
449896 
443021 
448437 
444480 
447083 
454948 
447968 
448229 
455365 
448125 
447291 
447864 
454011 
445573 
453125 
435468 
448125 
449896 
437657 
447083 
444531 
453125 
454114 
1137239 
446459 
450782 
451667 
448906 
455313 
448802 
458802 
513854 
466197 
455000 
453593 
447760 
445990 
445938 
446771 
439323 
483906 
444479 
449010 
449219 
448125 
455312 
448021 
449323 
450677 
478697 
455573 
451459 
463073 
466980 
506667 
511770 
503698 
533854 
451823 
436615 
448802 
452708 
455677 
445886 
446041 
440156 
471667 
450833 
448542 
453438 
455886 
467709 
508802 
506459 
501562 
472761 
439636 
448073 
450208 
452969 
447292 
448958 
452761 
477083 
452864 
449062 
455209 
447448 
449010 
455416 
447864 
448959 
459218 
452604 
439583 
450573 
443229 
450260 
446719 
452604 
449219 
454479 
462291 
472604 
501302 
503437 
515886 
500625 
505730 
492292 
449062 
448854 
450000 
440104 
447604 
447709 
454479 
452240 
462188 
452031 
445156 
451146 
448281 
438698 
450729 
453177 
485417 
441875 
449115 
447969 
454688 
449271 
451302 
454531 
447553 
473125 
454323 
444375 
451250 
446823 
453386 
448594 
449740 
447447 
426563 
449739 
447760 
456093 
448073 
448073 
445313 
440833 
447916 
431979 
440157 
447344 
447656 
452396 
449479 
448490 
449219 
442917 
451614 
450364 
454479 
447969 
448177 
446406 
452552 
446250 
447604 
458802 
449948 
449843 
439167 
448386 
444792 
446459 
456562 
478646 
458125 
453803 
454114 
448125 
450886 
442657 
452188 
450365 
477448 
449844 
448229 
439844 
447344 
450053 
446771 
455521 
450052 
453802 
457500 
449427 
462968 
503906 
514844 
500781 
515625 
482031 
443958 
442709 
446875 
454688 
449844 
448750 
454323 
451094 
451250 
453073 
447969 
446458 
447709 
453125 
447032 
439375 
454011 
452604 
449947 
438750 
456615 
450260 
445260 
457709 
449792 
452188 
470417 
448959 
448542 
451145 
455937 
447291 
449427 
457240 
474375 
454480 
447708 
439323 
449636 
445573 
451563 
447656 
445468 
470104 
455677 
449323 
449115 
455469 
447343 
452343 
455625 
451458 
437187 
448698 
452552 
449375 
445989 
435677 
445208 
448177 
446458 
439115 
452761 
455261 
439688 
446562 
447604 
441615 
451458 
447605 
452396 
440938 
448959 
452344 
446198 
448229 
449011 
444167 
455938 
452292 
451250 
455052 
447708 
452708 
454271 
447917 
448438 
482447 
445989 
440521 
437657 
423958 
428593 
423594 
425573 
438697 
480885 
425521 
440937 
434166 
429375 
432240 
448542 
430104 
451927 
476667 
453073 
453959 
457292 
1152188 
442657 
442031 
451823 
468021 
440208 
450625 
450104 
450260 
446823 
455052 
436458 
474584 
444062 
451823 
456041 
449688 
445156 
447240 
454011 
448437 
477448 
442448 
445000 
446250 
449479 
456354 
445521 
445052 
436927 
452761 
452552 
457031 
447500 
451146 
448281 
441354 
448073 
448958 
442760 
452709 
452188 
454375 
461719 
447865 
447188 
441094 
447813 
465469 
450937 
439167 
449375 
447135 
439792 
448750 
450000 
440312 
452500 
446041 
447031 
443282 
451563 
447865 
457396 
446459 
473281 
454375 
456979 
450417 
447864 
454427 
453229 
449791 
455833 
471771 
451459 
456667 
456614 
463906 
443489 
438281 
447760 
450990 
435834 
444375 
450208 
441511 
441927 
450990 
449635 
455729 
447760 
453073 
448438 
457604 
450625 
449531 
456406 
449636 
450104 
447708 
464115 
456198 
451250 
439010 
449166 
451875 
448542 
437136 
471927 
459270 
436615 
449115 
449219 
445469 
433281 
435625 
459219 
496927 
448437 
455937 
440833 
444896 
458958 
462969 
486667 
473333 
480729 
456042 
457240 
451979 
443386 
450104 
450260 
447708 
442760 
434531 
452657 
439791 
456823 
454740 
447136 
456563 
449792 
474219 
443334 
438855 
447396 
440677 
447083 
449791 
446771 
454532 
496041 
507813 
521302 
518125 
503229 
503542 
509948 
497500 
481198 
449323 
451042 
448177 
451355 
451094 
459947 
453438 
441407 
470781 
450364 
453333 
449635 
449323 
449844 
438959 
447031 
473021 
448386 
451511 
449531 
449635 
446094 
449740 
449323 
442344 
476302 
455990 
458594 
452552 
454792 
461510 
443906 
450625 
450052 
465677 
447813 
452656 
449739 
442240 
450104 
449636 
455937 
448542 
451354 
454063 
455573 
451250 
449219 
457864 
447969 
448594 
484323 
455938 
454322 
437396 
456615 
450261 
451094 
439688 
448438 
471667 
458073 
455468 
447865 
457135 
509010 
503750 
479479 
446927 
453073 
452552 
451614 
455364 
454583 
466823 
501302 
473281 
480469 
441198 
452031 
453021 
445729 
464687 
469219 
486980 
500365 
486198 
439063 
447604 
440886 
450365 
449844 
438802 
452188 
477813 
459739 
428178 
429479 
434271 
436979 
435625 
452760 
448282 
480886 
443646 
457187 
440625 
450260 
449583 
442500 
452344 
447865 
477605 
442136 
453958 
449010 
445625 
449063 
449896 
451562 
446302 
455052 
450937 
438958 
438802 
449167 
439844 
452605 
452812 
443958 
1186303 
442760 
455104 
454219 
474010 
446146 
445209 
439063 
442604 
443490 
445208 
440469 
437812 
449688 
453021 
447812 
488125 
441875 
450000 
440677 
449688 
448282 
451563 
455156 
456927 
467343 
449584 
461666 
498958 
505677 
510468 
501667 
500052 
493594 
438229 
449636 
439532 
447500 
465157 
499532 
512708 
498437 
446510 
452500 
455521 
450260 
448282 
470937 
503333 
502553 
473073 
445938 
450104 
458125 
452396 
448958 
449323 
454375 
479948 
440209 
440157 
449844 
447187 
450625 
438177 
448125 
449427 
473282 
449844 
448021 
437240 
450521 
448958 
446197 
445208 
448646 
471562 
457812 
448281 
448594 
445989 
453437 
451354 
449063 
456146 
454427 
451927 
446354 
438646 
449375 
447969 
439167 
451302 
461718 
471302 
452657 
450833 
446407 
455417 
447500 
450990 
454063 
482188 
453073 
448073 
454480 
456823 
447239 
436562 
446980 
446719 
480625 
452553 
448385 
451458 
447084 
452709 
446719 
455469 
448281 
447396 
449480 
440417 
451198 
445677 
455260 
451927 
456510 
448020 
450105 
451667 
453229 
457083 
449270 
450520 
454010 
449271 
451198 
436510 
441407 
450833 
447708 
444011 
450573 
453073 
449687 
477135 
450989 
452396 
442240 
451614 
450000 
454219 
446614 
449948 
472865 
440365 
453698 
448958 
453230 
451042 
453959 
448906 
455469 
434115 
453333 
453803 
450052 
447812 
453229 
446198 
446250 
445000 
456927 
451823 
446094 
468281 
453177 
449531 
484843 
508959 
518438 
445208 
449792 
451511 
446875 
446666 
444739 
468698 
498594 
499948 
454635 
447500 
450416 
456875 
436563 
455885 
443542 
453178 
491719 
444323 
455052 
454323 
446302 
438021 
447656 
451510 
483802 
453438 
452135 
431666 
459427 
492240 
516146 
514323 
505000 
464114 
435885 
447291 
445208 
445365 
451458 
447396 
446510 
478698 
448802 
449218 
441979 
443229 
448281 
462865 
456928 
449843 
451302 
441042 
449427 
445781 
447761 
441770 
449115 
450781 
453125 
451979 
450729 
449063 
454010 
450677 
448125 
455573 
448229 
450468 
459427 
451093 
449323 
447760 
450417 
451250 
463594 
510417 
543698 
445834 
438750 
439792 
450313 
447032 
456094 
449740 
447500 
477968 
455938 
450625 
451979 
451771 
466354 
500989 
510573 
826146 
436563 
448541 
456146 
448177 
447656 
456458 
449480 
446614 
466458 
448906 
449427 
450834 
452812 
448646 
448489 
1195104 
440260 
452500 
442657 
447344 
448334 
443750 
455469 
454947 
457187 
438386 
450209 
450677 
450260 
455990 
446458 
460468 
480365 
454479 
448386 
455729 
447864 
449323 
453698 
450729 
446823 
450156 
453021 
447916 
449948 
455938 
448542 
450417 
456042 
449896 
450521 
448020 
442396 
445365 
448958 
442864 
453385 
447708 
447187 
462187 
450000 
446979 
442865 
445260 
446771 
436302 
445573 
446771 
489271 
447344 
451979 
447135 
454063 
449167 
446979 
447708 
461094 
454427 
453646 
436563 
447812 
449323 
447136 
452656 
449010 
471927 
455156 
449584 
449062 
456406 
451302 
447135 
448385 
438281 
432968 
436146 
456459 
450625 
446563 
445469 
439948 
450260 
448282 
463229 
453646 
451302 
454323 
450521 
451510 
446875 
453333 
449063 
454062 
439635 
447187 
446041 
447968 
437968 
445937 
446355 
476823 
453542 
449375 
440938 
454063 
448906 
446719 
438282 
448125 
473750 
461614 
448854 
446510 
446719 
454427 
447657 
445573 
437344 
468958 
452343 
450000 
437240 
447656 
459532 
465156 
448541 
448073 
432708 
449323 
452448 
448646 
456146 
447344 
450000 
456198 
445521 
450312 
440052 
466302 
450781 
450677 
455417 
448125 
449635 
479218 
457344 
482968 
498855 
519270 
507917 
503177 
509740 
551562 
452552 
438489 
442917 
453229 
451354 
454010 
462708 
502500 
497500 
444791 
448958 
449375 
457291 
451093 
450625 
457343 
451250 
454166 
448750 
456875 
462136 
449791 
438021 
449063 
451563 
466563 
443593 
449427 
447864 
440208 
451146 
450000 
437552 
447865 
472917 
453802 
457239 
450572 
448802 
454687 
449375 
446458 
457812 
497032 
509531 
503021 
508229 
510573 
505156 
509740 
503177 
490834 
446458 
452396 
454948 
448281 
441667 
447136 
447813 
441198 
470990 
444218 
451354 
453594 
450937 
447813 
445625 
446719 
478802 
451146 
452605 
448333 
486927 
508281 
502500 
502760 
508021 
466042 
439114 
451354 
457136 
448594 
447500 
448802 
454531 
474792 
442135 
441875 
451198 
454844 
438855 
447240 
448229 
446771 
470990 
449479 
447917 
438437 
446980 
449636 
447344 
451667 
445313 
448438 
439896 
448333 
444428 
451302 
445521 
444010 
446302 
451562 
451770 
451250 
446979 
447760 
448021 
444635 
451041 
447916 
473802 
490469 
448854 
454271 
449219 
467968 
494219 
498333 
505989 
489584 
450417 
448906 
445052 
443333 
1155364 
459010 
479844 
441042 
450416 
446719 
445417 
452292 
446667 
446198 
458333 
464323 
453854 
459896 
446250 
445261 
453177 
452969 
440834 
444739 
449375 
443125 
445000 
452396 
438854 
445052 
447344 
455261 
446719 
458229 
440364 
446302 
447084 
445261 
453229 
446355 
446094 
474531 
427344 
443229 
445208 
451979 
444427 
444219 
450313 
444896 
471146 
451667 
453333 
450208 
447291 
452240 
446511 
442500 
441719 
472136 
451407 
450104 
459167 
450052 
444115 
452031 
442917 
444063 
446406 
450156 
444219 
443698 
451562 
445000 
444896 
452500 
444844 
446770 
445052 
437083 
445677 
449583 
453385 
446875 
445938 
445208 
458177 
448802 
446667 
439791 
446302 
476875 
502969 
499375 
506354 
449219 
441927 
448541 
455156 
438020 
446354 
443281 
445313 
470208 
451823 
444427 
451094 
447864 
444114 
446823 
452969 
444635 
445260 
453854 
448230 
447083 
451146 
446511 
443281 
445156 
453021 
446510 
446146 
452709 
447604 
447709 
442708 
456823 
445781 
446718 
459895 
448854 
454270 
440885 
455468 
463855 
490521 
524479 
498958 
445782 
452448 
447084 
446667 
447344 
455677 
446042 
446875 
455938 
446510 
445833 
445729 
450156 
444948 
447552 
452656 
445572 
459740 
455416 
443958 
447448 
461197 
454583 
446979 
445677 
485677 
449480 
446875 
445521 
453906 
446719 
446094 
457239 
447395 
464635 
469479 
495729 
504219 
496823 
505625 
497240 
498125 
487396 
442916 
439114 
448437 
457032 
448073 
439427 
454688 
449011 
450104 
452448 
444531 
446823 
446562 
453333 
447187 
445468 
452135 
432292 
445156 
441302 
449167 
444011 
447239 
453021 
459167 
456407 
458646 
444532 
451354 
447448 
437812 
448177 
449167 
451354 
446979 
456146 
448230 
440573 
446094 
448438 
455104 
446250 
447396 
472188 
456145 
450417 
448750 
454271 
445781 
447865 
454739 
451302 
473958 
445261 
444688 
447552 
446719 
451562 
446875 
445885 
446354 
464896 
451771 
448906 
452292 
446875 
445990 
453021 
446771 
447239 
460625 
439896 
451198 
445104 
453958 
449271 
449323 
446302 
439323 
449739 
454479 
455833 
447552 
448385 
447813 
445313 
447031 
473698 
443020 
447656 
446510 
456511 
450052 
448438 
447396 
458073 
500416 
503177 
512968 
502188 
501458 
501406 
510104 
499635 
489480 
441875 
446563 
450730 
464427 
451459 
449844 
448385 
454844 
452083 
1150260 
454636 
440052 
450937 
457760 
452031 
483698 
444740 
451198 
448282 
455208 
448750 
443698 
447865 
451875 
448073 
447552 
443906 
442396 
465000 
502135 
509428 
503125 
492500 
438489 
440625 
451354 
448593 
461146 
447604 
447708 
455469 
467032 
448646 
439843 
449739 
447240 
449844 
437604 
449896 
449218 
441822 
452136 
450834 
445104 
444166 
446406 
448959 
451042 
446042 
451354 
443542 
449010 
447760 
448490 
454896 
448750 
451354 
455469 
451511 
447291 
446875 
455312 
444635 
450312 
442291 
450156 
472552 
441771 
453021 
448698 
445625 
454062 
447656 
447447 
458073 
473906 
450105 
450937 
457656 
446511 
446823 
455729 
445156 
447032 
445104 
452813 
451250 
447396 
450677 
447968 
448958 
450886 
457709 
502500 
473333 
492552 
479739 
467604 
481823 
473021 
470677 
468385 
442031 
444271 
445417 
454844 
448750 
447083 
468021 
452239 
471667 
430469 
444480 
439896 
444323 
454011 
448802 
451198 
444010 
454896 
449323 
443750 
453802 
446302 
449531 
445468 
453645 
444896 
449583 
439844 
446563 
444583 
450989 
446875 
445729 
444531 
463855 
455833 
445781 
455261 
447656 
447344 
451041 
455312 
440313 
449636 
453698 
453021 
451198 
440885 
448645 
446406 
480833 
508438 
485677 
457604 
440208 
449375 
449271 
447916 
454167 
447657 
449896 
466198 
447500 
447552 
457292 
455156 
465625 
502760 
507395 
489270 
442500 
452865 
448542 
446979 
447708 
459584 
449271 
447708 
458073 
446042 
446823 
445052 
454844 
447708 
448229 
440781 
450625 
450052 
454479 
446615 
448542 
447604 
454739 
448958 
446771 
482291 
451198 
447395 
447656 
454271 
446198 
446511 
458021 
447188 
472969 
440833 
444010 
447240 
444531 
455782 
447448 
445417 
454011 
448385 
447604 
446042 
450417 
447083 
447760 
438750 
448020 
445104 
471823 
480261 
443541 
452812 
459062 
446823 
446302 
453281 
445833 
469843 
454479 
454219 
448906 
448802 
453594 
449011 
448386 
481875 
447187 
446927 
446093 
444635 
450000 
449583 
445156 
448490 
467448 
454635 
457344 
450000 
447500 
439427 
445260 
451250 
446562 
436614 
450365 
445573 
453906 
446979 
445521 
453906 
446146 
446979 
452396 
440520 
446354 
438073 
439323 
448177 
445729 
445573 
454167 
453750 
449219 
456406 
452135 
446875 
448750 
438958 
446406 
465052 
442865 
449791 
451615 
436146 
448958 
1144896 
442292 
459062 
450052 
442500 
448854 
450469 
448542 
439375 
448541 
447760 
454896 
452239 
457969 
440729 
446927 
449323 
446979 
448750 
477917 
454010 
452916 
447396 
456250 
456355 
508334 
505365 
503646 
505157 
449479 
459271 
441719 
448386 
449480 
446927 
454531 
449010 
442135 
439427 
445834 
449062 
449583 
455573 
446823 
449635 
481719 
453750 
449011 
447865 
454219 
451406 
446094 
442448 
449948 
472239 
440468 
454427 
452031 
451562 
454635 
449635 
447447 
440104 
463906 
502083 
506510 
513281 
499062 
497188 
522604 
504583 
481146 
438698 
446979 
449427 
445469 
439740 
450521 
447396 
454636 
453958 
450312 
456042 
439063 
447239 
448854 
456042 
455990 
474427 
457239 
464166 
498750 
511771 
513178 
502812 
504167 
542188 
448490 
441875 
448542 
440990 
453489 
450468 
454219 
450104 
471927 
450000 
453281 
447656 
450260 
455104 
444271 
448646 
454479 
451354 
451823 
452709 
454271 
446510 
448437 
455208 
446771 
447135 
455157 
464219 
500000 
505782 
510208 
502761 
500833 
510573 
474115 
450729 
444687 
439218 
450364 
457552 
454896 
449115 
449167 
453229 
455937 
447291 
447605 
433906 
457083 
451302 
444896 
474479 
451875 
448073 
457344 
449843 
448802 
440677 
447083 
451302 
472344 
451563 
453906 
448645 
452187 
448177 
450105 
445521 
452083 
434114 
450156 
444844 
450104 
447291 
455052 
448020 
448281 
449167 
460000 
452448 
449896 
454115 
447709 
450313 
447031 
442031 
448698 
458333 
457760 
449427 
447396 
437344 
449063 
449167 
447865 
478386 
468802 
502761 
516927 
502240 
498802 
501250 
508125 
517968 
448385 
447292 
451770 
448750 
447813 
441146 
448333 
449427 
477709 
449584 
449896 
452865 
483646 
497240 
504271 
507968 
527396 
442864 
446041 
451979 
449636 
447865 
455730 
448437 
448542 
478958 
449948 
446667 
453698 
452032 
465468 
496614 
510260 
543229 
448698 
443750 
447968 
448125 
445469 
436511 
448125 
448021 
438958 
453125 
448698 
440469 
448803 
445937 
447813 
454636 
444010 
470104 
439896 
449531 
450468 
450520 
458177 
451511 
446510 
451875 
446875 
449792 
448073 
453489 
447760 
448334 
455677 
450052 
448281 
457292 
445573 
445156 
448021 
443177 
446094 
449271 
452500 
447083 
454323 
444531 
452864 
448177 
447396 
451302 
445573 
454271 
484792 
449739 
446875 
444427 
440781 
1135781 
445781 
447916 
465052 
436562 
455364 
445156 
449792 
451927 
445885 
446823 
452396 
455417 
447605 
446927 
452917 
450729 
447969 
452864 
445989 
469948 
472708 
510781 
504687 
508750 
510833 
503438 
503958 
510677 
448073 
439896 
447031 
455052 
450000 
450052 
453959 
445833 
469271 
446510 
439063 
444792 
480260 
502812 
501614 
501146 
517761 
427813 
444844 
447604 
456197 
447865 
445104 
438125 
447761 
477083 
449479 
455365 
447448 
448906 
454323 
445989 
446042 
445625 
456666 
448385 
448958 
453802 
448698 
438490 
457656 
451198 
450312 
453021 
454271 
437813 
442656 
436875 
434166 
446667 
460157 
506615 
504583 
504740 
513906 
507500 
503125 
501042 
511562 
481719 
442240 
446250 
450573 
451979 
439636 
451823 
448698 
438750 
467188 
455365 
450313 
436823 
451354 
448073 
446875 
439322 
448750 
452292 
456094 
447656 
449166 
454166 
450156 
448802 
448437 
440365 
454375 
449167 
458021 
450520 
449010 
444895 
454844 
448178 
450365 
463958 
448229 
449010 
437552 
449791 
448855 
448489 
452812 
480417 
455573 
438906 
448334 
447760 
449062 
453594 
450261 
445312 
488490 
442343 
453542 
451719 
467761 
445729 
453125 
450990 
449219 
449166 
444062 
449323 
449010 
450833 
453750 
447240 
444427 
454739 
480105 
445833 
451198 
451407 
447917 
448854 
452864 
447917 
448229 
460938 
448386 
449166 
446094 
453698 
448750 
450000 
453855 
469896 
452084 
447865 
453542 
449531 
447239 
441927 
450104 
448698 
470000 
439375 
448073 
448489 
453230 
447500 
446510 
452657 
443698 
451927 
449062 
454948 
448750 
450156 
454375 
447865 
449167 
445312 
448229 
450729 
446250 
454011 
446979 
446302 
454844 
443906 
448438 
447813 
452865 
446459 
447448 
454896 
446927 
446666 
445521 
479166 
452031 
447084 
453802 
447604 
446458 
442292 
447813 
447656 
470104 
445625 
446042 
452136 
455989 
450364 
447084 
449844 
471406 
534948 
506198 
512396 
503645 
497604 
497500 
509792 
497605 
476563 
457760 
445104 
448438 
455677 
445990 
448125 
447188 
456042 
454271 
447917 
453386 
448385 
448490 
446146 
451250 
444895 
469062 
439948 
447813 
448750 
438854 
447865 
448021 
446615 
453229 
474739 
449010 
439740 
446406 
448438 
444636 
442031 
449844 
446719 
456927 
449166 
459739 
447083 
458073 
446094 
450469 
437240 
449063 
441875 
457500 
1155937 
457396 
440625 
450938 
449479 
485833 
451614 
449114 
441823 
442240 
450052 
449271 
441355 
447604 
428854 
441406 
448229 
449166 
450208 
455730 
451250 
449375 
441667 
450313 
452605 
450000 
456719 
451666 
450781 
454584 
450052 
449739 
483698 
451042 
453594 
449948 
455156 
448802 
449583 
455364 
467187 
455573 
450938 
456927 
452291 
448073 
449271 
470417 
501094 
535886 
448020 
446823 
449584 
441302 
450208 
452240 
452708 
448698 
458385 
448229 
457760 
450677 
446875 
441511 
447344 
448437 
478125 
439531 
449791 
456145 
469011 
502656 
505261 
518229 
514844 
458750 
445104 
455989 
447448 
449323 
441979 
447969 
452709 
473125 
442344 
448542 
450105 
455938 
450104 
451198 
456927 
449218 
473437 
450416 
440364 
449479 
449688 
456459 
448281 
448437 
448646 
428906 
453750 
449740 
443542 
450468 
451198 
458177 
441719 
460937 
541511 
517500 
504844 
504219 
517916 
501666 
500677 
499636 
460468 
440208 
449011 
456875 
452343 
447969 
448541 
454687 
476406 
450833 
427291 
452083 
452760 
441198 
450000 
448385 
448229 
464063 
453334 
447708 
437656 
447760 
447916 
449115 
441094 
448854 
451302 
455677 
452500 
448750 
454375 
449792 
447813 
447917 
453750 
453906 
448854 
452188 
445990 
447968 
444896 
441511 
447552 
448385 
472135 
447917 
449166 
449791 
439219 
448906 
446979 
454844 
476042 
451302 
455886 
481093 
501511 
505364 
513802 
502969 
501041 
464427 
440520 
446041 
449895 
459114 
483958 
500989 
512552 
483021 
456042 
450989 
449531 
451198 
449584 
455781 
450365 
453021 
463386 
448750 
449427 
448855 
452969 
447032 
452239 
456458 
471563 
450208 
440834 
450261 
454011 
468021 
497396 
512604 
514115 
489948 
455781 
447552 
448489 
455364 
448906 
448750 
441354 
476928 
450313 
447968 
457187 
449375 
446458 
453542 
446719 
446510 
476979 
450730 
451250 
456875 
463438 
504323 
503281 
510937 
544375 
432240 
478177 
463437 
447396 
457760 
447500 
453333 
449375 
493750 
445938 
450521 
461563 
444948 
453437 
451302 
459375 
450989 
465365 
447135 
440678 
447031 
449531 
454479 
448750 
451562 
451303 
453750 
446355 
446146 
440886 
448854 
447031 
445104 
448541 
474583 
450417 
439011 
450208 
444375 
452240 
443490 
444791 
444792 
455052 
452136 
446823 
457083 
449635 
452864 
455000 
449896 
453437 
471511 
1181302 
446927 
443125 
445052 
449843 
450521 
486302 
453489 
438333 
439427 
452448 
446614 
455677 
449584 
446823 
451354 
442605 
446927 
451510 
442553 
457188 
465260 
500469 
556563 
432760 
440677 
442552 
448386 
449583 
457291 
450208 
446928 
473229 
441563 
447969 
451406 
439323 
485468 
494583 
502032 
508489 
468854 
448438 
453125 
447709 
449218 
447292 
454375 
448333 
473958 
445208 
448177 
449844 
455365 
449166 
448593 
445937 
451927 
473542 
448646 
446771 
449688 
448645 
447239 
438333 
449532 
445052 
464011 
449063 
451459 
437708 
448906 
445782 
445782 
454010 
447552 
430833 
458958 
449010 
447552 
448177 
452240 
450469 
448281 
452344 
449687 
449167 
437448 
444427 
447084 
447604 
446458 
446979 
447344 
457188 
448750 
451302 
447031 
436406 
446719 
449584 
440260 
469844 
440208 
449583 
458646 
448229 
447136 
441771 
445625 
453646 
455052 
451302 
447865 
449063 
440833 
446302 
449531 
455312 
446250 
474375 
449792 
442761 
452136 
456354 
458021 
448906 
449167 
438542 
475625 
452500 
435365 
439063 
451823 
450156 
435260 
440313 
449427 
458490 
442448 
448594 
452865 
438593 
447604 
448333 
454063 
456979 
456250 
447552 
437812 
450052 
448073 
437344 
445573 
449635 
469115 
445625 
452448 
447292 
436198 
453333 
457969 
447709 
440521 
478438 
453489 
440209 
444584 
447240 
455781 
452239 
446250 
445625 
467344 
453541 
449635 
437240 
445677 
452083 
448125 
456510 
448281 
433906 
443229 
450052 
455938 
442969 
449479 
452291 
449114 
441562 
467865 
455313 
459635 
449428 
449948 
450625 
460886 
425208 
439479 
475156 
456927 
451979 
445469 
447656 
448646 
450261 
439323 
474740 
456250 
441198 
450937 
445469 
449896 
438802 
449063 
446458 
454791 
449792 
447136 
448594 
455729 
446927 
447604 
454636 
448698 
459583 
440312 
448073 
452604 
463959 
507188 
504896 
501615 
523177 
450938 
449948 
451198 
438125 
448073 
449636 
455833 
450885 
474584 
439010 
447916 
446562 
448125 
441198 
448021 
449479 
462708 
428750 
450364 
446927 
454792 
444584 
450208 
443750 
446719 
451666 
449271 
454011 
448490 
455261 
439791 
444010 
447969 
450885 
447031 
451302 
449479 
439167 
445990 
448803 
454063 
445573 
448854 
470000 
457552 
447865 
448594 
455937 
450573 
447552 
454011 
445729 
472292 
450677 
454114 
450156 
448855 
1159948 
442812 
481093 
442969 
451406 
449375 
453333 
447239 
449896 
456562 
447292 
468698 
442083 
444583 
449219 
448282 
438437 
449479 
451927 
444843 
475469 
440417 
458959 
447500 
461823 
452343 
450157 
438281 
453333 
456927 
441302 
450313 
448230 
442031 
450312 
451719 
457760 
444584 
455052 
448541 
439687 
451562 
449792 
448698 
452656 
448333 
469166 
439479 
449115 
447761 
456094 
448854 
449792 
450000 
438854 
472864 
451406 
443333 
451250 
450365 
448542 
453594 
452031 
454427 
429948 
449062 
449739 
439219 
453334 
448021 
449271 
453802 
450261 
453438 
444062 
447604 
449271 
448334 
438906 
451875 
447761 
454114 
457916 
457187 
453177 
457084 
453333 
454323 
445104 
454114 
482657 
444271 
450677 
448698 
451407 
457604 
459323 
451146 
440520 
475677 
457500 
470052 
508281 
499740 
504219 
517813 
502500 
510781 
451458 
447083 
450885 
447292 
458646 
447448 
451666 
453854 
431771 
455312 
452395 
439166 
451823 
449167 
455521 
447969 
448125 
452813 
440938 
450521 
453489 
457135 
452083 
449010 
455365 
446719 
451875 
448750 
447187 
451250 
456875 
457500 
448333 
449583 
475625 
445573 
450834 
448073 
457396 
450625 
447656 
463906 
500938 
486041 
440209 
456719 
451927 
451771 
439636 
447761 
449479 
448020 
465781 
447969 
448802 
456980 
448385 
451614 
439375 
449635 
452760 
449739 
439688 
452032 
449583 
451771 
449375 
449166 
447187 
480260 
455260 
451719 
455364 
451875 
449896 
447761 
438802 
448855 
493855 
515937 
505625 
504427 
509062 
501042 
499791 
502135 
471094 
437135 
443334 
457604 
451771 
447813 
449115 
441198 
451094 
432968 
440781 
448854 
450521 
458281 
447916 
449479 
450677 
456615 
459844 
452500 
437604 
449792 
448072 
448281 
439531 
455000 
456198 
491458 
487396 
496250 
469270 
490573 
482240 
464844 
428229 
447969 
446771 
456562 
448698 
447656 
453229 
464063 
453490 
446615 
469844 
503489 
510209 
500104 
512031 
513802 
502396 
560417 
447709 
438802 
445938 
450000 
453385 
464740 
510469 
501511 
493802 
453490 
447968 
449948 
454115 
440469 
450208 
452031 
440209 
456198 
450573 
455833 
451094 
450104 
450000 
453021 
452084 
487032 
443334 
451042 
449166 
446562 
456563 
449271 
447343 
440781 
474531 
451719 
449636 
441354 
450885 
448125 
439166 
447864 
450052 
466511 
450104 
448021 
1158646 
441041 
453958 
441771 
451459 
440365 
448282 
455208 
447031 
451459 
456719 
448541 
447760 
475677 
452604 
450730 
450729 
456719 
452969 
449531 
457760 
448125 
431093 
451198 
437917 
449584 
449583 
455833 
449479 
450052 
454948 
457188 
451927 
450052 
439584 
451094 
452396 
454323 
450156 
448802 
453698 
438386 
450833 
449270 
453959 
451354 
451563 
446355 
465000 
450625 
448906 
443907 
447448 
447084 
455521 
446979 
452448 
467917 
442656 
449896 
449427 
456406 
451042 
456927 
466458 
507500 
479792 
447917 
437761 
449115 
448750 
437240 
448698 
447917 
445313 
455573 
450312 
446771 
454167 
447344 
447553 
445521 
437969 
471042 
453490 
452812 
449428 
446302 
438958 
445885 
448021 
447031 
474062 
452864 
442604 
438698 
448333 
444115 
448802 
454011 
446615 
469896 
454948 
449583 
446146 
445937 
437448 
446093 
445469 
472031 
449011 
454948 
439166 
446198 
446458 
447344 
455156 
445781 
466875 
507552 
456979 
454375 
449896 
455261 
447656 
445990 
439948 
482239 
443594 
457448 
449635 
449948 
446927 
453750 
446719 
452240 
482657 
449688 
454896 
448750 
445781 
447552 
448906 
453437 
450885 
480105 
511563 
504271 
500469 
498593 
509270 
503542 
501198 
475781 
447500 
448229 
450677 
460989 
466198 
493334 
526510 
507500 
451718 
444219 
454323 
446875 
448281 
438750 
448178 
446042 
435938 
452344 
451667 
454480 
458489 
463282 
433177 
454166 
448385 
454740 
452760 
479532 
501719 
503854 
514166 
499584 
508125 
506615 
440104 
450834 
449844 
455833 
447291 
447864 
437708 
452344 
457500 
449219 
437448 
449323 
448594 
454791 
448855 
442031 
475885 
444427 
448490 
447761 
436667 
452292 
446458 
455677 
446563 
474375 
450052 
452292 
448073 
449375 
454480 
448229 
446875 
446771 
456198 
450104 
447969 
456563 
449740 
448437 
436510 
449948 
444896 
453125 
454427 
451406 
447344 
446771 
450052 
447396 
449166 
452604 
454115 
452447 
457187 
461354 
495157 
513646 
503229 
501511 
532760 
441250 
455937 
449791 
453489 
454687 
465469 
505416 
533750 
446041 
443177 
453125 
447395 
450885 
445885 
455000 
448594 
467813 
441302 
447760 
449636 
453854 
479270 
497864 
503594 
542396 
453437 
446615 
440782 
449010 
453646 
448646 
457500 
448489 
471198 
442448 
450313 
448958 
438906 
449375 
448021 
449479 
455209 
451458 
1159479 
442188 
450365 
446407 
440052 
447292 
459844 
443073 
453490 
447865 
440886 
448177 
449270 
447187 
437343 
446875 
451875 
455104 
448646 
446771 
449167 
455990 
448959 
449375 
425937 
449843 
447604 
447553 
452657 
445833 
447240 
455833 
448282 
448385 
457917 
450104 
447968 
448541 
440677 
448437 
448385 
452968 
450312 
451094 
449114 
452864 
461614 
494010 
508437 
502135 
508281 
444896 
445053 
447344 
451459 
454167 
447344 
448177 
436666 
429843 
451823 
447708 
436563 
447032 
451250 
441927 
451250 
447395 
464010 
449322 
451354 
449479 
454948 
449583 
450886 
454063 
448073 
450833 
450157 
437760 
448750 
447865 
453854 
448802 
452292 
475000 
445468 
447448 
446563 
438229 
451511 
447917 
457760 
447240 
474532 
449166 
439635 
448698 
448177 
438125 
447917 
447032 
447396 
457188 
451927 
446094 
436563 
448281 
446927 
455157 
443490 
447865 
443855 
443907 
451354 
444375 
435990 
447291 
444948 
448906 
439531 
447448 
448385 
438646 
448594 
448073 
454427 
448438 
445729 
455156 
467187 
450156 
447812 
440781 
450104 
447240 
448958 
453490 
447396 
453282 
453802 
451562 
445990 
447969 
439792 
448073 
448333 
476250 
445469 
452552 
455729 
444896 
448125 
445938 
455156 
449323 
454531 
455364 
446615 
447760 
447605 
450625 
435989 
439792 
438229 
449635 
451771 
442812 
447656 
447448 
447500 
453802 
449739 
449271 
448698 
448958 
448906 
448386 
440417 
449532 
449479 
439480 
449219 
451979 
446042 
455782 
448541 
449583 
452916 
447500 
445521 
475886 
451562 
447083 
449323 
455833 
449323 
448333 
456094 
445417 
470938 
453282 
438958 
445520 
446510 
451459 
449844 
451771 
453802 
452240 
448594 
446666 
455833 
435521 
438282 
448437 
446667 
448542 
455417 
450989 
442865 
448177 
452969 
447604 
442291 
445208 
439687 
439739 
434427 
452240 
447812 
446041 
455677 
450261 
446719 
449895 
456510 
449792 
450000 
453593 
449323 
446719 
444791 
452448 
469271 
430625 
455000 
447656 
446094 
451875 
447344 
447344 
445053 
462500 
441511 
440156 
441979 
444427 
445729 
439479 
438385 
453021 
446145 
447917 
448282 
448958 
451354 
448594 
445937 
451927 
438959 
456458 
449948 
454531 
451771 
449115 
446875 
451979 
447917 
448073 
432708 
447396 
447083 
444531 
449532 
446094 
447292 
453646 
446459 
451615 
438490 
445313 
1136979 
443698 
452031 
450677 
465990 
451719 
458489 
448541 
453489 
450104 
449896 
437292 
450938 
455729 
441979 
448959 
457604 
449219 
454739 
447135 
448177 
460052 
460416 
453645 
453281 
439322 
455833 
452864 
457239 
446823 
475417 
450781 
454635 
451198 
451667 
439062 
449375 
445729 
438177 
476041 
452969 
492239 
510781 
500313 
511042 
528437 
509114 
512135 
455312 
445573 
445677 
448803 
438021 
448542 
455781 
455625 
427917 
451510 
447760 
455052 
447917 
449062 
439687 
451979 
453958 
450729 
456042 
456927 
449479 
453698 
451823 
450364 
449480 
454115 
451406 
448125 
457292 
454375 
446979 
447812 
449271 
443490 
493958 
516406 
504427 
500781 
508959 
511771 
499479 
507708 
490416 
453021 
448073 
454323 
448333 
454531 
442916 
448854 
453177 
450781 
438125 
449011 
451458 
446302 
444115 
449479 
455312 
455312 
444115 
452500 
456979 
450573 
454583 
440052 
453802 
450313 
449219 
458021 
448593 
453645 
447292 
452032 
455885 
451770 
439062 
477344 
458177 
461510 
448385 
448489 
455625 
452708 
461875 
