7150233 
7049255 
7039673 
7073628 
7053943 
6988690 
7005354 
6982597 
6978014 
6982909 
7022644 
7000408 
6991398 
6972755 
6710703 
4958413 
5115113 
4967736 
4975807 
4967579 
4950602 
4929354 
4941957 
4943728 
4968620 
4933781 
5023458 
4960236 
4947373 
4896025 
4987368 
4954820 
4958309 
4950029 
4948987 
4974662 
4942218 
5029759 
5117613 
5270459 
5250722 
4951800 
4993826 
4961018 
4958934 
4971850 
4979869 
4968100 
4946384 
4947165 
4945603 
5057256 
4981015 
4960757 
4951071 
4941488 
4982212 
4953414 
5331129 
5034342 
4967631 
5029394 
5144068 
6126919 
5394038 
4921856 
4967995 
4963465 
5027259 
5025749 
4968152 
4931125 
5252753 
5028874 
4994502 
4952893 
4968568 
4943050 
5032831 
4949873 
4967110 
4981380 
4971745 
4952321 
4981328 
5001429 
4975235 
4996951 
5013823 
4951539 
4913991 
4955601 
5075014 
5056162 
4950289 
4950967 
4989034 
5011897 
4959299 
5029082 
5051788 
4964142 
5149119 
4986900 
4990857 
5119331 
5180574 
5221351 
5179272 
4978359 
4933468 
4993461 
4984087 
4982213 
4936280 
5004924 
4950052 
4958955 
4927449 
4086141 
3970581 
3950635 
3953395 
3943917 
4031511 
3987506 
3945167 
4008597 
3922773 
3954958 
4023804 
3939283 
5056444 
3972143 
3929908 
3915899 
4009326 
4026147 
4020315 
3983184 
3945323 
3948813 
3928710 
3980267 
3959957 
4086401 
4104107 
4111502 
4058592 
4759344 
4048124 
3980527 
4015055 
3970477 
3985006 
3965113 
3972351 
3982454 
3982455 
4226124 
4186909 
4086349 
3988495 
3978549 
3973133 
4003545 
4066819 
4063331 
3931054 
3982975 
3983080 
3969591 
3975059 
3961050 
3856271 
3989797 
3956259 
4006670 
3984693 
4058487 
4003025 
3935064 
4079422 
4056144 
4072235 
3976257 
3922982 
3937511 
3905640 
3989016 
3964748 
3972872 
3934856 
3945739 
3963654 
3986725 
3978132 
3971206 
4139780 
4496405 
4091036 
3931262 
3941730 
3959697 
3944386 
3975216 
3858823 
3427675 
3383305 
3370494 
3457723 
3392627 
3357267 
3492459 
3421062 
3403511 
3608018 
3365599 
3374504 
3368254 
3375493 
3396897 
3435903 
3418562 
3378202 
3410229 
3542505 
3370494 
3390076 
3388722 
3372629 
3384502 
3353933 
3373306 
3366797 
3392002 
3371328 
3373931 
3370130 
3402782 
3536621 
3385075 
3364974 
3556618 
3435590 
3339560 
3490637 
3382160 
3399501 
3373566 
3381118 
3369192 
3399761 
3376795 
3453870 
3423092 
3367421 
3406115 
3367109 
3380129 
3352996 
3422571 
3367577 
3382993 
3386325 
3398876 
3372160 
3376900 
3415697 
3500792 
3437518 
3432778 
3526674 
3343414 
3368255 
3430174 
3377160 
3473399 
3373515 
3387263 
3350392 
3410594 
3396012 
3390492 
3409552 
3369193 
3363620 
3326437 
3519123 
3510894 
3327894 
3560941 
3353465 
3380597 
3373931 
3388825 
3379607 
3365911 
3372369 
3396376 
3384816 
3404292 
3414708 
3375546 
3392783 
3366275 
3358881 
3434341 
3465118 
3409969 
3361953 
3474440 
3372890 
3379348 
3357527 
3377941 
3398408 
3371901 
3441631 
3399657 
3352007 
3406271 
3400282 
3386794 
3402990 
3397418 
3381222 
3392575 
3450433 
3411062 
3367421 
3362890 
3359714 
3380181 
3371067 
3371380 
3370286 
3357527 
3373150 
3371536 
3396324 
3405230 
3409708 
3389033 
3383514 
3369661 
3391117 
3357892 
3409916 
3368099 
3450016 
3424446 
3347840 
3360339 
3396220 
3420801 
3368672 
3411427 
3386221 
3397522 
3372056 
3391533 
3364765 
3390752 
3379503 
3374712 
3388409 
3395752 
3354975 
3377680 
3386325 
3391586 
3385597 
3381899 
3776332 
3678583 
3452672 
3401168 
3385440 
3399084 
3384242 
3373566 
3473607 
3456057 
3485897 
3454079 
3529590 
3356485 
3358412 
3440851 
3412314 
3368583 
3369051 
3416805 
3353583 
3395245 
3402953 
3377278 
3391755 
3396234 
3362124 
3383267 
3391027 
3028932 
3064032 
2994769 
3025234 
3044712 
2961543 
3024349 
2953055 
2996176 
3053044 
3047264 
4117560 
3038671 
3053981 
2996331 
3022891 
2950607 
3088456 
3029505 
3009924 
3022786 
3011850 
3045232 
2992790 
3032734 
3031796 
3040077 
3139336 
3136160 
2991644 
3028567 
3057106 
3024922 
2986281 
3051586 
3040598 
3073198 
3039243 
3040753 
2987061 
3022786 
2994301 
3052263 
3039920 
3035702 
3012997 
3080853 
3027370 
3076895 
3027057 
3040597 
3022370 
3057523 
3030963 
3035337 
3047575 
3020026 
3115953 
3010184 
3018412 
3092258 
3038358 
3029505 
3038879 
3043357 
3026119 
2995811 
3052575 
3005861 
3058355 
3018724 
3043670 
3027370 
3025755 
3019870 
3093768 
3043097 
3030338 
3025859 
3010809 
3032317 
3027630 
3019662 
3031484 
3062783 
3026120 
3020808 
3786868 
3042003 
3062001 
2990759 
3036640 
3025339 
3052783 
3037473 
3024297 
3029713 
3022526 
3013934 
3035806 
3038566 
3067313 
3036379 
3031380 
3031379 
3056272 
3028411 
3061741 
3053929 
2982843 
3031483 
3013048 
3040597 
3010340 
3054137 
3021017 
3036952 
3035702 
3018204 
3015600 
3031588 
3032890 
3052627 
3007945 
3053148 
3015444 
3010705 
3029661 
2989248 
3028463 
3062886 
3085228 
3141159 
2958523 
3064657 
3053981 
3037941 
3039347 
3052887 
4073815 
3118297 
3024140 
3022890 
2990551 
3083093 
3034296 
3028359 
3035702 
3066479 
3030285 
3059710 
3028776 
3071219 
3054606 
3018620 
3035598 
3030911 
3069188 
3001904 
3044451 
3092466 
3107673 
3030390 
3001226 
3352177 
3282445 
3124703 
3059033 
3057679 
3050752 
3164855 
3002476 
3018308 
2997894 
3052836 
3027161 
3069605 
3029974 
3104080 
3045961 
3040389 
3000966 
3030130 
3074240 
3454040 
3505181 
3414826 
3405504 
3404723 
3428210 
3425398 
3403213 
3419930 
3395713 
3409306 
3407327 
3418576 
3262500 
3201725 
3187352 
3218129 
3198548 
3194643 
3316504 
3428054 
3294892 
3275571 
3212765 
3292340 
3174071 
3185685 
3182457 
3215474 
3192664 
3206412 
3446958 
3373841 
3372070 
3636260 
3454509 
3421648 
3438209 
3314420 
3197142 
3215577 
3173916 
3300829 
3264635 
3185216 
3184019 
3201360 
3399411 
3386080 
3173135 
3382798 
3239898 
3200579 
3286507 
3440761 
3381445 
3345615 
3308224 
3197715 
3195684 
3184695 
3181727 
3226253 
3448364 
3431491 
3222504 
3182457 
3282550 
3544916 
3473987 
3426595 
3406650 
3412171 
3406129 
3395818 
3424877 
3443417 
3482579 
3498723 
3423315 
3444562 
3383632 
3450187 
3427638 
3291871 
3175738 
3255677 
3280154 
3469664 
3268644 
3226671 
3205787 
3197975 
3194798 
3225160 
3173916 
3203444 
3183967 
3185581 
3180737 
3188601 
3199434 
3187195 
3190684 
3208547 
3153136 
3289632 
3254427 
3206464 
3230993 
3201100 
3192611 
3204589 
3195528 
3191309 
3403734 
3447427 
3420555 
3398838 
3395358 
3448952 
3335526 
3402706 
3424319 
3407289 
3410882 
3414527 
3430515 
3448535 
3398540 
3440827 
3387499 
3472803 
3429474 
3456919 
3430256 
3450774 
3406195 
3412393 
3474000 
3403123 
3345889 
3482385 
3449472 
3408851 
3403539 
3417288 
3402394 
3456502 
3431765 
3434942 
3399894 
3266940 
3172002 
3201270 
3204291 
3186167 
3175231 
3240692 
3374792 
3388125 
3186583 
3569824 
3231475 
3116904 
3315476 
3381042 
3319851 
3368283 
3315528 
3322455 
3326620 
3377969 
3328339 
3351878 
3415048 
3349691 
3332609 
3371720 
3332193 
3369325 
3315684 
3313185 
3383854 
3397811 
3343962 
3409424 
3426349 
3374689 
3363127 
3391041 
3378334 
3226736 
3123205 
3135912 
3136016 
3201530 
3131694 
3128517 
3122632 
3167680 
3165804 
3143411 
3202936 
3363908 
3234755 
3262148 
3333703 
3380729 
3332140 
3338598 
3358180 
3351722 
3320944 
3338026 
3301103 
3330214 
3322871 
3352399 
3334277 
3355367 
3316258 
3322246 
3312299 
3358231 
3322194 
3381302 
3321465 
3342192 
3129507 
3281625 
3309435 
3386094 
3358336 
3322403 
3366200 
3374323 
3316413 
3359899 
3332661 
3331880 
3324590 
3372189 
3324954 
3352816 
4129191 
3328079 
3345213 
3345316 
3372553 
3347399 
3312247 
3351253 
3329485 
3345056 
3338650 
3367501 
3325684 
3305008 
3333547 
3336463 
3372918 
3340474 
3319278 
3340734 
3303966 
3335318 
3340733 
3357138 
3359482 
3365262 
3327245 
3336098 
3347869 
3340682 
3308081 
3364846 
3329537 
3351774 
3344640 
3360367 
3316778 
3299540 
3348597 
3365887 
3329745 
3377917 
3340109 
3392395 
3410674 
3365106 
3296259 
3365159 
3344900 
3330110 
3309279 
3307925 
3313184 
3362502 
3335630 
3331047 
3315944 
3345733 
3340473 
3355628 
3346202 
3329589 
3321674 
3374480 
3338234 
3392030 
3377553 
3347243 
3346410 
3339223 
3339953 
3357399 
3337452 
3333964 
3332297 
3337661 
3315528 
3413799 
3325631 
3350420 
3353962 
3342869 
3317507 
3341463 
3386927 
3368752 
3354534 
3358961 
3357294 
3433900 
3427964 
3404009 
3373178 
3282250 
3142942 
3133152 
3206529 
4227825 
3398488 
3370366 
3353181 
3328860 
3312247 
3369845 
3351098 
3330423 
3349743 
3341828 
3340525 
3372501 
3419528 
3410622 
3317507 
3334068 
3528839 
3347087 
3355523 
3368804 
3295322 
3508736 
3782718 
3467490 
3345160 
3356565 
3443066 
3469002 
3304123 
3319903 
3287354 
3307300 
3319746 
3353961 
3376667 
3275377 
3295270 
3324590 
3355315 
3363387 
3276054 
3479104 
3869062 
3689446 
3607997 
5044456 
3675697 
3848231 
3752461 
3809798 
4094037 
3571802 
3449889 
3661064 
4022900 
4230274 
3871770 
3796778 
4259437 
3832920 
3896039 
3564512 
4075967 
3614610 
3752617 
3844638 
4318337 
4263030 
4071176 
6811678 
5173888 
3956309 
3858818 
4316167 
3503335 
3841998 
4428447 
3350121 
3919229 
3727061 
4622698 
3481879 
3299710 
3742320 
3733832 
3163734 
3510261 
3228050 
2899699 
2890169 
2970942 
2968129 
2906209 
2896783 
2879754 
2926624 
2870223 
2853402 
2936467 
2862308 
2852048 
2812468 
2609781 
2808459 
2780650 
2522915 
2567598 
2665973 
2609574 
2801689 
2654933 
2794606 
2757266 
2787003 
2716281 
2773983 
2757475 
2879285 
2760911 
2808771 
2876785 
2814969 
2734560 
2802939 
2763568 
2775598 
2741538 
2800387 
2736174 
2786429 
2736018 
2796845 
2783513 
2807208 
2750808 
2775910 
2730081 
2805386 
2733675 
2771379 
2767733 
2775910 
2724197 
2776952 
2740289 
2810334 
2747580 
2771691 
2723259 
2769608 
2752995 
2776587 
2729092 
2901678 
2870431 
2785232 
2737737 
2775806 
2769244 
2771275 
2763307 
2775598 
2739716 
2777629 
2735446 
2783253 
2755391 
2779139 
2769817 
2787211 
2753048 
2796950 
2760859 
2787106 
2760651 
2786117 
2786274 
2795751 
2786274 
2785388 
2748517 
2812000 
2758933 
2791586 
2765703 
2799814 
3246643 
3060880 
2856579 
2764661 
2740341 
2787159 
2740028 
2831060 
2747111 
2786065 
2735601 
2779191 
2787315 
2790492 
2777003 
2813666 
2797522 
2837674 
2754401 
2801949 
2746017 
2804240 
2780285 
2782941 
2769765 
2766796 
2728779 
2789763 
2743674 
2785180 
2752631 
2779243 
2732061 
2795439 
2741643 
2780701 
2737112 
2792159 
2730238 
2857933 
2902720 
2751121 
2758464 
2800855 
2788565 
2828353 
2723676 
2814291 
2749871 
2801897 
2777160 
2753100 
2766067 
2835799 
2753881 
2782733 
2755756 
3581347 
2757475 
2781899 
2740288 
2761380 
2885847 
2801688 
2776379 
2773306 
2756850 
2821583 
2736226 
2780649 
2733987 
2768307 
2824707 
2798772 
2796220 
2792262 
2832623 
2924749 
2751433 
2779816 
2630769 
2800334 
2747840 
2799866 
2800908 
2784295 
2752684 
2815437 
2758100 
2811167 
2783514 
2771379 
2764400 
2753516 
2774399 
2764140 
2741799 
2768150 
2757475 
2777941 
2714875 
2785753 
2714405 
2783461 
2730030 
2767526 
2730133 
2969640 
2813718 
2777628 
2708052 
2757266 
2704147 
2800647 
2721592 
2652381 
2749089 
2727218 
2747319 
2798876 
2761953 
2795439 
2771535 
2824187 
2764870 
2796013 
2756589 
2781794 
2743465 
2826530 
2756068 
2676390 
2795127 
2779660 
2844861 
2791950 
2773150 
2795960 
2733049 
2864234 
2749298 
2746070 
2707948 
2800074 
2760912 
2697272 
2736852 
2778879 
2771484 
2815281 
2721437 
2781535 
2789086 
2764557 
2801377 
2786273 
2780440 
2926311 
2774035 
2817364 
2738049 
2729092 
2793929 
2798460 
2736070 
2773202 
2731904 
2793356 
2737060 
2775390 
2732320 
2786482 
2772421 
2790804 
2739507 
2817260 
2733727 
2775025 
2757527 
2839601 
2760547 
2772420 
2734560 
2789086 
2748413 
2792003 
2722738 
2787628 
2785544 
2760235 
2735341 
2784867 
2735238 
2879181 
2802261 
2821999 
2760391 
2787263 
2790076 
2797522 
2647277 
2814187 
2731123 
2771171 
2804709 
2786846 
2776951 
2786794 
2767109 
2786430 
2745809 
2794918 
2770546 
2770650 
2762526 
2789919 
3182795 
2849913 
2859703 
2755339 
2763307 
2781066 
2733102 
2835071 
2746069 
2767785 
2766171 
2789710 
2785544 
2792783 
2749142 
2921207 
2761120 
2825748 
2754770 
2826855 
2748891 
2796282 
2773057 
2802377 
2797013 
2823989 
2742696 
2816594 
2732540 
2780764 
2773474 
2774359 
2775036 
2779775 
2786493 
2774619 
2726030 
2772380 
2763630 
2788159 
2758527 
2784358 
2791544 
2790659 
2783212 
2758788 
2745976 
2898878 
2930124 
2849820 
2899242 
2807897 
2748632 
2768890 
2737383 
2795555 
2742226 
2781129 
2732905 
2774098 
2773942 
2780504 
2787638 
2794774 
2782535 
2771182 
2760194 
2786545 
2798576 
2769672 
2739987 
2797794 
2759725 
2775765 
2740404 
2836801 
2752799 
2779515 
2814303 
2905700 
2715406 
2782275 
2721239 
2772015 
2774046 
2809616 
2747434 
2778577 
2783628 
2774463 
2608854 
2824667 
2746132 
2604427 
2696971 
2772536 
2750819 
2801074 
2744674 
2801023 
2795867 
2834509 
2780400 
2787431 
2770036 
2752590 
2773369 
2788003 
2741654 
2835550 
2764203 
2812792 
2741966 
2802429 
2757486 
2783577 
2745768 
2820188 
2740144 
2787274 
2740300 
2802220 
2774619 
2669891 
2792638 
2761235 
2789774 
2772848 
2763787 
2791388 
2755454 
2788368 
2747174 
2802273 
2768266 
2776963 
2744413 
2814823 
2747278 
2775557 
2763474 
2770765 
2750142 
2767484 
2568130 
2568598 
2621197 
2602032 
2605522 
2629790 
2604948 
2585992 
2622863 
2604324 
2564379 
2651558 
2616406 
2604949 
2594220 
2627499 
2557766 
2598179 
2573702 
2588440 
2630154 
2630050 
2591408 
2632082 
2620519 
2645101 
2572243 
2607136 
2596825 
2559120 
2483554 
2453974 
2444391 
2426529 
2420331 
2401219 
2440642 
2401115 
3200618 
2480221 
2399553 
2405021 
2421009 
2481054 
2472931 
2410072 
2419186 
2431841 
2429289 
2461734 
2429757 
2438299 
2409344 
2484127 
2386793 
2388720 
2438923 
2397157 
2392105 
2471525 
2418092 
2410697 
2396845 
2453193 
2452724 
2423039 
2404031 
2417884 
2412781 
2428195 
2389605 
2437622 
2458661 
2483033 
2440121 
2453401 
2388512 
2438559 
2391324 
2645362 
3167288 
2530841 
2580471 
2645934 
2569327 
2564484 
2591096 
2567296 
2535841 
2590471 
2583075 
2575421 
2594273 
2539434 
2601147 
2577400 
2659058 
2677701 
2575004 
2621613 
2597241 
2566359 
2618593 
2521155 
2572139 
2580576 
2598334 
2537038 
2616458 
2570890 
2588388 
2556828 
2561880 
2618229 
2578910 
2563702 
2563078 
2620364 
2574378 
2573962 
2626144 
2538914 
2588596 
2602501 
2594117 
2587555 
2577400 
2570056 
2581409 
2560838 
2560786 
2551360 
2584170 
2565005 
2614218 
2593804 
2574743 
2516728 
2575681 
2576462 
2595523 
2627290 
2570057 
2599949 
2595835 
2564849 
2614427 
2630154 
2551256 
2569900 
2547403 
2590419 
2573285 
2566254 
2575680 
2589950 
2519853 
2567244 
2542299 
2576462 
2535893 
2602449 
2533081 
2593023 
2548912 
2613698 
2541153 
2554849 
2592294 
2612969 
2524019 
2576723 
2558964 
2580055 
2541726 
2660568 
2521363 
2604011 
2580733 
2590887 
2612917 
2590471 
2573128 
2588701 
2583649 
2607552 
2534956 
2504958 
2587867 
2594533 
2532612 
2562765 
2558704 
2557402 
2539903 
2586722 
2598595 
2575941 
2567401 
2627706 
2530321 
2582243 
2554954 
2584221 
2561567 
2567504 
2561412 
2568233 
2521467 
2571254 
2573129 
2570160 
2556620 
2633279 
2556672 
2580264 
2591513 
2560266 
2541726 
2566463 
2575941 
2576775 
2538809 
2563703 
2571202 
2548652 
2544121 
2604844 
2539330 
2595627 
2565213 
2563391 
2537455 
2564692 
2521780 
2467150 
2526831 
2570316 
2572348 
2576982 
2536257 
2542924 
2551829 
2593075 
2538497 
2621405 
2540632 
2579951 
2535633 
2593960 
2516311 
2593492 
2572972 
2570264 
2553812 
2570380 
2562723 
2579180 
2513145 
2579023 
2546527 
2567098 
2540746 
2607771 
2538194 
2604073 
2570587 
2576993 
2555589 
2617770 
2529966 
2562984 
2583451 
2588867 
2543976 
2560536 
2544027 
2597772 
2521477 
2553714 
2563088 
2575274 
2545381 
2607980 
2550120 
2586263 
2561994 
2564442 
2564390 
2590429 
2551006 
2610688 
2540902 
2579857 
2572201 
2594699 
2552568 
2591574 
2553922 
2574232 
2551422 
2606678 
2542465 
2570796 
2540799 
2581055 
2565223 
2568660 
2517155 
2570118 
2552933 
2609594 
2569025 
2996224 
2691982 
2622665 
2539132 
2603032 
2568556 
2584440 
2565015 
2573139 
2545589 
2578242 
2549964 
2588762 
2505906 
2601313 
2567462 
2525019 
2540330 
2599022 
2579753 
2604074 
2574337 
2594907 
2540070 
2544340 
2564598 
2584856 
2535330 
2568869 
2504812 
2594023 
2613760 
2497521 
2536163 
2542361 
2570951 
2581732 
2563661 
2591679 
2543871 
2614853 
2534028 
2581576 
2577097 
2562098 
2544964 
2612614 
2501583 
2578139 
2552151 
2601417 
2619697 
2595324 
2560067 
2607459 
2578608 
2580951 
2608761 
2587773 
2535278 
2605063 
2547412 
2583086 
2551630 
2550485 
2554130 
2586262 
3336972 
2464192 
2579649 
2584909 
2533299 
2546944 
2561005 
2579649 
2557568 
2561265 
2612615 
2578972 
2534184 
2556162 
2572358 
2717239 
2655839 
2562776 
2574025 
2540329 
2521425 
2524289 
2523977 
2638237 
2534965 
2512416 
2527518 
2559495 
2547777 
2471899 
2513770 
2508145 
2451796 
2487627 
2462004 
2531112 
2528768 
2558609 
2577774 
2558505 
2580743 
2573348 
2598137 
2590012 
2578607 
2617041 
2536788 
2595116 
2587616 
2597877 
2579962 
2595325 
2576993 
2580586 
2494448 
2583034 
2586106 
2557619 
2585742 
2620322 
2576368 
2559234 
2573243 
2587877 
2576107 
2566629 
2594231 
2595116 
2604022 
2552308 
2579441 
2554079 
2576628 
2569806 
2589231 
2557672 
2611677 
2543871 
2602720 
2557359 
2600376 
2568660 
2649486 
2731249 
2542465 
2614333 
2627978 
2553870 
2598189 
2604907 
2583920 
2580638 
2549027 
2561318 
2573347 
2565067 
2621468 
2592825 
2569702 
2565067 
2603917 
2543610 
2562671 
2589700 
2621780 
2593033 
2594700 
2478408 
2663964 
2641205 
2613292 
2572097 
2565640 
2585638 
2564911 
2618812 
2575899 
2606105 
2568191 
2542829 
2549131 
2566057 
2560119 
2570795 
2573555 
2606260 
2588450 
2844884 
2839415 
2846967 
2840509 
2875818 
2843738 
2841759 
2840666 
2787493 
2850143 
2860715 
2880609 
2867642 
2948260 
2865142 
2896911 
2883161 
2906909 
2833322 
2860195 
3031064 
2892171 
2898680 
2855040 
2957425 
2955342 
2950811 
2919252 
2889775 
2905346 
2881443 
2987058 
3007681 
2942582 
3397435 
3037573 
2454661 
2542413 
2591679 
2570066 
2572879 
2601261 
2438360 
2402009 
2406123 
2447995 
2426070 
2566265 
2603344 
2624748 
2522467 
2447213 
2433309 
2401124 
2437319 
2392427 
2429976 
2429975 
2418571 
2425132 
2436329 
2436173 
2387376 
2444505 
2408936 
2525644 
2597147 
2627144 
2451901 
2409769 
2419612 
2570119 
2546631 
2575899 
2510645 
2398677 
2397115 
2425601 
2499032 
2498928 
2430288 
2381855 
2422164 
2438517 
2447317 
2403520 
2423934 
2420758 
2414925 
2494970 
2440339 
2385448 
2431902 
2440079 
2443620 
2438360 
2433152 
2415498 
2454921 
2379303 
2417997 
2430444 
2418987 
2421122 
2438308 
2407426 
2384355 
2454348 
2417112 
2377325 
2442110 
2407843 
2426018 
2412217 
2436537 
2409196 
2440287 
2408831 
2443621 
2424403 
2417060 
2443099 
2432267 
2433153 
2411852 
2428934 
2395760 
2381543 
2418102 
2397062 
2442578 
2424247 
2416435 
2395448 
2414925 
2397541 
2430038 
2424776 
2401185 
2377282 
2454253 
2442536 
2394364 
2432016 
2403425 
2417642 
2430610 
2391707 
2421548 
2406602 
2378636 
2417330 
2446233 
2417903 
2421757 
2434360 
2401342 
2396186 
2406706 
2432589 
2400196 
2464721 
2392384 
2385197 
2457535 
2408581 
2411757 
2403789 
2436547 
2414465 
2426027 
2579034 
2539871 
2484564 
2402643 
2405613 
2402644 
2432068 
2363846 
2309527 
2380198 
2397124 
2414102 
2327599 
2384729 
2356190 
2396030 
2411810 
2370459 
2491282 
2488522 
2397176 
2411758 
2407383 
2596897 
2421392 
2443473 
2416757 
2414049 
2373115 
2367908 
2361033 
2382489 
2402018 
2379053 
2406810 
2465815 
2391082 
2392384 
2330671 
2392489 
2374365 
2429360 
2400612 
3165542 
2373584 
2429933 
2396811 
2372126 
2381291 
2428266 
2403268 
2378219 
2330098 
2431651 
2402800 
2369418 
2393634 
2328848 
2371241 
2423528 
2358950 
2421861 
2399623 
2407330 
2357075 
2357179 
2419725 
2349888 
2415195 
2499354 
2480970 
2474929 
2405404 
2645018 
2945979 
2718032 
2686472 
2718032 
2734592 
2468627 
2447014 
2395300 
2402436 
2430714 
2396186 
2394259 
2325151 
2390562 
2398530 
2384261 
2404623 
2347857 
2377281 
2351868 
2333171 
2374418 
2353169 
2357335 
2324995 
2378948 
2408841 
2365303 
2399154 
2390718 
2356189 
2452587 
2356502 
2410351 
2375042 
2647830 
2670432 
2428892 
2403997 
2469357 
2342754 
2404779 
2339316 
2371709 
2392697 
2405039 
2395926 
2393686 
2378896 
2385822 
2384781 
2395509 
2379469 
2537266 
2410872 
2445870 
2356711 
2410351 
2433735 
2468939 
2386447 
2397019 
2401707 
2440922 
2413477 
2357596 
2365772 
2373219 
2376501 
2408789 
2432589 
2432641 
2383739 
2363741 
2512061 
2362335 
2388114 
2397071 
2357648 
2430974 
2346138 
2386968 
2403217 
2423684 
2356398 
2392020 
2331244 
2401654 
2387228 
2432589 
2413945 
2343586 
2431339 
2471231 
2406445 
2342285 
2379000 
2403112 
2398999 
2413320 
2404623 
2392541 
2331870 
2400561 
2355721 
2391291 
2331765 
2390510 
2418997 
2398686 
2334682 
2345462 
2387593 
2397696 
2313590 
2425767 
2399728 
2374105 
2387853 
2347961 
2318849 
2367127 
2381344 
2371761 
2246252 
2398529 
2359732 
2357440 
2459566 
2397436 
2377594 
2377334 
2432276 
2439723 
2334733 
2334629 
2384833 
2407175 
2413216 
2388166 
2346555 
2425298 
2368636 
2382073 
2323693 
2404049 
2459982 
2372178 
2380927 
2388010 
2349680 
2430870 
2387802 
2386812 
2348742 
2418371 
2425558 
2400873 
2390926 
2383531 
2407175 
2440922 
2342180 
2384417 
2313902 
2378010 
2419100 
2402644 
2376188 
2372491 
2420351 
2436339 
2329421 
2344888 
2368428 
2424100 
2355253 
2409362 
2382229 
2405717 
2354575 
2405248 
2411862 
2388478 
2402748 
2378948 
2362075 
2414153 
2384937 
2406237 
2413268 
2404363 
2380458 
2375927 
2403113 
2405925 
2362751 
2250887 
2204693 
2243127 
2381291 
2410091 
2430038 
2359887 
2352753 
2325099 
2398113 
2399051 
2409102 
2392384 
2372022 
2363846 
2413008 
2412070 
2367543 
2273332 
2400249 
2358429 
2375302 
2335775 
2355773 
2392644 
2401655 
2381708 
2392437 
2406862 
2234118 
2238701 
2280519 
2269167 
2457065 
2411236 
2337181 
2324370 
2302133 
2284114 
2369574 
2422381 
2343066 
2374782 
2433735 
2370251 
2342597 
2358533 
2343743 
2338952 
2339369 
2363532 
2417487 
2377126 
2418476 
2348899 
2413372 
2366397 
2390041 
2425663 
2371501 
2403581 
2365251 
2400925 
2334733 
2367543 
2462691 
2406759 
2322547 
2290102 
2308746 
2368897 
2238492 
2218286 
2351920 
2348899 
2402644 
2349992 
2450817 
2344316 
2343587 
2351451 
2323849 
2442120 
2319527 
2357336 
2388686 
2356502 
2338014 
2413841 
2429777 
2637310 
2774224 
2273906 
2398269 
2389207 
2440192 
2404415 
2337025 
2336348 
2379730 
2450400 
2396342 
2435401 
2379937 
2345617 
2426704 
2393531 
2410352 
2465190 
2435666 
2381511 
2388955 
2343491 
3137850 
2385311 
2404632 
2387810 
2386769 
2349585 
2291829 
2394320 
2370416 
2335054 
2394529 
2384269 
2413902 
2387550 
2378020 
2361095 
2548369 
2364740 
2389009 
2280320 
2234022 
2229074 
2435307 
2383645 
2400987 
2369375 
2383697 
2384582 
2378749 
2394060 
2396039 
2383645 
2411246 
2368229 
2420204 
2409631 
2295527 
2291569 
2248761 
2534464 
2392185 
2378332 
2405725 
2345888 
2341877 
2360521 
2311775 
2256103 
2264332 
2295162 
2251051 
2297506 
2391144 
2381926 
2353856 
2380520 
2372031 
2364115 
2385831 
2383904 
2365833 
2370312 
2342502 
2325941 
2405101 
2297454 
2251416 
2358542 
2373697 
2403018 
2388280 
2399841 
2393695 
2482177 
2407132 
2457857 
2384946 
2396143 
2422651 
2382550 
2383332 
2389373 
2281518 
2404893 
2343075 
2394529 
2417860 
2413017 
2238605 
2373072 
2389685 
2439316 
2385258 
2412184 
2424474 
2392550 
2391821 
2388695 
2362969 
2396351 
2305682 
2392029 
2365625 
2413173 
2375104 
2401872 
2407236 
2387498 
2356980 
2397184 
2332087 
2406871 
2374062 
2454992 
2365572 
2340055 
2374634 
2405882 
2450826 
2392290 
2372447 
2387550 
2390623 
2410152 
2391977 
2402133 
2390519 
2426921 
2377603 
2391300 
2336981 
2398747 
2411194 
2413173 
2390570 
2401924 
2371666 
2361511 
2397758 
2376040 
2344481 
2361302 
2389216 
2418746 
2396872 
2332139 
2318546 
2378697 
2346252 
2409892 
2388591 
2421662 
2454315 
2407600 
2353386 
2389946 
2295527 
2382863 
2393800 
2392289 
2379374 
2380519 
2343283 
2429474 
2397132 
2396820 
2393695 
2411454 
2404111 
2377915 
2374843 
2393643 
2407444 
2429422 
2352710 
2359636 
2285892 
2245167 
2214024 
2281570 
2354428 
2347294 
2343960 
2260270 
2360418 
2422078 
2341877 
2368385 
2365886 
2400049 
2311098 
2893755 
2506758 
2466293 
2430150 
2406351 
2387602 
2382186 
2309276 
2430567 
2422964 
2395414 
2393695 
2308287 
2396768 
2400205 
2313547 
2352606 
2383905 
2385623 
2352866 
2355261 
2322192 
2367083 
2406819 
2377551 
2333493 
2373906 
2380416 
2304745 
2378488 
2398123 
2384582 
2424735 
2404372 
2422495 
2405257 
2344272 
2598209 
2774026 
2583262 
2405934 
2386769 
2449472 
2408954 
2330577 
2385988 
2392133 
2397184 
2345106 
2427547 
2429422 
2389738 
2469835 
2404841 
2366354 
2431088 
2368124 
2438639 
2394112 
2287246 
2321827 
2360521 
2321306 
2396976 
2387342 
2379113 
2383592 
2389113 
2386353 
2428797 
2417183 
2355626 
2381561 
2400257 
2400935 
2370104 
2388123 
2383124 
2377499 
2404163 
2323806 
2397237 
2395726 
2402757 
2412809 
2396091 
2367135 
2418798 
2416766 
2435828 
2335888 
2364011 
2376561 
2362969 
2400986 
2364063 
2414736 
2321098 
2437858 
2358647 
2341982 
2337711 
2219596 
2393591 
2302922 
2430724 
2454055 
2414058 
2379478 
2468897 
2445774 
2398122 
2344742 
2371302 
2383696 
2329951 
2391404 
2320993 
2446242 
2439524 
2447441 
2463324 
2408173 
2374687 
2454576 
2368281 
2377291 
2470772 
2402445 
2426818 
2426036 
2419371 
2332451 
2372187 
2375156 
2393852 
2406403 
2356512 
2353335 
2447076 
2335732 
2422547 
2348492 
2392029 
2414370 
2378437 
2414371 
2409319 
2414526 
2473793 
2369687 
3161388 
2415933 
2376197 
2399685 
2373177 
2399060 
2414475 
2410986 
2373384 
2422391 
2430984 
2409111 
2356303 
2490094 
2419475 
2486187 
2444368 
2355574 
2420099 
2394894 
2422130 
2331878 
2410622 
2411715 
2416142 
2480511 
2431088 
2409580 
2390571 
2325212 
2346981 
2416923 
2402028 
2403121 
2375832 
2399268 
2419475 
2393904 
2365521 
2406038 
2397498 
2526028 
2379998 
2449212 
2411558 
2369219 
2401247 
2421714 
2381248 
2385310 
2368333 
2422234 
2371094 
2341044 
2439941 
2386197 
2376093 
2326149 
2346824 
2374114 
2403434 
2357657 
2351772 
2374166 
2361927 
2380727 
2715699 
2474001 
2438067 
2289955 
2397809 
2401563 
2411517 
2402767 
2576449 
2403808 
2548952 
2389173 
2398339 
2534786 
2542911 
2444274 
2594625 
2447137 
2403235 
2442086 
2437815 
2398652 
2563065 
2482655 
3698907 
2303764 
2284703 
2260226 
2267777 
2425264 
2270277 
2445262 
2222000 
2294077 
2433805 
2382559 
2415213 
2378602 
2349802 
2412401 
2238769 
2268611 
2341001 
2404901 
2440367 
2266319 
2296369 
2276319 
2232155 
2274809 
2230645 
2275433 
2317096 
2251008 
2247258 
2275850 
2239968 
2281526 
2250540 
2232208 
2250540 
2267205 
2333762 
2315117 
2244238 
2226739 
2262726 
2233510 
2353499 
2390944 
2379695 
3590947 
2322929 
2388132 
2484738 
2395788 
2444377 
2425472 
2388861 
2404641 
2472084 
2445732 
2348136 
2400944 
2380372 
2512236 
2372404 
2322669 
2307514 
2308503 
2243613 
2265174 
2227781 
2219292 
2280329 
2240228 
2203096 
2331471 
2367926 
2395684 
2376414 
2417192 
2424899 
2385632 
2365425 
2389799 
2446929 
2387194 
2408703 
2351468 
2412088 
2372040 
2455054 
2405683 
2393497 
2365530 
2403078 
2409901 
2359176 
2377351 
2410109 
2421775 
2355947 
2383705 
2393652 
2369801 
2395163 
2437764 
2355114 
2305014 
2353604 
2403235 
2423962 
2372144 
2349646 
3106040 
2555045 
2961417 
2745238 
2407193 
2294234 
2690294 
2859238 
2575199 
2621810 
2717479 
3167598 
2923452 
2603322 
4118611 
2949022 
3320293 
3225978 
2917150 
2775704 
2656339 
3061981 
2967250 
2587230 
2393913 
2631341 
2793202 
2683784 
2629570 
2629205 
2449846 
2581970 
2460730 
2584678 
3994819 
2732999 
2639986 
2590094 
2411723 
2892985 
2985529 
3484602 
2675243 
2453075 
2892100 
3103176 
7891887 
3580635 
14496018 
2903662 
2790442 
2737894 
2738415 
2609311 
2740759 
2878715 
2871998 
2673681 
2750237 
2665245 
2639465 
2669359 
2799504 
15599050 
2989175 
2882257 
2841583 
2791015 
2900641 
3027610 
3010527 
3089011 
3081927 
3253112 
3151609 
2845124 
2785078 
2954334 
2787057 
2729822 
2757945 
2747633 
2672535 
2782421 
2661026 
2724666 
2768308 
3052347 
2650141 
2673576 
2703157 
2573638 
2719042 
2695242 
2765548 
2768725 
2758153 
2688471 
2730655 
2730916 
2823772 
2732687 
2886371 
2873508 
2800233 
2853145 
2909807 
2931523 
2742737 
2814242 
2977249 
2813305 
3915920 
2815909 
2710605 
2678211 
2716906 
2633111 
2613165 
2626602 
2952772 
2648111 
2631497 
2590147 
2858561 
2603843 
2667691 
3758068 
2680868 
2620717 
2613842 
2621811 
2861425 
2607697 
2703470 
2794192 
2674983 
2770183 
2654412 
2667952 
3395183 
2778099 
2633476 
2593011 
3162077 
3039952 
7223349 
9954161 
2677587 
2620300 
2715553 
2704408 
2579835 
2589261 
2435471 
2429482 
2410057 
2517184 
3232280 
2990790 
2839188 
3184002 
3330500 
3421170 
2937721 
16607246 
2928920 
2747373 
2893402 
2808722 
2826168 
2837261 
3876652 
3004382 
2777475 
2826429 
2806066 
2785182 
2830855 
3171243 
2821221 
2760861 
2999330 
2808566 
2822210 
2775599 
2805076 
2823044 
2847989 
2803774 
2784973 
2802785 
3406536 
2755809 
2808878 
2818981 
2859447 
2896787 
4489257 
3306284 
3487258 
3199522 
2973864 
3593343 
3180513 
3271808 
28234704 
3235925 
3140164 
3255155 
6215853 
33856126 
33905810 
16982329 
23606639 
19670394 
20724840 
22665413 
2545784 
2650620 
2901642 
2831491 
5890827 
2733217 
2770454 
2926847 
2836594 
2915025 
2806024 
2842635 
2892944 
3280726 
3315358 
3070326 
2898152 
2948981 
3206877 
10551337 
3062618 
3160787 
3164537 
3001634 
2845552 
3028037 
2524380 
2378402 
2447147 
2442876 
2429752 
2438554 
2432512 
2417618 
2405744 
2340280 
2418555 
2530785 
2481519 
2441105 
2377830 
2507350 
2512870 
2425117 
2443969 
2444960 
2433606 
2441626 
2434127 
2387360 
2488185 
2495215 
2417201 
2486466 
2444803 
2865863 
2726812 
2877737 
2509172 
2482664 
2460687 
2503028 
2507819 
2550263 
2489070 
2439074 
2445219 
2412305 
2474071 
2660203 
2407723 
2471467 
2406473 
2375069 
2362570 
2327938 
2298253 
2315491 
2373611 
2346218 
2301273 
2284660 
2304606 
2330958 
2308877 
2356998 
2328459 
2262942 
2260339 
2208676 
2332208 
2304710 
2309971 
2338666 
2450792 
2484019 
2535525 
2514589 
2595051 
2726134 
2806441 
2486466 
2315855 
2379808 
2346165 
2294138 
2320803 
2270286 
2311584 
2297002 
2252475 
2235705 
2330229 
2256068 
2261901 
2422461 
2409858 
2331270 
2352102 
2197896 
2260964 
2285285 
2270598 
2318980 
2253360 
2291691 
2217999 
2335020 
2394338 
2351165 
2332781 
2393036 
2408296 
2396995 
2399806 
2337781 
2391682 
2329968 
2391317 
2342260 
2468864 
2366580 
2348353 
2415379 
2360591 
2336583 
2351217 
2373351 
2395797 
2370226 
2449490 
2394390 
2451417 
2406212 
2378766 
2367570 
2430481 
2402046 
2386891 
2369600 
2435064 
2348613 
2397359 
2401994 
2487352 
2518391 
2396942 
2401057 
2391058 
2357883 
2398348 
2367882 
2419492 
2409650 
2336166 
2359810 
2390641 
2416107 
2406942 
2346113 
2415795 
2402984 
2393766 
2380433 
2400848 
2446105 
2416993 
2433137 
2423243 
2382725 
2399286 
2422304 
2445115 
2368611 
2378402 
2379860 
2423191 
2372101 
2464332 
2464749 
2486622 
2390329 
2366684 
2394911 
2364705 
2493445 
2421263 
2372257 
2350852 
2388193 
2443606 
2356060 
2487820 
2401212 
2409754 
2496830 
2479384 
2538285 
2396839 
2452771 
2461676 
2417722 
2404962 
2366059 
2379443 
2338457 
2380486 
2437096 
2385589 
2446522 
2433814 
2310387 
2421107 
2407775 
2422097 
2386996 
2435950 
2440636 
2448293 
2400015 
2402463 
2431419 
2463291 
2441366 
2392359 
2490008 
2529380 
2344603 
2356061 
2393766 
2408504 
2549222 
2270963 
2375381 
2348509 
2379027 
2346165 
2398922 
2382308 
2363663 
2473186 
2650776 
2388297 
3377123 
2354915 
2380694 
2394859 
2358560 
2373298 
2390953 
2431523 
2354238 
2336739 
2349133 
2365382 
2365434 
2566876 
2532087 
2464697 
2489330 
2377517 
2379860 
2376892 
2373976 
2484123 
2333145 
2324448 
2321896 
2357362 
2331895 
2663066 
2540733 
2328458 
2378767 
2379079 
2342623 
2326687 
2297835 
2401005 
2367622 
2361008 
2438710 
2548128 
2738529 
2739936 
2935180 
3019288 
2419493 
2466624 
2439595 
2516933 
2637444 
2496153 
2398088 
2372934 
2397306 
2377465 
2405900 
2484592 
2423086 
2428190 
2390172 
2407931 
2429804 
2424231 
2441001 
2447513 
2496790 
2422679 
2424240 
2415960 
2390441 
2407576 
2422366 
2417418 
2420438 
2460487 
2399242 
2397316 
2400649 
2400857 
2399711 
2415231 
2438563 
2425855 
2374974 
2441375 
2409502 
2490485 
2463248 
2445697 
2415699 
2385754 
2413461 
2445176 
2445021 
2428719 
2367682 
2385650 
2473299 
2417418 
2417627 
2386275 
2408461 
2410856 
2395337 
2419501 
2666930 
2287637 
2436375 
2402472 
2405544 
2392211 
2419398 
2473247 
2403565 
2391483 
2437260 
2384088 
2428927 
2401274 
2432678 
2456739 
2361537 
2521889 
2425178 
2360131 
2377369 
2275554 
2558710 
2552043 
2441479 
2475851 
2394139 
2354559 
2365807 
2382942 
2448353 
2363099 
2399398 
2383879 
2419501 
2651984 
2438041 
2353412 
2429292 
2605998 
2595634 
2548710 
2382212 
2430803 
2421377 
2389556 
2407732 
2383566 
2402367 
2388879 
2393722 
2369036 
2374400 
2430594 
2375442 
2338570 
2323415 
2380963 
2353309 
2312999 
2364454 
2351121 
2883372 
2490173 
2475070 
2334924 
2314301 
2425542 
2399815 
2337685 
2560220 
2467206 
2484288 
2326280 
2578656 
2468403 
2574750 
2426689 
2421741 
2240349 
2298886 
2491579 
2432990 
2405752 
2534493 
2587040 
2378359 
2562251 
2490329 
2289095 
2360495 
2566678 
2610111 
2357422 
2423356 
2392733 
2352423 
2454551 
2580114 
2477674 
2562511 
2518243 
2498505 
2411689 
2388253 
2348413 
2400389 
2486111 
2706458 
2637192 
2390910 
2414971 
2399971 
2406637 
2406325 
2555168 
2599904 
2562876 
2345445 
2400753 
2383671 
2410647 
2349454 
2386588 
2387942 
2432312 
2639224 
3290528 
2429813 
2553033 
2368203 
2659327 
2557408 
2429813 
2356850 
2314041 
2347215 
2365182 
2370390 
2421116 
2631516 
2735362 
2486372 
2459290 
2594697 
2828845 
2901651 
2719479 
2787233 
2591207 
2528972 
2316333 
2264253 
2289720 
2268472 
2491891 
2483611 
2408356 
2387733 
2348205 
2368932 
2760517 
2394347 
2298521 
2419606 
2455645 
2285449 
2366381 
2363099 
2496526 
2495173 
2475122 
2543086 
2509391 
2390962 
2591051 
2389243 
2368412 
2433354 
2332425 
2767964 
2556314 
2358256 
2711406 
2474810 
2301177 
2271596 
2404137 
2652400 
2565063 
2354350 
2524493 
2281075 
2545689 
2418304 
2369140 
2634068 
2481528 
2410804 
2424866 
2500849 
2267482 
2395597 
2674586 
2676617 
2558918 
2429241 
2563657 
2469862 
2396847 
2416793 
2400597 
4348936 
2457258 
2288730 
2396169 
2423564 
2345653 
2449708 
2463769 
2798066 
2527722 
2445073 
2365234 
2465331 
2588499 
2550429 
2430282 
2566626 
2399867 
2461060 
2416064 
2429657 
2387421 
2525379 
2504807 
2571000 
2688751 
3287038 
2390024 
2441218 
2421428 
2352007 
2363204 
2565167 
2760465 
2502620 
2399138 
2502360 
2402315 
2307166 
2537513 
2583030 
2392681 
2688699 
2443562 
2405648 
2493454 
2450176 
2449916 
2908370 
2385442 
2232380 
2423095 
2573760 
2478247 
2513921 
2595999 
2819106 
2463300 
2490538 
2431583 
2441999 
2508974 
2251649 
2527045 
2657972 
2576104 
2448769 
2565636 
2494288 
2442051 
2393566 
2532826 
2566886 
2320082 
3068826 
2578396 
2411117 
2501213 
2398773 
2435177 
2546783 
2567042 
2460696 
2618965 
2394243 
2399919 
2381379 
2539492 
2625475 
2450853 
2506317 
2467154 
2342684 
2384400 
2452155 
2464914 
2720311 
2541732 
2355600 
2924046 
2460279 
2343725 
2376484 
2528712 
2534545 
2720468 
2478403 
2380182 
2448874 
2555325 
2419084 
2661566 
2543502 
2459133 
2660577 
2338310 
2235818 
2371432 
2386014 
2656827 
2544283 
2992947 
2603028 
2697709 
2514702 
2384713 
2330758 
2568187 
2587822 
2567407 
2421220 
2619173 
2520431 
2817960 
3036225 
2554074 
2502047 
2328050 
2352787 
2344299 
2281856 
2336070 
2398357 
2452988 
2336644 
2267638 
2259566 
2243108 
2210559 
2272274 
2365600 
2254573 
2493309 
2375451 
2508150 
2380451 
2334777 
2248429 
2248637 
2338943 
2228066 
2249731 
2269678 
2233014 
2233430 
2261761 
2224576 
2316861 
2259209 
2234576 
2397793 
2360035 
2450810 
2437686 
2421124 
2307956 
2238325 
2747351 
2599705 
2309414 
2394772 
2399824 
2396283 
2452268 
2346339 
2419042 
2353785 
2421541 
2395084 
2305143 
2433780 
2413156 
2377534 
2478985 
2411855 
2376596 
2444457 
2617829 
2534606 
2443675 
2435290 
2470339 
2394980 
2421280 
2375034 
2414302 
2436228 
2425812 
2353733 
2450133 
2482995 
2431697 
2397220 
2417844 
2401178 
2420604 
2412011 
2484453 
2515440 
2556635 
2395137 
2420916 
2362327 
2370503 
2430811 
2408417 
2445341 
2432791 
2401699 
2397064 
2345662 
2429718 
2346651 
2441904 
2421802 
2432269 
2331235 
2407427 
2355453 
2480704 
2408625 
2409198 
2356754 
2415396 
2360868 
2486068 
2335558 
2450289 
2351755 
2636005 
2627516 
2582936 
2373159 
2432374 
2374096 
2513722 
2422375 
2487942 
2403053 
2355921 
2449821 
2536324 
2395866 
2412166 
2408626 
2420552 
2559135 
3097429 
2572832 
2503931 
2419822 
2415188 
2408209 
2364774 
2395501 
2424040 
2373211 
2355817 
2393418 
2353733 
2377638 
2356025 
2451852 
2444456 
2578926 
2518149 
2430342 
2377170 
2437686 
2413729 
2316757 
2417167 
2370347 
2399251 
2409875 
2413833 
2362900 
2406334 
2396908 
2379357 
2460236 
2323736 
2432947 
2376128 
2393887 
2418313 
2407011 
2346182 
2406334 
2393731 
2345140 
2442945 
2405657 
2482110 
2489869 
2473777 
2372326 
2408001 
2404147 
2380815 
2489141 
2459195 
2379252 
2350817 
2345766 
2404511 
2430655 
2400396 
2409771 
2377743 
2474297 
2431905 
2598038 
2435082 
2487734 
2511482 
2736830 
2853228 
2545074 
2313893 
2259574 
2481328 
2717926 
2405084 
2375554 
2371232 
2390398 
2404146 
2352327 
2485442 
2246085 
2260876 
2408156 
2373628 
2374670 
2294831 
2264990 
2438467 
2398834 
2408729 
2406855 
2482891 
2497160 
2426176 
2413104 
2358213 
2447945 
3192214 
2364722 
2451122 
2645535 
2664857 
2583248 
2586269 
2562155 
2519294 
2516222 
2504035 
2425238 
2635692 
2797295 
2684126 
2666523 
2577676 
2581737 
2492786 
2468882 
2507264 
2484141 
2753131 
3061025 
5975135 
2823074 
18420263 
2472163 
2452060 
2413990 
2499452 
2425186 
2424145 
2446331 
2473933 
2411646 
2402480 
2374513 
2456642 
2453258 
2393887 
2399980 
2601372 
2554864 
2419093 
2358056 
2433519 
2440811 
2402793 
2431801 
2956814 
2905828 
2746204 
2393366 
2413937 
2311706 
2315924 
2303529 
2285249 
2272177 
2388523 
2261448 
2319465 
2295197 
2290353 
2272541 
2304675 
2626943 
2441435 
2448518 
2445342 
2391230 
2429405 
2320767 
2402428 
2357587 
2483151 
2407636 
2409615 
2373159 
2356182 
2362847 
2429249 
2354046 
2422739 
2410813 
2422479 
2956450 
2796774 
2481485 
2387273 
2352172 
3045974 
2670273 
3272520 
2577415 
2519346 
2563822 
2563978 
2510754 
2521742 
2631162 
2600174 
2456799 
2471641 
2501639 
2527471 
2489140 
2529554 
2451539 
2539084 
2686366 
3103418 
2747194 
2580592 
2755215 
2887549 
15283306 
2637723 
2532054 
2447893 
2384096 
2430655 
2608923 
2433780 
2408729 
2581425 
2508983 
2670481 
2466225 
2480182 
2449404 
2436488 
2403939 
2449873 
2403625 
2476797 
2399042 
2422219 
2409563 
2502525 
2408937 
2429457 
2411073 
2759224 
2392272 
2351338 
2282957 
2304883 
2320767 
2366910 
2284051 
2327746 
2281968 
2328007 
2347901 
2282958 
2279780 
2315038 
2320767 
2296342 
2334672 
2668554 
2499087 
2283843 
2241293 
2325715 
2296707 
2324673 
2282905 
2286655 
2304466 
2376753 
2249731 
2202807 
2231555 
2222337 
2202495 
2238325 
2268896 
2249418 
2250157 
2202817 
2235937 
2387073 
2195628 
2258749 
2285413 
2192763 
2287236 
2352336 
2350097 
2375095 
2319525 
2258436 
2361501 
2468421 
2407020 
2384781 
2389417 
2265518 
2311245 
2327129 
2396707 
2368897 
2404051 
2403062 
2413269 
2394572 
2340617 
2367856 
2382333 
2365616 
2589506 
2498263 
2501387 
2651846 
2642628 
2756890 
2666845 
2477692 
2483056 
2591381 
2543208 
2561540 
2714082 
5617524 
2842718 
2681219 
13232045 
2434101 
2412019 
2392698 
2370616 
2401864 
2446339 
2421862 
2398218 
2420717 
2443111 
2409832 
2459568 
2470140 
2411238 
2448058 
2436393 
2360773 
2451183 
2399363 
2432070 
2780587 
2318692 
2307287 
2306297 
2300621 
2293225 
2313016 
2323171 
2340566 
2315412 
5006421 
2423789 
2312130 
2311141 
2283539 
2302860 
2550343 
2531282 
2430871 
2392177 
2413009 
2435351 
2381188 
2365096 
2369626 
2415717 
2412905 
2341087 
2384573 
2372334 
2435090 
2364106 
2426653 
2413373 
2317651 
2327754 
2485660 
2483368 
2763296 
2494982 
2533261 
2600704 
2946825 
2719550 
2396708 
2308588 
2497065 
2358325 
2246718 
2204846 
2216251 
2309891 
2326556 
2305099 
2247239 
2551489 
2337806 
2298277 
2252082 
2263800 
2247500 
2356606 
2247707 
2315203 
2423528 
2183233 
2217137 
2282236 
2260936 
2276768 
2386240 
2407072 
2536542 
2471078 
2407332 
2398791 
2451496 
2404780 
2387385 
2371501 
2533261 
2505919 
2396812 
2369470 
2465505 
2376970 
2428789 
2414050 
2365825 
2377230 
2433996 
3146499 
2370668 
2376657 
2520553 
2459672 
2446808 
2461912 
2416394 
2423112 
2472901 
2388739 
2394729 
2518835 
2444308 
2396499 
2433788 
2460713 
2390614 
2406446 
2392698 
2409415 
2471442 
2405977 
2418060 
2388010 
2359054 
2390041 
2386031 
2382177 
2375824 
2424362 
2384781 
2403999 
2390146 
2401551 
2393739 
2471390 
2407853 
2369626 
2446392 
2376500 
2405613 
2411134 
2330983 
2407436 
2413216 
2398426 
2345565 
2402176 
2432278 
2398009 
2407123 
2347909 
2421602 
2383740 
2421601 
2448891 
2461234 
2379938 
2344524 
2385146 
2373324 
2393583 
2396031 
2394885 
2412279 
2394468 
2362647 
2364575 
2307391 
2402801 
2448996 
2361397 
2411863 
3209099 
2673459 
2569976 
3412835 
2711321 
2696061 
2519980 
2338430 
2399416 
2441809 
2289476 
2331764 
2230417 
2427903 
2344523 
2346139 
2328014 
2330358 
2287652 
2313172 
2299839 
2491649 
2343222 
2310360 
2280466 
2283799 
2283851 
2327077 
2291090 
2296506 
2322494 
2452485 
2363168 
2359366 
2303589 
2345096 
2299787 
2293746 
2275674 
2389937 
2314630 
2396395 
2671063 
2764078 
2481077 
2571747 
2585496 
24119774 
2712103 
2726059 
2680386 
2761422 
2643982 
2738142 
2677365 
2788711 
2627369 
2600652 
2622265 
2673563 
2631691 
2652263 
2613307 
2600912 
2558936 
2671012 
2589975 
2664502 
2661273 
2586851 
2535761 
2605964 
2614713 
2574403 
2544823 
2797305 
3198110 
3124053 
5557685 
3163008 
2967866 
3026403 
2881153 
4616969 
9749997 
3014268 
2881049 
2931774 
18666874 
2579299 
2593205 
2713561 
2607526 
2552374 
2591538 
2618255 
2519095 
2590548 
6061348 
2574039 
2599037 
8266766 
2700020 
7784509 
2526334 
2492795 
2573466 
2611744 
2533730 
2574925 
6098220 
2668459 
2495607 
2538365 
2460402 
8300358 
2478004 
2557165 
2499252 
5908910 
2556436 
2527636 
6885040 
2664970 
2437225 
2458527 
2506440 
5869902 
2600131 
2501810 
6864648 
2580714 
2421298 
2521291 
2573996 
3012248 
7334670 
2589776 
2527853 
2620191 
8275024 
3702203 
3048652 
2805700 
2802574 
2842624 
2804502 
2791742 
15215605 
31682534 
20907676 
12042639 
20006277 
4337941 
2722580 
2863612 
3792821 
3925938 
2972303 
10660438 
2910067 
8338926 
17223544 
3521641 
3170571 
3140416 
4369606 
3970986 
3181612 
3205829 
3354830 
3557160 
5257360 
3416231 
10485762 
14820528 
3023862 
3564607 
3092503 
3012873 
3167550 
2959127 
3648612 
3023445 
2872205 
2739974 
3803394 
2976990 
5213821 
3069119 
2886214 
2956002 
4781818 
3701526 
2895642 
3184164 
2893922 
2921264 
2891840 
4335598 
3471176 
3025425 
2873195 
4231490 
2879132 
2841531 
2962356 
3060265 
3016102 
2996885 
3028653 
3401754 
3345090 
6733147 
3080056 
2604411 
2445463 
3759647 
4339660 
16905285 
2711747 
2739714 
2810960 
4613912 
2738516 
2768826 
2702060 
2675499 
2972459 
2682582 
2651647 
2717008 
2862206 
2693311 
2732683 
2744245 
2790075 
2696384 
2721330 
2768045 
2756224 
21677312 
12732593 
19546515 
26276538 
8153366 
9564730 
3492946 
11944103 
3076202 
2995010 
2837311 
2734350 
3038861 
3095576 
2959544 
3070318 
2974334 
3210412 
3200777 
2950846 
3356288 
3087295 
3041569 
2942200 
4143214 
3132448 
3178903 
5194082 
3337123 
4421999 
2884965 
2829864 
2908973 
2927774 
3228224 
3985048 
3231244 
2790232 
2733517 
2800179 
2738048 
2756692 
2823146 
2747526 
3047767 
2773462 
2712893 
3042507 
2858821 
2823146 
2682114 
2650657 
2866894 
2772004 
2833093 
2617535 
2568371 
2605556 
2601598 
2567017 
2592901 
2608837 
2578839 
2624721 
2647741 
2625763 
2620711 
2636283 
2617952 
2587484 
2595817 
2638627 
2757005 
2724715 
2686853 
2715132 
2785388 
2691696 
2665396 
3319780 
2590088 
2789086 
2718830 
2741381 
2709143 
3311291 
2797783 
2606389 
2699717 
2738933 
2697112 
2749870 
2728308 
2679613 
2712476 
2680811 
2679562 
2733673 
2696800 
2735131 
2697582 
2763515 
2803772 
2814605 
2769816 
2729194 
2833562 
2836947 
2784034 
2886995 
2744557 
2759349 
2665396 
2764660 
2784763 
3153645 
3030320 
2896266 
2895694 
2858039 
2496189 
2312138 
2357604 
2748203 
2701904 
2707632 
2758047 
2846947 
2715914 
2693779 
2778149 
2735496 
2691540 
2677896 
2786378 
2743568 
2780961 
2713049 
2711279 
2692126 
2676134 
2619416 
2715299 
2639470 
2625512 
2587181 
2626241 
2621919 
2946429 
2687643 
2505364 
2601503 
2583327 
2507186 
2510155 
2574890 
2348082 
2231891 
2248296 
2203507 
2386881 
2931639 
2724932 
2889870 
2738786 
2765555 
2759514 
2862789 
2801647 
2920024 
2709100 
2738161 
2650198 
2603222 
2670405 
2875236 
2907161 
2728475 
2681550 
2679728 
2763420 
3040954 
2915650 
2866382 
2732484 
2845029 
2796803 
2682227 
2682018 
2734255 
3006165 
2856123 
2730141 
2738682 
2737536 
2676446 
2770295 
3046840 
2754827 
2690247 
2697903 
2712798 
2735192 
2705975 
2762638 
2701809 
2738421 
2680404 
2765399 
2696133 
2590358 
2719152 
2645042 
2607492 
2705403 
2643896 
2567182 
2598014 
2689987 
2578171 
2557808 
2586192 
2701549 
2743369 
2787481 
2722069 
2744150 
2729411 
2767170 
2782481 
2683789 
2821802 
2695195 
2711392 
2639938 
2833728 
2695611 
2744411 
2750087 
2650979 
2704830 
2745505 
2753472 
2781908 
2863362 
2862997 
2818625 
3015227 
2983250 
3011373 
4192496 
3005072 
3066526 
2893359 
2703840 
2857216 
2772325 
2692174 
2828936 
2756806 
2828572 
2734151 
2658583 
2608586 
2568120 
2584004 
2639886 
2587910 
2651500 
2639157 
2626032 
2619211 
2623116 
2626397 
2587389 
2521091 
2646448 
2711705 
2703789 
2805917 
2778835 
2776648 
2790137 
2688685 
2749984 
2658270 
2740765 
2697903 
2707850 
2767274 
2620408 
2624522 
2714204 
2701601 
2702278 
2737796 
2685300 
2786439 
2912109 
2958720 
3006322 
4903962 
2976739 
2607805 
2622960 
2729620 
2617127 
2570567 
2611711 
2578640 
2581712 
2615981 
2675352 
2621814 
2731130 
2618742 
2614731 
2792481 
2738057 
2678112 
2694101 
2583952 
2633793 
2574109 
2594680 
2598483 
2634730 
2619731 
2595150 
2595201 
2643531 
2598691 
2688893 
2740192 
2706861 
2609471 
2637386 
2611242 
2673061 
2744827 
2696132 
2702070 
2696288 
2625356 
2604055 
2649573 
2618950 
2604837 
2635615 
2602337 
2634313 
2604836 
2604367 
2648792 
2770711 
2644677 
2616086 
2753004 
2699257 
2722798 
2662801 
2591868 
2618377 
2624002 
2586660 
2580046 
2633272 
2600721 
3568318 
2598326 
2597545 
2623429 
2602597 
2652698 
2735193 
2627387 
2592650 
2639209 
2657802 
2625408 
2638168 
2644417 
2617595 
2584577 
2447138 
2326208 
2362143 
2327718 
2359018 
2388131 
2283971 
2360789 
2329229 
2390787 
2589003 
2532497 
2462709 
3608887 
2348394 
2261576 
2275430 
2440940 
2584785 
2602128 
2528382 
2381777 
2506717 
2585671 
2434743 
2452293 
2404276 
2365685 
2529997 
2759983 
2434222 
2439846 
2434691 
2449898 
2391360 
2553902 
2562651 
3522123 
2397557 
2451772 
2758889 
2608638 
2588847 
2639469 
2556089 
2357664 
2431566 
2404849 
2391673 
2417869 
2523852 
2390683 
2579265 
2638636 
2509165 
2317562 
2359956 
2395995 
12166006 
3005696 
2811438 
2608013 
2918827 
2992416 
3126105 
4011779 
3193132 
2937002 
3270419 
3113815 
3100847 
3077254 
5405910 
2927316 
2644157 
2510571 
2697747 
2847946 
2787898 
2701705 
2620564 
2908150 
2727537 
2806646 
2935337 
3052047 
3585399 
3260889 
8722940 
5311957 
3047881 
2345477 
2414848 
2930649 
3061058 
3398276 
5151290 
2863934 
2898203 
3420931 
3083192 
2781492 
11995131 
3344113 
3095066 
2847685 
3038975 
3008821 
3065744 
3028299 
2993772 
2956339 
3057264 
2734055 
2734421 
2742284 
2979094 
3134814 
3018935 
2884828 
2716974 
2811291 
2950658 
3132626 
3146948 
2969719 
2942898 
2758325 
2738119 
2913576 
3166634 
3160280 
3225642 
2748222 
3719102 
2879047 
3215955 
5783561 
11997202 
2910816 
2658331 
10329229 
26771426 
17881279 
3255691 
4604726 
3055078 
3005966 
3269181 
3216110 
2781449 
4484212 
2738743 
2736868 
3069192 
2911806 
3179967 
2994352 
3284023 
3077838 
2493914 
2572816 
2729265 
4336409 
2585731 
2594741 
2610938 
13666113 
5836163 
9002901 
5402855 
2994301 
2954095 
3157989 
3038986 
3136271 
3003519 
2993207 
3102367 
2948314 
3014195 
4922155 
3077578 
3422401 
3519790 
3529164 
3908986 
4235164 
7439817 
3399798 
12078187 
3269285 
3304803 
2983208 
3432661 
2929722 
2950189 
3421151 
3230329 
2669685 
2647030 
2633801 
3319750 
2969459 
3184237 
3717018 
2768012 
2937481 
14063381 
2782126 
2825509 
2875193 
2956178 
2751399 
2747233 
2701089 
2741191 
2837175 
2918785 
2972011 
2910243 
3070234 
2788949 
2716140 
2719682 
2951179 
3019091 
2714369 
2749263 
2728275 
2714734 
2769627 
2805198 
3030861 
2757700 
3019925 
3200174 
3717800 
2998988 
2927221 
2822644 
2917222 
2767856 
2701610 
2537661 
3016695 
4983245 
3442191 
3420422 
3139865 
2484331 
2422720 
2922222 
2907848 
2820196 
2625208 
2436052 
2427251 
2376629 
2335955 
2727233 
2841393 
2822436 
2839935 
2676299 
2715099 
2640103 
3027372 
2772491 
2765929 
2875870 
2384181 
2311113 
2303249 
2312414 
3450732 
3334384 
2963366 
2635207 
2640051 
2389441 
3320948 
3126741 
2990395 
2629583 
2405950 
2376369 
2378296 
2391680 
2598178 
3104867 
2869100 
2429855 
2443500 
2546151 
2338715 
2490216 
4011740 
3172363 
2720515 
2632655 
2686142 
2518496 
2705724 
3345166 
3140125 
2930555 
2329237 
2363661 
2343714 
2340486 
2639270 
2811603 
2798166 
2410377 
2281895 
2376838 
2277677 
2322935 
2629062 
2875506 
2707235 
2325330 
2230596 
2252783 
3587807 
2635259 
2858007 
2731712 
2412825 
2391160 
2377775 
2269344 
2375953 
2883475 
2891026 
2698485 
2415065 
2285124 
2388764 
2407096 
3006800 
2692496 
2687444 
2925920 
2643645 
2408763 
2428084 
2203463 
2528182 
2538546 
2779522 
2698590 
2416367 
2330278 
2265699 
2314602 
2512142 
2700204 
3090962 
2607084 
2278354 
2424543 
2478446 
2431313 
3941692 
2795562 
2798792 
2479800 
2308457 
2299603 
2334184 
2349079 
2747128 
2658643 
2737285 
2452094 
2294551 
2302727 
2331997 
2319758 
3030861 
2347985 
2427981 
2744680 
2650520 
2429178 
2438084 
2364859 
3045808 
3835762 
2587814 
2376837 
2261897 
2337621 
2246637 
2754628 
2840247 
2773481 
2720307 
2441469 
2356526 
2332362 
2415742 
2868527 
3278555 
2888422 
2470843 
2427929 
2333664 
2403815 
2579326 
3198820 
2541203 
3020809 
11555146 
2693798 
2585002 
2796761 
3220381 
2922221 
2496050 
3159760 
2782910 
2751359 
2637976 
2596832 
2387158 
2415750 
2397000 
2498297 
2463403 
2431999 
2511473 
2842704 
2526784 
2503193 
2502359 
2526941 
5466620 
2533243 
2519181 
2490850 
2403146 
3958371 
2496526 
2416843 
2407469 
2650267 
11834907 
2597145 
2412208 
2439030 
2372523 
2429708 
2416478 
2575376 
2760001 
2390543 
2371325 
2447674 
2614489 
2740731 
2702244 
2737607 
2698130 
2628654 
2696203 
2681568 
2651830 
2726722 
2723441 
2852756 
2764793 
14533662 
2766459 
2735159 
2712191 
2780208 
2732347 
2752033 
2654434 
2726253 
2838382 
3409861 
3037590 
2793905 
2801613 
2818226 
2705577 
2863484 
2802239 
2991967 
3324761 
3568081 
13969006 
2683235 
2675318 
2637143 
2623967 
2819893 
2777031 
2814112 
2814008 
2796874 
2834944 
2796874 
2798801 
2779843 
2784740 
2810675 
2776094 
2841768 
2787656 
2796770 
2824269 
2790989 
2781354 
2777396 
2743752 
2864995 
2777240 
2817654 
2784843 
2815154 
2898483 
2784999 
2797707 
2789999 
2824842 
2825674 
2792239 
2839684 
2771719 
2805832 
2799374 
2806978 
2790208 
2799218 
3283357 
3130709 
3573758 
3107794 
2925513 
2861610 
2933689 
3134303 
2784895 
2819164 
2742711 
2720004 
2665787 
2720784 
2793124 
3184248 
2773646 
2788437 
2804425 
2807707 
2720420 
2778125 
2744950 
2747554 
2724899 
2807343 
2711358 
2759897 
2691203 
2712400 
2756720 
2793958 
2733857 
2715629 
2758230 
2804478 
2728961 
2800936 
2793228 
2738231 
2736044 
2742502 
2730993 
2769167 
2714014 
2736408 
2728284 
3317782 
3084410 
3002643 
3172166 
4088729 
3027226 
2426530 
2427207 
2415333 
2379346 
2425280 
2422103 
2495068 
2444342 
2395282 
2420697 
2439966 
2673496 
2450070 
2405282 
2503557 
2391375 
2406011 
2331588 
2460174 
2400594 
2439029 
2433978 
2806352 
2449758 
2447779 
2427676 
2471007 
2397938 
2468820 
2377783 
2464549 
2446998 
2394552 
2421478 
2420489 
2376689 
2388199 
2446789 
2458299 
2471788 
2440019 
2673443 
2849267 
3089045 
2954000 
3133574 
2720159 
2811300 
3009570 
12332275 
2547721 
2412677 
2500536 
2604853 
2436529 
2363721 
2421426 
2416531 
2370180 
2463351 
2510484 
2419812 
2406479 
2347420 
2366013 
2358930 
2401532 
2384293 
2359398 
2370544 
2371481 
2386324 
2359971 
2885619 
2377053 
3443088 
2401792 
2468663 
2379554 
2386064 
2363617 
2359190 
2366012 
2314349 
2450488 
2629279 
2382210 
2475329 
2344607 
2363826 
2484183 
2387626 
2592666 
2319870 
2392730 
2335910 
2342942 
2365492 
2364034 
2400386 
2336275 
2345181 
2487725 
2358149 
2367419 
2333306 
2339869 
2370231 
2596937 
2444655 
2359763 
2639643 
2557304 
2374658 
2388251 
2364711 
2587719 
2362263 
2348045 
2325025 
2417052 
2412312 
2404396 
2388876 
2454081 
7959813 
2295028 
2356014 
2280444 
2403199 
2307787 
2224198 
2346743 
2276018 
2219407 
2236905 
2283934 
2250342 
2392886 
2409656 
2455643 
2416374 
2432831 
2456893 
2403876 
2369919 
2400021 
2405646 
2398042 
2405594 
2383408 
2417833 
2459029 
2503192 
2498037 
2469236 
2428040 
2357940 
2428301 
2379397 
2416010 
2375752 
2371741 
2328098 
2443665 
2462049 
2409916 
2450279 
2469236 
2379762 
2409344 
2392939 
2384814 
2409760 
2446685 
2348149 
2400750 
2409240 
2443508 
2393824 
2424187 
2398511 
2365700 
2440800 
2354399 
2442363 
2398459 
2382730 
2409917 
2358253 
2375960 
2357628 
2345025 
2398667 
2468403 
2467778 
2579959 
2751836 
2730846 
2644441 
2745532 
2746418 
2877660 
2777041 
2744074 
2668974 
2403102 
2459296 
2421122 
2450131 
2468047 
2477681 
2424663 
2342064 
2454557 
2359615 
2366594 
2407581 
2369093 
2427215 
2412216 
2435548 
2387218 
2417633 
2466432 
2371437 
2417685 
2396071 
2489295 
2359928 
2411539 
2389092 
2435392 
2322585 
2407477 
2405498 
2467734 
2406331 
2453047 
2430392 
2377478 
2432267 
2372530 
2443152 
2346802 
2377166 
2424611 
2398258 
2427007 
2444038 
2345240 
2354563 
2366802 
2496899 
2420653 
2358937 
2446016 
2372166 
2378572 
2398102 
2445079 
2825736 
2562780 
2452058 
2467161 
2421173 
2475963 
2457422 
2376749 
2419768 
2476640 
2531949 
2441225 
2470494 
2506221 
2380759 
2414559 
2435652 
2421121 
2405758 
2392477 
2348678 
2388519 
2326439 
2423413 
2408935 
2410705 
2388675 
2407060 
2393519 
2388050 
2411070 
2386852 
2375082 
2383936 
2289826 
2320293 
2265661 
2415654 
2325710 
2396435 
2395289 
2397894 
2384770 
2392529 
2483358 
2585071 
2360500 
2381123 
2413205 
2446329 
2396331 
2330658 
2348626 
2455860 
2360292 
2476796 
2589551 
2431485 
2375187 
2392425 
2350293 
2391384 
2377843 
2400498 
2306180 
2326439 
2310450 
2339668 
2321960 
2311596 
2677150 
2541428 
2248579 
2317273 
2296076 
2275817 
2307638 
2347011 
2244933 
2224674 
2411799 
2292900 
2339407 
2228997 
2204467 
2337011 
2284254 
2285556 
2199207 
2280869 
2398779 
2375447 
2418310 
2388415 
2396123 
2435861 
2392165 
2385863 
2417841 
2403414 
2424143 
2437267 
2443152 
2373989 
2396748 
2377738 
2407685 
2423414 
2424559 
2424768 
2404404 
2384561 
2431902 
2415289 
2508721 
2367948 
2383624 
2433361 
2401279 
2346855 
2358625 
2371645 
2431017 
2368208 
2560698 
2431277 
2595539 
2480962 
2451120 
2374770 
2475494 
2380655 
2445235 
2388519 
2399561 
2437631 
2409299 
2343417 
2382322 
2394665 
2380291 
2374562 
2389144 
2407268 
2429038 
2423673 
2324304 
2373624 
2346490 
2392998 
2411643 
2353052 
2383415 
2381697 
2377739 
3600486 
2263943 
2324200 
2450964 
2489816 
2426122 
2489816 
2380239 
2429767 
2398050 
2401696 
2398258 
2373312 
2400081 
2372531 
2414143 
2348105 
2393102 
2406383 
2377010 
2409925 
2391227 
2321596 
2381020 
2404195 
2376593 
2412841 
2412893 
2420392 
2386436 
2364197 
2391592 
2366749 
2418570 
2380968 
2414664 
2383051 
2407112 
2433257 
2325033 
2323992 
2432423 
2525596 
2487733 
2418517 
2411852 
2413466 
2436642 
2448360 
2408258 
2410654 
2400914 
2354250 
2408570 
2358782 
2424091 
2356594 
2438933 
2401540 
2393415 
2355761 
2412268 
2406227 
2424298 
2356177 
2399717 
2405498 
2407529 
2396696 
2362427 
2389509 
2411799 
2415705 
2496587 
2449453 
2405289 
2393728 
2375239 
2449610 
2449401 
2380290 
2403050 
2372739 
2380812 
2349459 
2387842 
2481327 
2378781 
2380655 
2473983 
2422476 
2396904 
2354042 
2477421 
2534605 
2880472 
2422320 
2351751 
2401956 
2415133 
2380551 
2362792 
2333782 
2372531 
2397320 
2374927 
2443204 
2366906 
2424091 
2358156 
2353886 
2348417 
2316960 
2359406 
2304930 
2392999 
2364667 
2329252 
2362010 
2296233 
2283837 
2319721 
2302483 
2347272 
2251964 
2319148 
2346178 
2346594 
2398415 
2309930 
2305242 
2290347 
2271338 
2306336 
2302846 
2288160 
2302430 
2307169 
2305868 
2256339 
2419038 
2341178 
2390134 
2399873 
2434194 
2435132 
2369562 
2395498 
2403362 
2399977 
2416799 
2402946 
2377530 
2488410 
2432736 
2457526 
2340033 
2386072 
2368312 
2388780 
2406278 
2379770 
2380238 
2380498 
2434715 
2447162 
2414768 
2378780 
2410706 
2428101 
2360240 
2415081 
2354719 
2412216 
2387270 
2369718 
2410966 
2411175 
2375395 
2356541 
2328367 
2397477 
2405028 
2394873 
2334616 
2332220 
2363625 
2379301 
2378103 
2369146 
2387530 
2457266 
2395915 
2397321 
2410445 
2419404 
2392697 
2381758 
2353370 
2423472 
2447795 
2392119 
2415974 
2364362 
2425817 
2456076 
2434723 
2416286 
2357539 
2346133 
2401235 
2340665 
2444201 
2363268 
2442431 
2457274 
2381497 
2370194 
2407276 
2387850 
2394777 
2333582 
2347800 
2354257 
2390194 
2420192 
2351185 
2403943 
2330144 
2419359 
2422327 
2412901 
2375924 
2370143 
2348217 
2314469 
2446128 
2292177 
2376496 
2401339 
2415921 
2404412 
2512532 
2405505 
2399724 
2386131 
2449618 
2503469 
2393943 
2371236 
2383475 
2443732 
2355976 
2383995 
2421650 
2430765 
2376497 
2410453 
2381548 
2363372 
2370142 
2406130 
2388683 
2440191 
2367851 
2451388 
2421859 
2475085 
2434983 
2429879 
2354987 
2379621 
2406807 
2416286 
2413214 
2403161 
2375454 
2328166 
2385506 
2397797 
2413734 
2360977 
2389152 
2399359 
2318583 
2387277 
2341706 
2421077 
2308478 
2481647 
2522582 
2353789 
2376236 
2332800 
2378944 
2431754 
2361705 
2382798 
2413838 
2396287 
2417745 
2404725 
2408838 
2392173 
2387954 
2412119 
2347227 
2387955 
2326811 
2362799 
2422587 
2425139 
2411755 
2400297 
2403422 
2428317 
2385246 
2416495 
2401756 
2386079 
2436338 
2404724 
2408838 
2402693 
2395714 
2391547 
2432951 
2392068 
2395402 
2402641 
2435244 
2345404 
2454409 
2492063 
2507584 
2451805 
2418734 
2378996 
2436493 
2439410 
2419827 
3562218 
2325509 
2319676 
2404047 
2665180 
2716115 
2396704 
2444357 
2312646 
2363372 
2432535 
2396495 
2324572 
2380507 
2383006 
2403578 
2323739 
2391912 
2320041 
2388319 
2380872 
2418525 
2378007 
2426338 
2375455 
2413161 
2399204 
2408474 
2361289 
2423785 
2431233 
2433317 
2374465 
2357539 
2416286 
2439930 
2394620 
2469200 
2421807 
2367226 
2422796 
2403370 
2405088 
2316187 
2416650 
2373163 
2320978 
2349466 
2360299 
2389672 
2405610 
2394829 
2399672 
2406078 
2353216 
2419151 
2353425 
2370924 
2364205 
2353893 
2411963 
2407068 
2408474 
2417379 
2316135 
2373163 
2373163 
2393996 
2391027 
2405713 
2413109 
2374361 
2400974 
2412744 
2391808 
2409360 
2430296 
2408839 
2381757 
2394724 
2433942 
2429827 
2429619 
2363008 
2419724 
2516229 
2393839 
2454721 
2426755 
2376184 
2393683 
2383683 
2291553 
2411339 
2394360 
2441858 
2318010 
2354362 
2393318 
2438941 
2355195 
2429358 
2381496 
2409203 
2358684 
2428421 
2396234 
2419203 
2356602 
2528780 
2426077 
2418995 
2414984 
2377902 
2337956 
2426911 
2387225 
2390662 
2333425 
2409255 
2480189 
2392068 
2275095 
2245045 
2435139 
2432743 
2379309 
2367799 
2340769 
2378320 
2329728 
2324676 
2392329 
2386756 
2387173 
2443473 
2312072 
2406964 
2438420 
2493782 
2439983 
2364986 
2369205 
2420088 
2381236 
2417172 
2391809 
2390611 
2412849 
2380350 
2333634 
2331967 
2362122 
2365247 
2396339 
2392953 
2409724 
2362747 
2373893 
2372122 
2442431 
2354414 
2381809 
2432171 
2479928 
2420817 
2403682 
2402276 
2330822 
2439514 
2410713 
2402693 
2409464 
2310822 
2359362 
2413786 
2350716 
2282960 
2411598 
2412797 
2436077 
2344727 
2381392 
2390558 
2343581 
2373684 
2403943 
2412641 
2417692 
2427431 
2442743 
2388163 
2387173 
2369882 
2391184 
2450972 
2409255 
2347227 
2414828 
2357748 
2427223 
2470398 
2399048 
2385089 
2400505 
2465867 
2423734 
2463107 
2479251 
2508521 
2499459 
2441389 
2412485 
2429984 
2346706 
2427223 
2344206 
2400245 
2359831 
2358633 
2415817 
2365142 
2395662 
2378579 
2387849 
2381809 
2367018 
2355976 
2388579 
2454045 
2440296 
2408474 
2375871 
2397902 
2369413 
2427223 
2380819 
2408318 
2400818 
2429306 
2417953 
2401131 
2327749 
2318635 
2415921 
2449097 
2454305 
2379829 
2404359 
2437118 
2444045 
2384569 
2354310 
2439045 
2790799 
2746426 
2434827 
2405766 
2396078 
2410297 
2373580 
2427900 
2351081 
2368528 
2359414 
2383267 
2383684 
2428108 
2388214 
2409985 
2387801 
2415985 
2417333 
2443218 
2372963 
2418326 
2349525 
2422127 
2392441 
2395410 
2325725 
2429053 
2414835 
2412648 
2391607 
2343745 
2417492 
2340620 
2395253 
2524101 
2354734 
2384941 
2346766 
2446605 
2418898 
2427595 
2442855 
2445303 
2503477 
2491915 
2423637 
2419939 
2389733 
2412075 
2420043 
2426657 
2382025 
2399575 
2400409 
2421814 
2414888 
2390149 
2333745 
2376296 
2400982 
2435511 
2361765 
2430251 
2449209 
2394368 
2461499 
2436658 
2410669 
2353172 
2371765 
2431502 
2441814 
2403638 
2359526 
2415304 
2413585 
2406659 
2404784 
2376504 
2425148 
2413533 
2438167 
2430251 
2367389 
2457073 
2409888 
2421814 
3540929 
2302861 
2401190 
2392701 
2449573 
2393690 
2330152 
2434418 
2413585 
2391867 
2452334 
2452437 
2415356 
2382702 
2393169 
2438949 
2324423 
2387961 
2346088 
2456344 
2414418 
2391920 
2396346 
2422543 
2460771 
2377128 
2410877 
2428793 
2349058 
2417388 
2394472 
2359994 
2326350 
2434886 
2400982 
2443011 
2417335 
2469937 
2472437 
2422804 
2407908 
2406659 
2404680 
2465563 
2348224 
2370254 
2371556 
2419263 
2418585 
2416242 
2307288 
2407752 
2410304 
2370827 
2372389 
2401138 
2349735 
2394941 
2398639 
2402805 
2420512 
2444000 
2464416 
2398065 
2407284 
2404731 
2392076 
2385983 
2418168 
2401972 
2387597 
2419627 
2345099 
2360202 
2368119 
2380671 
2361453 
2392076 
2357599 
2419054 
2486707 
2427856 
2419314 
2354266 
2351974 
2406606 
2394940 
2402024 
2345881 
2404263 
2380671 
2415200 
2358900 
2616128 
2468375 
2414627 
2395357 
2372701 
2419627 
2452437 
2445407 
2463374 
2507123 
2545819 
2447959 
2452646 
2714769 
2919239 
2468740 
2416398 
2388170 
2389368 
2381816 
2366452 
2389629 
2392389 
2366817 
2373223 
2454938 
2410513 
2374786 
2411502 
2355984 
2351610 
2442386 
2339631 
2397544 
2308747 
2356401 
2366556 
2349838 
2394628 
2377598 
2359473 
2369369 
2423273 
2412804 
2374629 
2379421 
2384055 
2419054 
2448844 
2396815 
2440251 
2314371 
2463687 
2511445 
2364473 
2417856 
2358900 
2458896 
2388430 
2426449 
2450042 
2466864 
2323746 
2259582 
2339214 
2363900 
2309372 
2469208 
2775235 
2515247 
2368744 
2364421 
2419679 
2401294 
2320933 
2389889 
2403951 
2347442 
2419106 
2392284 
2428897 
2375046 
2376816 
2344682 
2396503 
2381451 
2537903 
2431606 
2439834 
2401868 
2407648 
2423794 
2365879 
2301715 
2406971 
2407180 
2415356 
2426085 
2417596 
2361817 
2458896 
2324423 
2396815 
2375879 
2406399 
2346453 
2362859 
2367025 
2408273 
2328016 
2342339 
2452803 
2400721 
2331141 
2387129 
2380670 
2383066 
2347755 
2440564 
2402544 
2396711 
2403586 
2347078 
2366505 
2435407 
2410096 
2410565 
2350203 
2578422 
2571598 
2531861 
2448375 
2344735 
2336037 
2410356 
2325673 
2442803 
2361400 
2438064 
2370462 
2444886 
2423898 
2453272 
2536132 
2440564 
2394471 
2499154 
2378326 
2482541 
2429210 
2426919 
2372598 
2386920 
2387545 
2341297 
2351141 
2352650 
2345255 
2470302 
2483166 
2427231 
2468218 
2428117 
2416085 
2393117 
2382128 
2409471 
2401919 
2425980 
2360254 
2395305 
2352911 
2396451 
2430147 
2372598 
2392284 
2351401 
2390566 
2407336 
2376816 
2382910 
2466500 
2512279 
2400305 
2440615 
2423117 
2389315 
2399316 
2405097 
2417699 
2378066 
2459312 
2404888 
2425512 
2409419 
2394576 
2415095 
2394888 
2409471 
2413273 
2403065 
2393795 
2440928 
2437855 
2395201 
2429835 
2427387 
2448740 
2400096 
2392493 
2382077 
2343693 
2437334 
2398118 
2395253 
2388847 
2435460 
2355515 
2403013 
2415200 
2389785 
2405877 
2363015 
2399471 
2325725 
2393378 
2349422 
2379108 
2393743 
2617951 
2398065 
2437594 
2405357 
2392701 
2342131 
2400409 
2398690 
2423793 
2396867 
2380150 
2393013 
2395618 
2449313 
2403013 
2400774 
2306299 
2336454 
2434835 
3601551 
2491927 
2434583 
2371509 
2339116 
2386304 
2386250 
2350731 
2417448 
2374168 
2421717 
2325472 
2442238 
2358334 
2421145 
2344168 
2389011 
2384688 
2401875 
2366876 
2394583 
2394063 
2424530 
2386875 
2405937 
2356668 
2419635 
2433436 
2407916 
2405312 
2391719 
2432030 
2418280 
2404687 
2388646 
2418436 
2403177 
2442550 
2412656 
2369168 
2399270 
2416875 
2399479 
2323805 
2392187 
2407864 
2417916 
2410521 
2414583 
2410364 
2470987 
2412551 
2413593 
2414530 
2414582 
2410989 
2357345 
2417239 
2408177 
2371147 
2445311 
2373282 
2345575 
2377240 
2347555 
2389427 
2409843 
2397916 
2429061 
2822481 
2477184 
2364221 
2356929 
2431457 
2474736 
2419582 
2381667 
2385729 
2419061 
2401718 
2409478 
2490465 
2407447 
2406406 
2422708 
2422030 
2392812 
2378595 
2507287 
2392760 
2434113 
2396927 
2479528 
2487861 
2438853 
2394323 
2401406 
2412811 
2455466 
2371980 
2385677 
2386250 
2428905 
2398177 
2403646 
2408228 
2439582 
2410520 
2374376 
2385260 
2410677 
2380469 
2421613 
2397708 
2367866 
2384479 
2331826 
2378126 
2431196 
2384792 
2403229 
2325055 
2374845 
2411301 
2412968 
2420207 
2405677 
2404427 
2507755 
2396719 
2420051 
2404479 
2390260 
2353440 
2448800 
2357762 
2446977 
2398750 
2401823 
2328492 
2394688 
2449060 
2402396 
2433487 
2372449 
2443227 
2471611 
2436040 
2356617 
2371928 
2417082 
2402708 
2342919 
2364950 
2335472 
2368907 
2389219 
2369741 
2360001 
2378699 
2401719 
2399427 
2422707 
2429321 
2408541 
2387552 
2365939 
2431873 
2433644 
2372293 
2361824 
2447967 
2409687 
2449008 
2330471 
2402552 
2419686 
2416666 
2384376 
2376408 
2426509 
2424269 
2368179 
2363126 
2396198 
2325055 
2420363 
2370991 
2342398 
2419790 
2434165 
2398333 
2389115 
3727651 
2517911 
2446925 
2395677 
2397656 
2458643 
2423332 
2345471 
2314691 
2419322 
2325316 
2390157 
2400417 
2381199 
2416301 
2361199 
2392760 
2479892 
2464164 
2445154 
2401927 
2466924 
2447290 
2410364 
2404114 
2341669 
2474163 
2411406 
2356877 
2439581 
2390208 
2339221 
2437186 
2406197 
2377917 
2416614 
2370001 
2370314 
2420468 
2397188 
2397500 
2405052 
2358439 
2401979 
2421509 
2395885 
2416301 
2379324 
2361981 
2489111 
2327502 
2409791 
2408385 
2418540 
2539630 
2400521 
2366980 
2426561 
2381823 
2378855 
2334638 
2421509 
2405103 
2416562 
2456664 
2403124 
2494059 
2420624 
2471663 
2477549 
2401354 
2409895 
2366043 
2372137 
2337867 
2410416 
2373490 
2328076 
2422863 
2375834 
2362293 
2393073 
2368230 
2315837 
2382292 
2356356 
2368439 
2402240 
2398646 
2345940 
2346929 
2374688 
2380678 
2347555 
2422135 
2347971 
2399687 
2380521 
2408853 
2403854 
2418489 
2410989 
2386146 
2405780 
2444321 
2391354 
2426144 
2424999 
2426821 
2374792 
2429426 
2476455 
2461611 
2436300 
2444060 
2434426 
2488746 
2405156 
2455414 
2429217 
2415364 
2323805 
2397240 
2400417 
2489059 
2762796 
2558222 
2466351 
2397136 
2411718 
2404792 
2363856 
2442810 
2345107 
2398230 
2374376 
2423749 
2436873 
2363595 
2397448 
2367398 
2441144 
2500777 
2386771 
2429114 
2384428 
2381876 
2456456 
3540159 
2387084 
2373126 
2391823 
2391094 
2467236 
2419634 
2396823 
2388854 
2381459 
2421405 
2370522 
2376303 
2341565 
2396563 
2443227 
2467497 
2462966 
2402708 
2426145 
2403437 
2446248 
2400312 
2414322 
2356356 
2374793 
2395052 
2365210 
2387240 
2430259 
2431249 
2414062 
2369793 
2346148 
2427447 
2430416 
2392343 
2404270 
2393751 
2344430 
2424321 
2472393 
2449945 
2406719 
2421249 
2507964 
2381563 
2427863 
2418229 
2356303 
2394063 
2454372 
2379480 
2377605 
2397968 
2389844 
2323753 
2436717 
2442342 
2370522 
2361304 
2316930 
2380313 
2377762 
2374584 
2405729 
2392812 
2329170 
2403021 
2460623 
2445362 
2424946 
2404795 
2433916 
2372616 
2336314 
2371621 
2383445 
2392040 
2418757 
2403289 
2344645 
2413704 
2371623 
2370112 
2415997 
2351884 
2351623 
2376154 
2490524 
2493233 
2450422 
2401986 
2454536 
2349749 
2418548 
2313864 
2396934 
2422559 
2384799 
2383810 
2411517 
2399642 
2406309 
2400580 
2355582 
2387404 
2400944 
2433391 
2407507 
2402664 
2401934 
2373810 
2440266 
2321365 
2409954 
2412402 
2399382 
2428757 
2419278 
2440891 
2381883 
2387456 
2387821 
2423913 
2423131 
2415528 
2357353 
2434693 
2426985 
2364905 
2398653 
2396726 
2458859 
2462609 
2494378 
2381415 
2462922 
2462661 
2394747 
2411413 
2397924 
2364800 
2393080 
2400059 
2388810 
2408704 
2423235 
2437349 
2410945 
2337875 
2414486 
2411621 
2355791 
2370425 
2395007 
2414069 
2400997 
2407038 
2365894 
2356884 
2342145 
2323240 
2442558 
2346572 
2407975 
2369592 
2430579 
2425735 
2381310 
2326990 
2432193 
2424797 
2455214 
2368185 
2396361 
2369852 
2405475 
2420527 
2377092 
2419641 
2407403 
2451619 
2418444 
2389643 
2399903 
2409799 
2419277 
2398236 
2422559 
2395789 
2399017 
2379019 
2394174 
2390945 
2398080 
2364748 
2410788 
2422455 
2391050 
2330635 
2408132 
2346415 
2423705 
2387612 
2427245 
2332406 
2394851 
2379696 
2400372 
2414486 
2393133 
2387403 
2457192 
2381882 
2350270 
2388341 
2436151 
2412559 
2398913 
2368498 
2434016 
2437818 
2397611 
2355686 
2414069 
2772492 
2740827 
2431047 
2514586 
2481359 
2445683 
2408080 
2408861 
2441568 
2409954 
2401465 
2346415 
2428808 
2430475 
2353602 
2400476 
2371206 
2371571 
2440735 
2342353 
2373966 
2393185 
2404382 
2421621 
2428443 
2370425 
2429017 
2385632 
2503649 
2341416 
2351988 
2408913 
2389174 
2439120 
2419954 
2352613 
2366831 
2437402 
2407819 
2379852 
2389955 
2392559 
2355426 
2410945 
2434902 
2346572 
2431724 
2405945 
2391934 
2389174 
2398236 
2438078 
2384383 
2483493 
2366154 
2484014 
2452661 
2464224 
2416361 
2401726 
2427662 
2403237 
2362560 
2386779 
2346364 
2335478 
2347509 
2445370 
2369695 
2416621 
2422714 
2410944 
2391883 
2429381 
2373498 
2340009 
2390633 
2430475 
2495264 
2457609 
2430215 
2476879 
2383601 
2318032 
2330218 
2378498 
2425371 
2364175 
2415892 
2392091 
2353134 
2377404 
2432558 
2433287 
2404069 
2419902 
2362144 
2380268 
2465421 
2365842 
2400944 
2406100 
2399330 
2421986 
2472504 
2421048 
2411361 
2431985 
2362352 
2343238 
2379435 
2449641 
2443078 
2404955 
2395581 
2436568 
3612250 
2458702 
2357405 
2438703 
2384487 
2452870 
2498597 
2462349 
2403862 
2415631 
2399174 
2318396 
2420319 
2385008 
2380997 
2390008 
2408444 
2397820 
2395268 
2351884 
2393445 
2392455 
2365789 
2396986 
2394695 
2287303 
2388185 
2416882 
2374696 
2392351 
2421725 
2374591 
2375946 
2389643 
2420475 
2412455 
2418183 
2403601 
2389851 
2410371 
3102375 
2569063 
2540158 
2621873 
2720567 
2419954 
2553543 
2626508 
2572448 
2644581 
2465109 
2427558 
2671819 
2350895 
2397091 
2437610 
2449693 
2367768 
2408652 
2481774 
2443911 
2353082 
2413183 
2380581 
2522242 
2443651 
2341312 
2396257 
2394747 
2437609 
2413236 
2386935 
2367144 
2384487 
2438807 
2386987 
2424746 
2400581 
2375164 
2382403 
2539324 
2412455 
2407819 
2391935 
2383081 
2421986 
2519482 
2420735 
2478858 
2413236 
2395789 
2391413 
2399070 
2406569 
2410267 
2362821 
2409226 
2424381 
2399851 
2408809 
2361467 
2413705 
2392507 
2373446 
2329438 
2411256 
2369123 
2332562 
2429953 
2355634 
2410684 
2359384 
2367977 
2324072 
2335374 
2386362 
2381674 
2419329 
2434432 
2409538 
2323448 
2397455 
2362561 
2443547 
2414017 
2425631 
2326364 
2374904 
2469327 
2362821 
2430839 
2355738 
3192527 
2556043 
2406986 
2440526 
2412351 
2436724 
2406569 
2444172 
2399070 
2415527 
2402924 
2448703 
2465577 
2470849 
2504856 
2463500 
2418451 
2505324 
2422411 
2394391 
2366942 
2401473 
2382150 
2468606 
2397671 
2427774 
2397358 
2461626 
2369651 
2430430 
2401733 
2418504 
2451992 
2477563 
2440794 
2404650 
2413607 
2534801 
2423867 
2455846 
2427097 
2387514 
2383140 
2419701 
2398035 
2440533 
2373037 
2451575 
2376525 
2421004 
2403921 
2405483 
2352933 
2411107 
2398661 
2486418 
2456783 
2446523 
2419910 
2423920 
2397202 
2372671 
2386786 
2475845 
2430221 
2374911 
2335902 
2424285 
2408608 
2435066 
2417045 
2470793 
2437773 
2470063 
2411785 
2444024 
2388661 
2425951 
2342620 
2418920 
2408816 
2391004 
2380797 
2387255 
2420690 
2351527 
2381473 
2262884 
2237937 
2443659 
2442044 
2405014 
2357568 
2421003 
2415014 
2441367 
2376265 
2397619 
2401889 
2418711 
2437097 
2418764 
2413295 
2407149 
2336007 
2435065 
2414701 
2391733 
2395535 
2425430 
2401994 
2433764 
2388713 
2449700 
2375328 
2417358 
2347829 
2367099 
2392410 
2379599 
2417306 
2408816 
2363453 
2415899 
2389754 
2403296 
2387983 
2368245 
2366474 
2358818 
2411837 
2396369 
2361787 
2394077 
2418763 
2395483 
2346423 
2388661 
2348870 
2424180 
2402618 
2385483 
2364391 
2356006 
2381473 
2423920 
2386734 
2387098 
2348297 
2420587 
2422201 
2404754 
2451054 
2432930 
2422149 
2439336 
2332933 
2377307 
2386473 
2395119 
2369443 
2404129 
2349078 
2346892 
2386057 
2442096 
2417045 
2407983 
2418139 
2411368 
2371005 
2365276 
2411472 
2407046 
2320851 
2392931 
2411108 
2393661 
2361371 
2389599 
2331684 
2368713 
2334965 
2327517 
2356891 
2394025 
2344860 
2411368 
2328142 
2414076 
2348349 
2400379 
2352777 
2378348 
2374286 
2412462 
2394754 
2385796 
2385119 
2440169 
2425274 
2397358 
2391993 
2412774 
2367412 
2421108 
2338559 
2413191 
2331006 
3560648 
2435638 
2393505 
2328038 
2441367 
2396786 
2400848 
2399337 
2378401 
2435794 
2360798 
2369390 
2351787 
2352568 
2382984 
2355276 
2401889 
2329288 
2407045 
2373140 
2382828 
2274446 
2337101 
2335902 
2438919 
2379077 
2442044 
2405431 
2398244 
2397462 
2418764 
2338975 
2356631 
2326892 
2411159 
2410118 
2423295 
2387671 
2430795 
2425847 
2666879 
2690993 
2428138 
2446732 
2431628 
2422097 
2437565 
2385328 
2416107 
2405379 
2354027 
2269551 
2491000 
2439179 
2433451 
2396109 
2415952 
2401056 
2433086 
2397671 
2433242 
2373817 
2474595 
2396838 
2421524 
2406785 
2399598 
2453398 
2426263 
2410431 
2436576 
2429232 
2464387 
2415743 
2381057 
2402774 
2419962 
2418660 
2356266 
2398244 
2377880 
2415118 
2445222 
2353454 
2385848 
2415638 
2420639 
2393453 
2382411 
2410847 
2391265 
2482667 
2392567 
2401264 
2313194 
2399754 
2438398 
2428555 
2365588 
2381421 
2379443 
2420222 
2455742 
2392879 
2409389 
2354652 
2440430 
2398660 
2413451 
2386109 
2394077 
2343506 
2438867 
2349235 
2495844 
2383713 
2423451 
2408869 
2498292 
2414076 
2454387 
2371526 
2416941 
2436002 
2397567 
2426888 
2431628 
2375641 
2385848 
2373609 
2366839 
2381682 
2431055 
2439336 
2428555 
2444440 
2397411 
2430378 
2452148 
2407358 
2435169 
2396890 
2427774 
2395692 
2392879 
2384703 
2400483 
2393869 
2413086 
2404181 
2379078 
2390849 
2340537 
2380588 
2380276 
2393816 
2357412 
2335381 
2418503 
2522354 
2461835 
2335850 
2409337 
2356631 
2397514 
2439023 
2388921 
2397097 
2394077 
2313924 
2441679 
2326111 
2353506 
2401108 
2401472 
2398140 
2492094 
2407254 
2396577 
2364443 
2484439 
2402046 
2414754 
2424076 
2500531 
2446366 
2431627 
2400431 
2405119 
2371995 
2421055 
2415170 
2409910 
2332361 
2415014 
2399598 
2332309 
2362047 
2406004 
2374390 
2397827 
2337205 
2457772 
2419909 
2439231 
2365745 
2350850 
2397202 
2413087 
2391161 
2447043 
2429648 
2416264 
2423868 
2406994 
2400067 
2418608 
2338510 
2366850 
2468669 
2444866 
2423248 
2425281 
2474656 
2385127 
2349607 
2423198 
2322160 
2406428 
2328097 
2372314 
2399865 
2392365 
2362315 
2508403 
2484863 
2433926 
2410073 
2454551 
2391845 
2377314 
2364970 
2406375 
2397626 
2402886 
2332628 
2418406 
2374345 
2400595 
2391532 
2338409 
2399553 
2389449 
2458301 
2430437 
2406323 
2426583 
2381116 
2415438 
2351689 
2404396 
2313722 
2388876 
2432156 
2324191 
2447051 
2407418 
2448770 
2438926 
2360960 
2468718 
2427051 
2407990 
2401272 
2426375 
2412364 
2382418 
2403147 
2443979 
2400073 
2434134 
2386480 
2418303 
2441218 
2417052 
2360283 
2373564 
2404709 
2456530 
2639389 
2740896 
2480644 
2433614 
2388303 
2406740 
2377991 
2426843 
2387158 
2383929 
2347471 
2371950 
2423042 
2386585 
2338930 
2408459 
2403147 
2461946 
2487206 
2443354 
2403719 
2409500 
2461009 
2406531 
2418406 
2422208 
2406427 
2423198 
2375231 
2382053 
2429187 
2400386 
2392105 
2437052 
2452676 
2463509 
2408511 
2461530 
2405750 
2406375 
2380387 
2482258 
2350440 
2376324 
2444031 
2459239 
2414136 
2389397 
2392262 
2419813 
2452051 
2395907 
3610396 
2451894 
2426271 
2411271 
2465748 
2421844 
2416531 
2426896 
2553715 
2462988 
2397730 
2501893 
2489549 
2474030 
2425177 
2428197 
2391741 
2402000 
2376429 
2346013 
2406271 
2398824 
2427781 
2391793 
2342472 
2353930 
2390022 
2375439 
2340076 
2419553 
2380439 
2412521 
2416532 
2406168 
2343148 
2423146 
2383824 
2407729 
2377054 
2399604 
2408928 
2353200 
2426688 
2396168 
2438718 
2385075 
2426531 
2400230 
2394762 
2423407 
2405698 
2434760 
2439030 
2411167 
2391793 
2362366 
2395074 
2443353 
2380230 
2410907 
2380856 
2373304 
2342003 
2400021 
2397626 
2406584 
2414397 
2473248 
2404709 
2531527 
2413041 
2452884 
2384449 
2412938 
2404865 
2410959 
2402001 
2450801 
2372991 
2416323 
2340388 
2430021 
2385491 
2396271 
2350856 
2409553 
2382106 
2387261 
2403511 
2375335 
2402626 
2372054 
2390647 
2421219 
2391897 
2387939 
2421427 
2518976 
2368929 
2405386 
2390334 
2422417 
2489602 
2413719 
2287265 
2336117 
2377731 
2420854 
2408615 
2372783 
2367262 
2404396 
2382262 
2420958 
2358772 
2414605 
2420750 
2420646 
2350128 
2417990 
2403094 
2426375 
2437520 
2424812 
2376168 
2410646 
2384241 
2391792 
2396324 
2419656 
2432937 
2423146 
2332472 
2350961 
2360648 
2429500 
2363773 
2452988 
2401167 
2349607 
2332680 
2435802 
2384814 
2406167 
2395230 
2437625 
2407157 
2460384 
2372887 
2391168 
2388928 
2426844 
2389553 
2427729 
2378773 
2488352 
2429552 
2317889 
2415333 
2418198 
2414864 
2373772 
2384553 
2426531 
2374085 
2444499 
2424917 
2433615 
2357523 
2401741 
2393564 
2379033 
2397522 
2444708 
2404605 
2386324 
2400386 
2400073 
2385803 
2347472 
2387366 
2387210 
2330232 
2399084 
2374241 
2431531 
2382731 
2437989 
2400229 
2356586 
2410438 
2422781 
2390959 
2438093 
2437729 
2390282 
2405438 
2579702 
2721625 
2394866 
2359346 
2412052 
2434448 
2520278 
2411010 
2301796 
2403563 
2384606 
2424865 
2419239 
2474551 
2414969 
2406480 
2438510 
2411687 
2421375 
2405802 
2395595 
2397001 
2426219 
2283723 
2393251 
2400126 
2449239 
2436739 
2404084 
2403876 
2437937 
2469082 
2438458 
2439343 
2401116 
2494185 
2447885 
2464863 
2412312 
2408302 
2444967 
2428458 
2405906 
2409501 
2400490 
2353357 
2414397 
2351013 
2366325 
2458145 
2399657 
2428979 
2424968 
2422000 
2413928 
2395959 
2424083 
2334347 
2382002 
2439343 
2416896 
2367679 
2405854 
2434447 
2458978 
2367054 
2391480 
2349189 
2373044 
2418615 
2422885 
2396532 
2399553 
2352783 
2495123 
2423406 
2499184 
2397990 
2458666 
2390074 
2436478 
2406584 
2405074 
2436010 
2376741 
2380491 
2408094 
2401220 
2683606 
2358096 
2431271 
2419136 
2422208 
2406531 
2392422 
2371596 
2401646 
2456588 
2364664 
2400652 
2413674 
2406435 
2420809 
2393727 
2393779 
2387164 
2410966 
2412112 
2414508 
2389091 
2407373 
2400237 
2447162 
2393519 
2432475 
2363155 
2399403 
2429090 
2397789 
2454297 
2471797 
2458048 
2444142 
2344822 
2393206 
2428465 
2451798 
2444037 
2429038 
2404352 
2405653 
2371592 
2429090 
2372841 
2397997 
2379404 
2391539 
2438985 
2402529 
2402164 
2447632 
2418673 
2420080 
2409820 
2410549 
3538535 
2328937 
2421487 
2481068 
2405498 
2424455 
2426694 
2421539 
2439559 
2410758 
2393206 
2401747 
2422840 
2477318 
2427944 
2424038 
2412476 
2431381 
2378675 
2359353 
2421382 
2433205 
2503931 
2457058 
2408726 
2434298 
2426955 
2453413 
2444976 
2378415 
2481484 
2456954 
2366957 
2391019 
2402268 
2432267 
2403518 
2415237 
2379821 
2415653 
2435184 
2411955 
2388779 
2395445 
2372894 
2387217 
2427476 
2431070 
2435028 
2391747 
2404768 
2437215 
2439454 
2449975 
2439454 
2459089 
2467371 
2437476 
2414195 
2425757 
2397372 
2415601 
2403205 
2421017 
2369508 
2354144 
2384769 
2403205 
2362165 
2376957 
2393050 
2380863 
2425080 
2396123 
2400861 
2421903 
2432892 
2402424 
2428309 
2465599 
2441798 
2420392 
2384612 
2418934 
2424976 
2401799 
2387008 
2394768 
2420705 
2392061 
2399560 
2373519 
2400914 
2426278 
2428569 
2459923 
2384404 
2413882 
2369509 
2468307 
2421383 
2382581 
2466380 
2714185 
2627625 
2404976 
2401331 
2407893 
2485703 
2391851 
2439611 
2344197 
2383988 
2379457 
2403310 
2356071 
2401330 
2433726 
2389872 
2436225 
2414716 
2425444 
2428465 
2378415 
2400914 
2409976 
2423725 
2413049 
2500806 
2368362 
2454766 
2362373 
2385342 
2362791 
2345500 
2433882 
2388623 
2388674 
2418258 
2372842 
2405862 
2357582 
2553565 
2492317 
2474609 
2454558 
2412372 
2446434 
2370863 
2407476 
2376175 
2410497 
2377998 
2463777 
2367478 
2424819 
2355290 
2432476 
2398467 
2415237 
2434923 
2400809 
2395341 
2465078 
2383259 
2392894 
2371280 
2423049 
2408727 
2298573 
2336853 
2427476 
2408830 
2389143 
2367113 
2425027 
2418361 
2411955 
2406123 
2445131 
2410341 
2422580 
2410289 
2451277 
2379612 
2356905 
2353988 
2485755 
2438465 
2408622 
2393050 
2407216 
2387112 
2430704 
2339458 
2418049 
2388518 
2398362 
2392268 
2402737 
2390342 
2376071 
2363103 
2436590 
2336281 
2348937 
2321073 
2408154 
2397424 
2360290 
2402060 
2356280 
2334353 
2345811 
2379925 
2418414 
2383415 
2413934 
2414351 
2431069 
2371488 
2378050 
2382477 
2411695 
2399247 
2539764 
2400185 
2385237 
2427788 
2401852 
2329510 
2357582 
2378311 
2422423 
2409195 
2430080 
2411643 
2381122 
2330082 
2498151 
2456902 
2458412 
2417893 
2481901 
2405653 
2407736 
2345291 
2408309 
2358311 
2393206 
2397737 
2342843 
2371644 
2439194 
2383206 
2406747 
2329457 
2397737 
2430913 
2428830 
2384352 
2428777 
2348780 
2456641 
2399091 
2418674 
2317635 
3694050 
2730695 
2449819 
2448620 
2433361 
2420133 
2540024 
2467943 
2429351 
2389612 
2382216 
2397008 
2434976 
2372790 
2415445 
2320812 
2402685 
2340395 
2412945 
2398779 
2494766 
2389456 
2426850 
2429767 
2476901 
2484922 
2421850 
2408518 
2378883 
2382373 
2428882 
2404038 
2405029 
2336177 
2422892 
2414924 
2421850 
2417789 
2356124 
2420392 
2422372 
2341385 
2381487 
2384456 
2403570 
2395028 
2410392 
2470651 
2508358 
2430028 
2397112 
2416695 
2420184 
2399196 
2436798 
2429559 
2397945 
2341332 
2382894 
2444298 
2450183 
2410861 
2434403 
2331957 
2338156 
2372634 
2354145 
2408362 
2353415 
2395133 
2381279 
2375029 
2358363 
2343416 
3548638 
2379352 
2398102 
2494349 
2426278 
2356228 
2422580 
2405810 
2365915 
2417892 
2746736 
2854754 
2438101 
2330187 
2342843 
2451798 
2409872 
2423621 
2364977 
2394095 
2443841 
2417695 
2404569 
2381076 
2384723 
2436128 
2452377 
2408160 
2464669 
2388317 
2437170 
2331235 
2403317 
2393578 
2371026 
2469044 
2431961 
2405088 
2428577 
2383578 
2460085 
2360818 
2359672 
2382745 
2400140 
2427066 
2426754 
2401286 
2388369 
2399306 
2357172 
2411494 
2432691 
2389932 
2431285 
2465450 
2429513 
2372224 
2438785 
2437378 
2437170 
2432638 
2409358 
2416025 
2407327 
2413056 
2370297 
2425035 
2381807 
2414566 
2422274 
2381182 
2411077 
2424097 
2446545 
2334308 
2332694 
2401545 
2338578 
2429514 
2413264 
2376599 
2437534 
2374828 
2411129 
2378994 
2402692 
2402848 
2425295 
2463367 
2397796 
2404098 
2428055 
2428628 
2411494 
2374098 
2425764 
2362172 
2461232 
2403056 
2418004 
2410088 
2364203 
2399983 
2392588 
2398577 
2395452 
2420503 
2462273 
2490762 
2380140 
2398577 
2375088 
2392275 
2412066 
2405400 
2419774 
2437535 
2391702 
2398317 
2365974 
2408942 
2376182 
2401806 
2406910 
2346600 
2403941 
2492064 
2439409 
2392640 
2421441 
2383473 
2388057 
2386130 
2358005 
2408733 
2361339 
2456127 
2360141 
2433264 
2405816 
2404723 
2355818 
2424723 
2367797 
2405087 
2441180 
2407326 
2396807 
2392639 
2440815 
2386442 
2396910 
2428264 
2410035 
2418473 
2327641 
2439722 
2432482 
2405088 
2410764 
2364360 
2523262 
2405452 
2400713 
2353943 
2435920 
2372172 
2404827 
2393838 
2394619 
2373995 
2402535 
2395765 
2389046 
2405035 
2439045 
2382641 
2423473 
2408212 
2374151 
2375557 
2417743 
2360661 
2382223 
2408472 
2415504 
2414983 
2484825 
2471491 
2449200 
2395504 
2432534 
2339048 
2400816 
2433472 
2379880 
2375244 
2366651 
2386077 
2410765 
2388317 
2433108 
2358839 
2397587 
2380453 
2372484 
2390140 
2406337 
2382952 
2414254 
2440190 
2665705 
2463263 
2432431 
2432534 
2346808 
2310038 
2361964 
2399462 
2449878 
2339724 
2368942 
2367588 
2394567 
2364724 
2379776 
2364776 
2434409 
2403681 
2451388 
2480450 
2395557 
2379671 
2453836 
2395296 
2424149 
2361963 
2388161 
2403993 
2414566 
2411025 
2377276 
2420348 
2412431 
2359932 
2419827 
2285872 
2405087 
2341392 
2363006 
2419931 
2352433 
2335610 
2396963 
2409411 
2443107 
2374671 
2331287 
2633727 
2790129 
2490605 
2438160 
2564718 
2391598 
2413628 
2431076 
2382328 
2368995 
2477273 
2404410 
2405036 
2469252 
2416181 
2359776 
2412951 
2424358 
2442638 
2381078 
2394567 
2360922 
2411754 
2379567 
2359152 
2408056 
2385245 
2408004 
2433003 
2399150 
2344621 
2418004 
2396130 
2458523 
2399150 
2420712 
2384828 
2403212 
2363995 
2420399 
2437691 
2383578 
2361703 
2462169 
2324986 
2429253 
2384567 
2371963 
2422586 
2393837 
2399827 
2403160 
2331027 
2435243 
2329204 
2433212 
2409983 
2395192 
2459774 
2436389 
2403368 
2408941 
2467377 
2471388 
2488783 
2423368 
2407899 
2394724 
2450764 
2267383 
2202333 
2333110 
2352068 
2444774 
2446076 
2428003 
2351964 
2402691 
2407692 
2434722 
2409150 
2418629 
3547763 
2413108 
2387901 
2399410 
2434305 
2425191 
2434982 
2432743 
2426389 
2414202 
2408368 
2435191 
2378265 
2438889 
2421962 
2418108 
2419930 
2464513 
2413733 
2434305 
2413473 
2478940 
2427483 
2409775 
2414514 
2401285 
2328631 
2448680 
2569666 
2338058 
2503470 
2418681 
2408629 
2409567 
2491492 
2562218 
2489773 
2449253 
2361339 
2400192 
2404515 
2413524 
2418420 
2410660 
2436076 
2449826 
2393681 
2375713 
2403577 
2400504 
2381546 
2337902 
2408890 
2428003 
2390609 
2419722 
2359151 
2393473 
2418264 
2429774 
2439462 
2451179 
2483262 
2526073 
2416025 
2394202 
2393630 
2407066 
2364671 
2381025 
2370922 
2416597 
2420451 
2416962 
2361443 
2380609 
2398890 
2394880 
2346026 
2392588 
2430191 
2328632 
2373474 
2439305 
2412848 
2419462 
2375296 
2331183 
2430868 
2338371 
2402535 
2390556 
2413425 
2610302 
2369370 
2397649 
2380614 
2353689 
2412177 
2377595 
2374470 
2463322 
2340617 
2462072 
2352648 
2459780 
2516706 
2430146 
2403375 
2418948 
2401084 
2412385 
2413063 
2434520 
2344731 
2381553 
2375720 
2411084 
2424520 
2420302 
2408844 
2369678 
2454780 
2421968 
2408532 
2400511 
2363377 
2383376 
2373793 
2373168 
2359001 
2426552 
2396917 
2388376 
2398271 
2463374 
2422386 
2472124 
2428479 
2394886 
2410094 
2433791 
2383480 
2364834 
2450979 
2465978 
2494883 
2359262 
2528372 
2367960 
2417959 
2448739 
2442906 
2420719 
2414625 
2441708 
2428740 
2418427 
2420667 
2400823 
2412594 
2447697 
2393428 
2412230 
2379574 
2427177 
2577486 
2912217 
2294785 
2425823 
2346189 
2411657 
2395719 
2421448 
2361032 
2422802 
2425511 
2391344 
2430458 
2401240 
2355460 
2419730 
2382335 
2434208 
2474572 
2427698 
2401188 
2377959 
2442489 
2475769 
2423323 
2355304 
2481290 
2454937 
2430198 
2441343 
2417021 
2421396 
2378533 
2434520 
2375824 
2381501 
2445249 
2430094 
2379366 
2396917 
2373741 
2431656 
2396552 
2400407 
2393792 
2424104 
2357908 
2420094 
2359314 
2389418 
2398792 
2389521 
2336190 
2408635 
2418323 
2419573 
2402490 
2340825 
2394521 
2386917 
2370564 
2411448 
2388012 
2419677 
2415094 
2407230 
2443322 
2359314 
2374887 
2337231 
2337752 
2419521 
2414052 
2385303 
2297858 
2425771 
2424885 
2375095 
2482748 
2523633 
2483269 
2462541 
2384574 
2411709 
2404469 
2393741 
2427490 
2408063 
2381709 
2412541 
2399678 
2372856 
2361137 
2403897 
2397751 
2397542 
2416708 
2440510 
2383428 
2393324 
2378011 
2427125 
2400772 
2385875 
2383741 
2431708 
2410406 
2431031 
2444781 
2332596 
2411500 
2449833 
2424000 
2398376 
2405198 
2408323 
2332128 
2376866 
2422959 
2385251 
2387490 
2425771 
2396657 
2380147 
2309732 
2373688 
2422229 
2367386 
2433635 
