1231979 
1594375 
1731510 
1691666 
1623438 
1637552 
1628437 
1619375 
1651406 
1650781 
1623698 
1627344 
1598489 
1643854 
1645000 
1583854 
1580156 
1574844 
1579115 
1588698 
1571562 
1570521 
1586406 
1575729 
1533906 
1583645 
1621146 
1613802 
1552760 
1609479 
1564584 
1569115 
1610417 
1589114 
1594739 
1578333 
1608490 
1627604 
1635364 
1612083 
1597812 
1594948 
1573125 
1642969 
1613490 
1584062 
1605313 
1583854 
1674271 
1591042 
1597344 
1614115 
1590521 
1597760 
1599531 
1588021 
1593645 
1636250 
1640156 
1634427 
1577968 
1621511 
1604323 
1592343 
1584948 
1626823 
1631927 
1604584 
1670208 
1591667 
1666615 
1609636 
1671406 
1627708 
1651198 
1635677 
1626666 
1655417 
1633489 
1670677 
1620208 
1648802 
1628646 
1659479 
1606511 
1630104 
2001719 
1982916 
1733438 
1668698 
1901562 
1562708 
1669428 
1513803 
1593698 
1619114 
1601511 
1541094 
1619427 
1511666 
1630312 
1494271 
1666875 
1486667 
1545990 
1685365 
1668750 
1627553 
1651718 
1596458 
1485729 
1592500 
1705521 
1506875 
1568386 
1477604 
1558854 
1574271 
1569323 
1559427 
1562656 
1555729 
1585416 
1550261 
1546875 
1654219 
1671145 
1674948 
1599739 
1662396 
1590156 
1507813 
1624479 
1659531 
1713333 
1591875 
1649844 
1597864 
1482604 
1662917 
1662083 
1585469 
1571562 
1620469 
1690417 
1554479 
1593854 
1558386 
1551979 
1563437 
1578438 
1601667 
1562136 
1571667 
1572917 
1570677 
1573959 
1575782 
1565625 
1571822 
1577135 
1574011 
1568021 
1573958 
1504219 
1526093 
1501042 
1564114 
1520208 
1506563 
1556927 
1564271 
1521823 
1530052 
1561511 
1533281 
1529635 
1540469 
1532916 
1576458 
1532500 
1543802 
1544479 
1534271 
1533750 
1503750 
1535104 
1541927 
1529375 
1539062 
1535938 
1545520 
1533489 
1530833 
1535156 
1544479 
1550364 
1561406 
1550052 
1543177 
1541042 
1525625 
1579271 
1534531 
1534948 
1394323 
1464323 
1442031 
1491042 
1518542 
1517187 
1489114 
1451927 
1456562 
1435052 
1488437 
1493802 
1481406 
1515313 
1455730 
1450312 
1455261 
1449687 
1450365 
1459062 
1466458 
1491510 
1486250 
1474427 
1490261 
1484114 
1490417 
1474583 
1482761 
1437187 
1538854 
1566406 
1626771 
1532552 
1532657 
1531615 
1511563 
1621198 
1530782 
1529948 
1533594 
1501562 
1502604 
1605573 
1502292 
1528750 
1512552 
1480052 
1470677 
1499948 
1675105 
1475468 
1603385 
1508282 
1495468 
1644271 
1577865 
1514531 
1483125 
1595677 
1474948 
1598959 
1474844 
1638281 
1464844 
1598073 
1477552 
1599322 
1561979 
1588542 
1552032 
1549948 
1539688 
1606614 
1551354 
1541146 
1576042 
1647604 
1453073 
1577344 
1552709 
1540416 
1558386 
1543021 
1522500 
1538854 
1740782 
1519479 
1553750 
1571614 
1556615 
1549688 
1535937 
1549062 
2351875 
1448177 
1557084 
1693125 
1632448 
1542135 
1542812 
1862708 
1642448 
1496197 
1655208 
1490677 
1647604 
1459219 
1621094 
1486875 
1556667 
1611250 
1698334 
1776093 
1426302 
1510000 
1475573 
1592916 
1522239 
1577187 
1641771 
1556875 
1526094 
1557656 
1493386 
1507968 
1448073 
1682343 
1490261 
1485990 
1597396 
1579062 
1524688 
1528698 
1704635 
1685782 
1677031 
1527448 
1549531 
1652135 
1524428 
1555729 
1570729 
1538281 
1573229 
1537031 
1611145 
1519740 
1559219 
1524635 
1535365 
1584844 
1536718 
1536771 
1697813 
1528489 
1517864 
1421355 
1551666 
1471770 
1544688 
1539531 
1543230 
1532136 
1590313 
1554479 
1634948 
1535365 
1654063 
1516407 
1653125 
1427396 
1486614 
1670365 
1374323 
1678593 
1427761 
1660000 
1448490 
1660469 
1487135 
1677656 
1429792 
1672084 
1480364 
1593177 
1565208 
1677552 
1479531 
1675990 
1430781 
1683385 
1471615 
1673125 
1451563 
1549322 
1674114 
1443333 
1507032 
1576615 
1651459 
1418646 
1741354 
1436302 
1526510 
1410989 
1566094 
1591719 
1469948 
1664948 
1471354 
1688646 
1451562 
1687395 
1438854 
1737708 
1437344 
1663281 
1563906 
1656510 
1453802 
1662657 
1439219 
1645313 
1442760 
1594844 
1839948 
1378489 
1556979 
1670104 
2358594 
1486042 
1757084 
1661615 
1512656 
1505990 
1498125 
1586406 
1668438 
1580156 
1595104 
1523802 
1656614 
1551354 
1614375 
1512812 
1608646 
1542343 
1593281 
1549635 
1595156 
1449219 
1402760 
1545260 
1595365 
1539114 
1591615 
1526198 
1586093 
1406927 
1529948 
1610104 
1519271 
1620000 
1510730 
1656406 
1501458 
1621771 
1489115 
1611563 
1547865 
1607240 
1503437 
1622448 
1512865 
1655573 
1494740 
1633125 
1490364 
1607396 
1548125 
1615521 
1487344 
1617864 
1509739 
1689219 
1489375 
1601458 
1504219 
1625625 
1510469 
1538021 
1512865 
1512083 
1522864 
1537083 
1513438 
1522343 
1525521 
1373385 
1418021 
1390364 
1388020 
1408593 
1452188 
1383073 
1396354 
1412500 
1383490 
1444479 
1407813 
1416146 
1408594 
1412917 
1395312 
1507448 
1517865 
1516094 
1521927 
1515261 
1474844 
1384375 
1392708 
1391719 
1543021 
1519844 
1549635 
1510990 
1528282 
1522396 
1547135 
1514948 
1532448 
1549531 
1406823 
1392136 
1383125 
1545312 
1511146 
1536302 
1513802 
1529844 
1501458 
1466823 
1531146 
1480781 
1450052 
1434323 
1494323 
1414062 
1379844 
1387709 
1369375 
1369323 
1409063 
1379584 
1377552 
1421458 
1405469 
1384479 
1391875 
1397708 
1450677 
1408594 
1416458 
1411875 
1485416 
1388854 
1447605 
1438125 
1462708 
1443489 
1443802 
1438385 
1444584 
1455729 
1443177 
1516823 
1462187 
1416354 
1510625 
1394740 
1533334 
1498438 
1404271 
1531511 
1498282 
1499739 
1506042 
1505260 
1499062 
1479167 
1475833 
1451302 
1562760 
1457448 
1456354 
1490105 
1465573 
1564792 
1476667 
1640104 
1549896 
1445677 
1436458 
1565678 
1554532 
1552917 
1547500 
1509531 
1465052 
1493021 
1489635 
1499635 
1461250 
1558230 
1514062 
1529011 
1466510 
1531823 
1419635 
1513282 
1527187 
1452032 
1511510 
1446979 
1526718 
1498073 
1521250 
1688958 
1527396 
1497084 
1467344 
1505000 
1489583 
1520521 
1415573 
1574583 
1777396 
1456823 
1670625 
1610417 
1535260 
1503438 
1694584 
1494583 
1505781 
1467605 
1598646 
1441198 
1533385 
1505885 
1510312 
1682760 
1520938 
1673646 
1454531 
1686979 
1454011 
1681770 
1451250 
1736927 
1445468 
1679532 
1526666 
1535312 
1546614 
1511458 
1501771 
1522136 
1517395 
1575989 
1506303 
1511146 
1551666 
1432917 
1532344 
1498854 
1508959 
1500885 
1540312 
1683490 
1503697 
1834219 
1388333 
1462239 
1490365 
1637083 
1386406 
1632500 
1370000 
1642708 
1354010 
1498438 
1634219 
1434688 
1630313 
1364791 
1619218 
1355104 
1520417 
1643178 
2480209 
1641198 
1352969 
1391041 
1666459 
1401354 
1644427 
1371302 
1649740 
1357865 
1498646 
1646458 
1356094 
1742344 
1356093 
1641927 
1431563 
1648385 
1367448 
1498802 
1640156 
1446615 
1648125 
1354427 
1812761 
1356042 
1744531 
1355989 
1477187 
1637135 
1355520 
1749843 
1365052 
1633229 
1357969 
1498385 
1633229 
1451562 
1637240 
1402135 
1643177 
1378750 
1511666 
1644531 
1370625 
1643750 
1372239 
1672240 
1366145 
1646719 
1366875 
1501458 
1739687 
1352135 
1641094 
1349011 
1521511 
1632552 
1464896 
1636823 
1376875 
1651615 
1427032 
1646042 
1356354 
1498697 
1641875 
1366510 
1663594 
1365885 
1658125 
1371979 
1509271 
1729948 
1359636 
1645833 
1415938 
1644635 
1355573 
1498125 
1645677 
1373282 
1647969 
1394271 
1660521 
1354687 
1779740 
1400782 
1504063 
1500416 
1469896 
1825156 
1658281 
1419427 
1648698 
1416615 
1489583 
1866770 
1420313 
1566562 
1619167 
1394948 
1643229 
1382969 
1540729 
1637969 
1369635 
1655990 
1361302 
1646510 
1396094 
1480781 
1721250 
1276094 
1665625 
1535625 
1634167 
1460990 
1642291 
1404166 
1646458 
1407761 
1533073 
1709792 
1357865 
1841927 
1411146 
1515469 
1539688 
1625104 
1533594 
1648438 
1426459 
1627187 
1415157 
1569218 
2347708 
1411615 
1654375 
1443802 
1635573 
1413594 
1712552 
1423438 
1632083 
1423646 
1502709 
1635677 
1351250 
1660885 
1476875 
1624687 
1413958 
1496927 
1643593 
1355313 
1666406 
1412500 
1629427 
1424687 
1634011 
1410833 
1559011 
1731406 
1348073 
1636042 
1494427 
1621875 
1485573 
1607448 
1426094 
1654896 
1437656 
1484636 
1635052 
1372969 
1746510 
1384896 
1575208 
1451875 
1494011 
1551615 
1397708 
1649010 
1460312 
1651094 
1373802 
1498229 
1649063 
1391354 
1655677 
1353125 
1650417 
1348906 
1636875 
1364739 
1509166 
1727032 
1358229 
1650104 
1462813 
1647083 
1407917 
1495677 
1561198 
1388802 
1632344 
1372031 
1511979 
1630782 
1360521 
1660000 
1373281 
1638177 
1354271 
1661875 
1274948 
1505521 
1666250 
1375157 
1650468 
1375781 
1670156 
1428073 
1493854 
1651562 
1381093 
1640260 
1372552 
1488646 
1632916 
1407291 
1641302 
1363906 
2153698 
2054531 
1539271 
1396927 
1718958 
1371771 
1506563 
1632708 
1370417 
1645417 
1363802 
1656145 
1388907 
1498229 
1633490 
1420521 
1641198 
1362917 
1487552 
1479532 
1525885 
1625677 
1364791 
1641875 
1357448 
1500052 
1637553 
1352188 
1652552 
1351406 
1662709 
1357447 
1520416 
1933802 
1435625 
1471822 
1483021 
1805417 
2257135 
1638021 
1403177 
1486406 
1642760 
1361771 
1643177 
1371563 
1484114 
1638229 
1418698 
1649480 
1361771 
1647656 
1368854 
1654532 
1374166 
1506823 
1718958 
1365937 
1642552 
1452396 
1656980 
1408490 
1486250 
1634791 
1391198 
1663958 
1352968 
1645052 
1373021 
1551667 
1640417 
1349687 
1652916 
1359844 
1639843 
1268802 
1505260 
1675677 
1368386 
1647709 
1462188 
1648386 
1399531 
1641875 
1363646 
1506198 
1642136 
1344010 
1666093 
1350313 
1756719 
1436719 
1649271 
1392344 
1487917 
1714219 
1357709 
1723177 
1429114 
1812032 
1487552 
1787084 
1432448 
1798229 
1428854 
1921979 
1442135 
1454896 
1474740 
1637760 
1373229 
1649532 
1369636 
1655416 
1360261 
1480781 
1636771 
1376094 
1711770 
1359427 
1644010 
1402187 
1496510 
1626875 
1358959 
1655364 
1374583 
1496354 
1638802 
1443282 
1630521 
1360313 
1638906 
1365625 
1488802 
1619792 
1363541 
1644375 
1365052 
1745469 
1364271 
1644740 
1391354 
1476042 
1635052 
1370313 
1656562 
1399531 
1487031 
1629114 
1389480 
1632709 
1354635 
1393958 
1653854 
1393541 
1637604 
1375573 
1631927 
1361771 
1497292 
1632605 
1352396 
1697552 
1363072 
1647812 
1462448 
1489219 
1709583 
1366563 
1659063 
1363125 
1625625 
1358698 
1725208 
1634323 
1320938 
1672448 
1370938 
1660104 
1363333 
1741719 
1458073 
1805729 
1445208 
1797344 
1471459 
1786875 
1430573 
1803490 
1439844 
1704271 
1360104 
1656302 
1472292 
1628073 
1415729 
1629375 
1367032 
1501563 
1642864 
1367708 
1646718 
1361667 
1731719 
1356927 
1508490 
1596250 
1475677 
1527396 
1419896 
1629584 
1366979 
1494896 
1632969 
1445729 
1639218 
1418646 
1672344 
1352292 
1635312 
1370364 
1503646 
1653125 
1357084 
1810208 
1357395 
1659791 
1455573 
1651928 
1419427 
1505781 
1625729 
1378281 
1654011 
1354428 
1386094 
1664583 
1413177 
1631094 
1363698 
1655886 
1372864 
1489947 
1650156 
1378854 
1743021 
1351406 
1641770 
1449895 
1491354 
1723958 
1358281 
1652812 
1390938 
1626771 
1353541 
1515365 
1380573 
1498178 
1846250 
1652396 
1516979 
1507031 
1752292 
1367083 
1696979 
1410677 
1506042 
1583698 
1585209 
1418750 
1639010 
1428906 
1483229 
1445781 
1561042 
1730990 
1414687 
1456928 
1472969 
1476042 
1444583 
1551042 
1629844 
1429427 
1654844 
1410729 
1388594 
1650937 
1422344 
1638750 
1434062 
1638698 
1519427 
1617291 
1443125 
1643594 
1416615 
1473021 
1646198 
1530313 
1628073 
1476354 
1638750 
1425989 
1629271 
1415156 
1735730 
1425989 
1908020 
1419584 
1647240 
1420729 
1660573 
1379635 
1500052 
1651771 
1353854 
1643489 
1418802 
1733646 
1472917 
1617709 
1409792 
1485104 
1740677 
1355781 
1666459 
1466979 
1656875 
1407657 
1642760 
1419219 
1467188 
1624375 
1376718 
1638125 
1363646 
1748385 
1368230 
1636927 
1405261 
1479948 
1626302 
1362969 
1655885 
1491354 
1803230 
1448958 
1798697 
1420729 
1807083 
1443959 
1639948 
1389636 
1660677 
1377604 
1636093 
1377448 
1490885 
1635729 
1366980 
1643489 
1372761 
1706458 
1362865 
1495365 
1650208 
1367761 
1715990 
1359895 
1659583 
1365260 
1488907 
1633854 
1473490 
1637760 
1370313 
1652084 
1359115 
1653594 
1373542 
1489844 
1634271 
1372136 
1650677 
1353281 
1641459 
1378750 
1504166 
1726198 
1353854 
1656615 
1383177 
1638802 
1362187 
1483021 
1630885 
1392083 
1648594 
1369480 
1532032 
1613698 
1366458 
1899740 
1360885 
1843750 
1352395 
1953541 
1347344 
1882656 
1791510 
1446041 
1807500 
1363281 
1636458 
1464114 
1637188 
1420573 
1647605 
1363385 
1845782 
1705156 
1480208 
1731406 
1643750 
1679635 
1673490 
1675365 
1680625 
1624167 
1600364 
1496407 
1620104 
1507396 
1631979 
1521250 
1596146 
1529218 
1587448 
1514427 
1618646 
1548229 
1581458 
1501771 
1553854 
1484636 
1453698 
1575469 
1496042 
1550157 
1520885 
1519219 
1556719 
1598334 
1539688 
1624896 
1513802 
1632605 
1510208 
1600313 
1461354 
1584688 
1497760 
1559479 
1514687 
1705677 
1512709 
1671354 
1507604 
1609271 
1435729 
1608594 
1499947 
1591875 
1389687 
1660000 
1418958 
1521927 
1518750 
1400417 
1388959 
1402917 
1393385 
1440052 
1380261 
1396615 
1382813 
1426771 
1423646 
1532135 
1510833 
1591250 
1342761 
1388281 
1432604 
1448802 
1540520 
1539271 
1517760 
1515730 
1463177 
1512083 
1414688 
1565469 
1524375 
1514531 
1520312 
1577708 
1379791 
1403802 
1410469 
1538906 
1509636 
1502865 
1518385 
1565625 
1522604 
1511302 
1358489 
1436042 
1530885 
1513906 
1509063 
1499948 
1537917 
1512188 
1507136 
1526041 
1544532 
1523906 
1517135 
1486250 
1512291 
1464636 
1491406 
1393281 
1546458 
1579584 
1350208 
1530052 
1383073 
1522552 
1529427 
1470365 
1523854 
1481927 
1489896 
1378594 
1507917 
1402188 
1521146 
1498073 
1400729 
1523645 
1533490 
1478959 
1522656 
1514427 
1536666 
1383594 
1484635 
1532969 
1489688 
1570520 
1497865 
1612552 
1484270 
1546406 
1419948 
1484271 
1545573 
1510885 
1523958 
1486562 
1576667 
1478177 
1526979 
1385938 
1456146 
1567657 
1615989 
1486146 
1470469 
1505469 
1478593 
1484740 
1558854 
1466667 
1488907 
1487553 
1484635 
1479062 
1470104 
1480052 
1534270 
1489584 
1479583 
1486511 
1487916 
1518698 
1497187 
1486093 
1485312 
1476458 
1494219 
1478333 
1490521 
1532500 
1484896 
1466667 
1478489 
1491511 
1486822 
1484635 
1488958 
1518906 
1484480 
1492031 
1482605 
1478386 
1483333 
1479062 
1476250 
1482395 
1475052 
1481146 
1488750 
1485625 
1509271 
1477188 
1499323 
1493959 
1481354 
1471823 
1484531 
1483698 
1528490 
1516667 
1495208 
1491407 
1352709 
1405573 
1410990 
1402239 
1415052 
1404531 
1407812 
1457552 
1377344 
1398855 
1414791 
1415625 
1408594 
1400209 
1399896 
1402291 
1406302 
1388073 
1406510 
1384167 
1416093 
1385782 
1414323 
1401354 
1450521 
1357188 
1406563 
1405000 
1402604 
1398958 
1398542 
1401666 
1436666 
1418229 
1367865 
1405833 
1517135 
1542500 
1561042 
1396511 
1462240 
1449427 
1475677 
1497761 
1384636 
1525052 
1362656 
1518490 
1525989 
1380833 
1463646 
1545573 
1468594 
1571927 
1517916 
1340260 
1339218 
1371094 
1379375 
1382604 
1409323 
1369531 
1383125 
1374792 
1373541 
1371459 
1406511 
1418750 
1417812 
1407656 
1405105 
1403750 
1425156 
1443229 
1495885 
1440625 
1606563 
1383542 
1474270 
1381250 
1472135 
1440468 
1401615 
1506354 
1499011 
1423750 
1515885 
1485885 
1483750 
1495677 
1492865 
1495052 
1401927 
1556875 
1442396 
1554271 
1463959 
1444896 
1560469 
1420261 
1576094 
1498854 
1564219 
1496042 
1444011 
1560521 
1437552 
1552552 
1466510 
1441719 
1491198 
1446302 
1578020 
1455625 
1563646 
1459688 
1439844 
1503750 
1524531 
1454010 
1497968 
1502656 
1457448 
1526094 
1454166 
1563230 
1434375 
1482187 
1510677 
1444010 
1529323 
1421875 
1488958 
1587135 
1450573 
1515313 
1429531 
1492500 
1508281 
1422292 
1522448 
1491146 
1505208 
1511719 
1421302 
1524896 
1452292 
1495833 
1504271 
1515469 
1521927 
1448437 
1546614 
1445937 
1503958 
1519531 
1591355 
1616458 
1599323 
1824427 
1476510 
1651875 
1548802 
1479010 
1616667 
1609896 
1522864 
1648021 
1514895 
1628333 
1488854 
1614896 
1508594 
1598594 
1507968 
1589583 
1501562 
1631146 
1531250 
1618646 
1507239 
1604323 
1424271 
1504115 
1616615 
1464166 
1621041 
1499844 
1641875 
1508854 
1440990 
1516511 
1581927 
1491094 
1418281 
1564583 
1513333 
1424635 
1557657 
1397552 
1603282 
1530365 
1402761 
1547136 
1410833 
1554271 
1580521 
1502500 
1547760 
1513282 
1511250 
1513489 
1520781 
1486250 
1411145 
1498073 
1480937 
1495417 
1384323 
1542969 
1553542 
1516198 
1537812 
1511719 
1514271 
1666094 
1488437 
1534011 
1498542 
1454270 
1476562 
1498490 
1501250 
1490000 
1598542 
1484636 
1490000 
1493906 
1430678 
1485104 
1475364 
1465469 
1498958 
1482135 
1470885 
1480573 
1353334 
1394063 
1378750 
1378855 
1591354 
1531771 
1544740 
1639948 
1565729 
1473073 
1529636 
1489322 
1539219 
1379584 
1479375 
1528750 
1474792 
1377917 
1524896 
1479739 
1484531 
1494740 
1484635 
1485885 
1485781 
1532292 
1492292 
1488958 
1480833 
1483906 
1475886 
1487917 
1483177 
1525625 
1487135 
1485261 
1482865 
1480937 
1481042 
1482761 
1484895 
1530521 
1479011 
1490938 
1480938 
1497916 
1479427 
1456042 
1486094 
1500781 
1503542 
1477344 
1482917 
1493645 
1517709 
1487813 
1483750 
1493593 
1492760 
1488281 
1480625 
1488802 
1504114 
1474323 
1489323 
1327343 
1433489 
1425313 
1441042 
1430834 
1434531 
1429375 
1427135 
1442552 
1448177 
1406511 
1396146 
1409635 
1408542 
1405521 
1406875 
1421875 
1413698 
1403750 
1428646 
1412865 
1413489 
1460469 
1405312 
1409375 
1430990 
1449739 
1447916 
1455625 
1437448 
1399584 
1534167 
1497969 
1725052 
1434739 
1485886 
1606093 
1637969 
1538594 
1530417 
1430782 
1547812 
1424375 
1541250 
1549115 
1406458 
1571458 
1419427 
1535469 
1387240 
1449531 
1436354 
1356510 
1491146 
1499635 
1569479 
1604844 
1588333 
1594791 
1506198 
1524479 
1557604 
1497969 
1415781 
1565364 
1549166 
1405729 
1579895 
1422500 
1557812 
1420625 
1522032 
1548125 
1408594 
1571666 
1445782 
1553073 
1426354 
1532864 
1538125 
1395260 
1553959 
1520416 
1527865 
1533646 
1519739 
1519271 
1529896 
1555573 
1520938 
1509271 
1515209 
1471146 
1537135 
1466822 
1520521 
1486094 
1496511 
1518021 
1507187 
1537500 
1511615 
1496823 
1484323 
1506146 
1477864 
1530364 
1481041 
1501979 
1407032 
1512709 
1371303 
1436875 
1474271 
1539688 
1356250 
1449948 
1376927 
1387760 
1445000 
1461563 
1453750 
1535730 
1411614 
1565469 
1522396 
1523802 
1388437 
1561980 
1365417 
1516042 
1491354 
1491875 
1475833 
1486303 
1500729 
1490730 
1487865 
1479115 
1481146 
1473021 
1482656 
1478386 
1488386 
1475625 
1483073 
1490000 
1490625 
1490261 
1531146 
1482500 
1494531 
1478959 
1486980 
1478646 
1424219 
1487865 
1507864 
1485416 
1472084 
1487500 
1481667 
1477604 
1484739 
1485208 
1492239 
1481459 
1480364 
1486771 
1474844 
1490520 
1498594 
1498542 
1440937 
1347604 
1448386 
1493803 
1441614 
1454323 
1363125 
1500729 
1534792 
1479427 
1481875 
1500781 
1482292 
1485417 
1478021 
1477239 
1467917 
1480834 
1482708 
1489635 
1474531 
1405573 
1517136 
1491875 
1527083 
1490886 
1492656 
1483854 
1384583 
1481718 
1488229 
1477969 
1492188 
1435000 
1448125 
1481354 
1518906 
1475260 
1366459 
1527344 
1442864 
1477083 
1484947 
1373437 
1411302 
1410938 
1396146 
1532240 
1526459 
1495312 
1495000 
1364740 
1397969 
1392708 
1402969 
1507969 
1480990 
1485782 
1507031 
1518958 
1485521 
1495364 
1489584 
1482865 
1490677 
1481823 
1483750 
1500417 
1483750 
1484479 
1486094 
1489218 
1516510 
1423958 
1495365 
1486614 
1486979 
1473802 
1479739 
1488021 
1542500 
1481042 
1473698 
1493802 
1478489 
1483594 
1484792 
1490156 
1426667 
1505052 
1497136 
1485416 
1488646 
1447500 
1473646 
1505886 
1524584 
1486822 
1479323 
1476875 
1448125 
1461667 
1436146 
1343750 
1491614 
1512083 
1479427 
1503333 
1480886 
1486250 
1488333 
1494322 
1516823 
1494114 
1482656 
1475000 
1486667 
1479948 
1453073 
1491667 
1478281 
1487969 
1482865 
1495312 
1499896 
1525052 
1486563 
1485677 
1487760 
1476719 
1482448 
1492083 
1475104 
1508125 
1479375 
1499791 
1570260 
1390938 
1483229 
1365625 
1501146 
1486979 
1458385 
1453542 
1475261 
1445781 
1442344 
1347708 
1484895 
1447292 
1305469 
1384740 
1408021 
1488073 
1441406 
1452761 
1437656 
1449375 
1453594 
1445885 
1445781 
1444687 
1452396 
1456614 
1337136 
1382136 
1378282 
1416250 
1380261 
1496979 
1491250 
1490000 
1494479 
1492865 
1452135 
1476771 
1441823 
1471563 
1352760 
1487343 
1454532 
1357083 
1528386 
1330834 
1495625 
1472865 
1504844 
1448646 
1479948 
1416146 
1504531 
1441197 
1482083 
1573437 
1482656 
1481406 
1451615 
1496145 
1456719 
1481354 
1373438 
1500834 
1469740 
1456459 
1463854 
1361406 
1496875 
1467083 
1372656 
1448750 
1494844 
1453750 
1496615 
1485990 
1479062 
1518021 
1489792 
1476198 
1388281 
1516146 
1488907 
1494948 
1486667 
1485417 
1487708 
1447917 
1491927 
1359062 
1509948 
1473282 
1437553 
1469844 
1489375 
1481094 
1497239 
1441927 
1479740 
1453541 
1473073 
1370729 
1501094 
1507292 
1444948 
1441875 
1364427 
1498125 
1438959 
1487448 
1474375 
1517604 
1475677 
1525000 
1333073 
1399062 
1402864 
1401094 
1523698 
1472864 
1474323 
1481667 
1489740 
1471563 
1480156 
1489375 
1479740 
1477865 
1485312 
1446354 
1464687 
1429479 
1440312 
1385469 
1544584 
1460573 
1446615 
1445937 
1528542 
1439583 
1446302 
1454844 
1335209 
1481042 
1456354 
1447552 
1443593 
1428802 
1457709 
1469219 
1444583 
1466406 
1339219 
1389114 
1388385 
1385260 
1403021 
1397812 
1495261 
1439270 
1489635 
1468907 
1446615 
1443958 
1461042 
1450781 
1443490 
1450052 
1496146 
1445260 
1445156 
1434948 
1444531 
1450937 
1474844 
1344740 
1418645 
1434480 
1388490 
1377969 
1413437 
1399375 
1523542 
1471511 
1445208 
1435000 
1485886 
1477396 
1486093 
1444584 
1516094 
1338697 
1488698 
1483385 
1443125 
1427396 
1368333 
1493281 
1469219 
1403593 
1435156 
1350364 
1500208 
1468177 
1372552 
1359531 
1353854 
1352448 
1386042 
1394375 
1398281 
1397188 
1417083 
1590000 
1548334 
1533907 
1410208 
1387969 
1420052 
1529844 
1513281 
1383802 
1383021 
1447031 
1410677 
1402708 
1402240 
1425521 
1411666 
1419011 
1412240 
1414375 
1410261 
1400313 
1413125 
1400520 
1400104 
1407396 
1462291 
1441771 
1444583 
1452240 
1403698 
1397031 
1463333 
1437969 
1445156 
1440938 
1457604 
1446718 
1418073 
1544948 
1496666 
1320104 
1528906 
1514740 
1491146 
1479270 
1403125 
1574271 
1511093 
1505208 
1502188 
1511823 
1500000 
1472760 
1486823 
1503750 
1559844 
1441354 
1752969 
1447396 
1653750 
1439010 
1415989 
1369271 
1385573 
1469844 
1622500 
1589480 
1627448 
1531614 
1511875 
1423073 
1551771 
1566145 
1536562 
1483333 
1563542 
1541093 
1635052 
1515677 
1422917 
1488698 
1554011 
1487032 
1649114 
1641354 
1670209 
1609792 
1548646 
1492500 
1592656 
1646041 
1578333 
1492657 
1498593 
1440417 
1519427 
1465417 
1578229 
1653438 
1523386 
1545000 
1624010 
1511354 
1572396 
1580208 
1442553 
1562084 
1472917 
1489635 
1476770 
1527083 
1558750 
1482188 
1525729 
1459583 
1532135 
1570781 
1484896 
1507917 
1482396 
1516927 
1435000 
1519219 
1514219 
1561875 
1534844 
1454739 
1526563 
1524791 
1520104 
1491250 
1507968 
1632865 
1434532 
1645052 
1522917 
1518906 
1543594 
1523489 
1510000 
1483333 
1530313 
1502552 
1704583 
1489114 
1688385 
1443333 
1699479 
1537760 
1516042 
1544687 
1519167 
1513646 
1525000 
1524636 
1578229 
1517552 
1516667 
1695156 
1453855 
1793437 
1465417 
1542031 
1514584 
1678542 
1458750 
1695104 
1448229 
1683854 
1464167 
1685313 
1539271 
1507240 
1438958 
1539115 
1462344 
1532552 
1450260 
1607813 
1446406 
1505625 
1512187 
1491510 
1520521 
1429427 
1501094 
1575521 
1449115 
1543125 
1465052 
1547188 
1448385 
1512552 
1746770 
1533906 
1440104 
1437813 
1532291 
1456094 
1518125 
1420729 
1497864 
1567761 
1453229 
1629219 
1456302 
1634739 
1502917 
1542760 
1689531 
1431718 
1516667 
1449011 
1549844 
1459948 
1580573 
1458334 
1495573 
1511510 
1451771 
1741979 
1448282 
1519635 
1453333 
1510312 
1687031 
1531823 
1691563 
1490834 
1442292 
1483489 
1495364 
1510834 
1585938 
1440677 
1509584 
1688907 
1491510 
1463125 
1506510 
1510729 
1495989 
1527604 
1450261 
1514687 
1537240 
1436511 
1528802 
1447708 
1574011 
1447032 
1487917 
1534531 
1435573 
1518802 
1417552 
1540729 
1467656 
1470313 
1520156 
1466563 
1550990 
1440937 
1494062 
1645469 
1352812 
1664635 
1360677 
1531094 
1644792 
1363959 
1849636 
1356614 
1846198 
1348698 
1923802 
1362917 
1668333 
1595416 
1370052 
1498073 
1650885 
1365885 
1516979 
1609167 
1633750 
1361146 
1515573 
1787239 
1364219 
1695677 
1453750 
1534010 
1460989 
1524948 
1453750 
1514063 
1511823 
1439062 
1524062 
1464375 
1518542 
1424687 
1505261 
1524323 
1468021 
1524583 
1464635 
1482500 
1510625 
1426562 
1508594 
1470886 
1397188 
1623073 
1442552 
1641094 
1504062 
1621094 
1453437 
1645365 
1468854 
1528854 
1408385 
1490209 
1579948 
1433386 
1514687 
1467083 
1722812 
1564584 
1501303 
1690260 
1496198 
1686042 
1509584 
1680469 
1461667 
1687135 
1455416 
1780937 
1456823 
1681354 
1482083 
1691770 
1550105 
1377239 
1454479 
1531771 
1456927 
1551354 
1401406 
1486510 
1518750 
1433854 
1531511 
1474115 
1492344 
1518073 
1454114 
1528906 
1439792 
1489010 
1518281 
1462031 
1531146 
1441042 
1500937 
1529167 
1443020 
1519792 
1463646 
1502813 
1619792 
1494739 
1405000 
1493542 
1581407 
1430989 
1518437 
1454375 
1487500 
1501146 
1462656 
1526510 
1453333 
1482500 
1508698 
1450937 
1535260 
1457083 
1526302 
1673333 
1524115 
1677500 
1468072 
1695573 
1525990 
1419636 
1498229 
1641771 
1365000 
1646615 
1357968 
1497604 
1666719 
1395833 
1651927 
1357813 
1649792 
1357188 
1644479 
1368907 
1510677 
1700052 
1364531 
1642865 
1467031 
1637187 
1409896 
1499739 
1648803 
1376354 
1634271 
1367500 
1491041 
1639062 
1396458 
1665677 
1383021 
1642604 
1365052 
1653906 
1294427 
1494323 
1664427 
1357032 
1647240 
1460781 
1634062 
1405782 
1491927 
1635365 
1373646 
1651250 
1353125 
1643021 
1366563 
1566511 
1648490 
1461667 
1794740 
1764271 
1799844 
1503385 
1746094 
1561458 
1468594 
1392448 
1470208 
1399740 
1529218 
1418594 
1564948 
1455157 
1575312 
1398594 
1396979 
1400417 
1546927 
1541770 
1590469 
1550260 
1532188 
1514740 
1549271 
1576511 
1536563 
1540052 
1445156 
1535157 
1495209 
1535834 
1530885 
1583073 
1518229 
1543229 
1544322 
1520990 
1584427 
1517032 
1517395 
1470521 
1532448 
1473646 
1508229 
1468437 
1520208 
1541250 
1551563 
1544428 
1517136 
1552969 
1486302 
1537344 
1486458 
1499740 
1407343 
1410729 
1415313 
1446250 
1382656 
1415365 
1434271 
1517031 
1533906 
1517709 
1526354 
1565000 
1524844 
1518021 
1526823 
1513698 
1524427 
1305365 
1447448 
1436250 
1415573 
1408020 
1421407 
1412657 
1416666 
1413229 
1413229 
1423073 
1412969 
1417239 
1419687 
1417708 
1404219 
1454843 
1412084 
1403438 
1412552 
1464896 
1446510 
1448125 
1448698 
1411406 
1499427 
1501250 
1538958 
1490260 
1403541 
1512239 
1493073 
1485885 
1490886 
1394843 
1571615 
1481511 
1481614 
1485990 
1494740 
1495781 
1435729 
1569688 
1483386 
1572969 
1437916 
1563750 
1470105 
1443125 
1581927 
1445208 
1598906 
1444479 
1557708 
1453750 
1443386 
1548125 
1548489 
1551562 
1455729 
1564375 
1464479 
1458750 
1556094 
1435156 
1566041 
1439583 
1567344 
1473489 
1448698 
1559687 
1435833 
1617344 
1440833 
1549896 
1477135 
1444323 
1837239 
1632969 
1345156 
2297969 
1410730 
1701458 
1654270 
1680156 
1578750 
1600938 
1510625 
1611823 
1503906 
1612032 
1528021 
1655156 
1510312 
1623333 
1497343 
1606562 
1527917 
1621146 
1531406 
1614479 
1500104 
1635208 
1398177 
1507969 
1564011 
1489739 
1611822 
1536302 
1416979 
1579322 
1527709 
1558802 
1510990 
1514583 
1580990 
1539791 
1472500 
1527187 
1464010 
1461042 
1524270 
1561302 
1525312 
1385833 
1420678 
1394167 
1422552 
1390104 
1386093 
1420260 
1387240 
1397865 
1395729 
1440885 
1383386 
1414166 
1450208 
1433386 
1404948 
1388594 
1419427 
1390521 
1384427 
1401719 
1394896 
1391458 
1395208 
1449115 
1384115 
1395208 
1395677 
1411771 
1410156 
1387396 
1402240 
1420886 
1416511 
1415573 
1385625 
1407865 
1398906 
1442917 
1557604 
1515313 
1553229 
1533333 
1543230 
1552032 
1378073 
1499375 
1538333 
1524427 
1515625 
1523125 
1551875 
1531927 
1524271 
1543593 
1504011 
1546041 
1510989 
1520260 
1474115 
1383802 
1543854 
1407031 
1360938 
1418542 
1414375 
1383073 
1372813 
1565469 
1521615 
1510886 
1386250 
1538230 
1381771 
1526614 
1597188 
1490208 
1533542 
1381354 
1511667 
1528541 
1480208 
1527447 
1511614 
1491302 
1481980 
1478854 
1479427 
1495990 
1694584 
1410677 
1360208 
1492865 
1464114 
1485677 
1479479 
1554218 
1489531 
1489740 
1506563 
1492916 
1496094 
1482240 
1488021 
1378437 
1534427 
1471459 
1497187 
1487552 
1484271 
1490625 
1487604 
1518907 
1489010 
1488229 
1477136 
1496875 
1486875 
1323594 
1406822 
1392396 
1455938 
1429479 
1359063 
1524271 
1486250 
1490052 
1489062 
1542709 
1480313 
1481823 
1481094 
1486250 
1486666 
1486771 
1482656 
1514427 
1487083 
1478490 
1486771 
1485572 
1487292 
1478593 
1482708 
1511927 
1473541 
1483386 
1386094 
1531094 
1484687 
1484896 
1482031 
1537917 
1487552 
1478021 
1482448 
1483229 
1487344 
1447657 
1479062 
1488854 
1492448 
1487135 
1732708 
1421927 
1538959 
1466145 
1489427 
1480781 
1480677 
1478229 
1481927 
1454896 
1503958 
1483855 
1481719 
1479271 
1482761 
1480938 
1453177 
1470677 
1449427 
1475208 
1486719 
1450834 
1479219 
1448437 
1463177 
1483021 
1485156 
1469428 
1449428 
1475260 
1443959 
1453385 
1481770 
1458490 
1501823 
1345729 
1514948 
1485885 
1349114 
1508906 
1489375 
1472917 
1541927 
1444896 
1482448 
1391250 
1485677 
1490677 
1385364 
1461094 
1515937 
1484791 
1402448 
1511771 
1492031 
1433177 
1460521 
1485417 
1510886 
1475260 
1440261 
1491614 
1492813 
1448437 
1441146 
1446250 
1490521 
1452656 
1446042 
1448282 
1446250 
1442760 
1448594 
1446875 
1453646 
1447500 
1440364 
1440313 
1444063 
1439583 
1443750 
1341459 
1486458 
1443021 
1460104 
1489740 
1446771 
1446459 
1446198 
1461250 
1450521 
1445312 
1445989 
1447760 
1448959 
1446563 
1483958 
1458177 
1453073 
1442500 
1452188 
1449062 
1447395 
1447031 
1474791 
1442760 
1447343 
1450938 
1445729 
1458125 
1444062 
1458490 
1349323 
1397865 
1401562 
1407552 
1382969 
1393854 
1413750 
1477500 
1474218 
1440937 
1486719 
1360104 
1471041 
1446354 
1511146 
1487136 
1486459 
1438594 
1464896 
1436146 
1468594 
1365364 
1498958 
1460781 
1479062 
1486979 
1437605 
1435260 
1464115 
1443750 
1465521 
1362604 
1491979 
1494688 
1490521 
1478906 
1492239 
1491302 
1483177 
1472031 
1487396 
1405990 
1467605 
1363593 
1496094 
1477448 
1363333 
1515260 
1474062 
1535677 
1489115 
1479896 
1494792 
1484062 
1487709 
1479792 
1436146 
1497708 
1442135 
1454115 
1397605 
1495625 
1471041 
1440625 
1451041 
1367761 
1491458 
1464375 
1360573 
1521615 
1493229 
1501198 
1483594 
1482448 
1474375 
1484322 
1480469 
1471250 
1441094 
1396823 
1499375 
1482344 
1488229 
1394583 
1536511 
1489791 
1437760 
1395886 
1510678 
1450208 
1454218 
1433802 
3408906 
1441771 
1479636 
1429271 
1456927 
1382344 
1420521 
1406354 
1405364 
1391771 
1381771 
1485781 
1459948 
1425469 
1446094 
1444636 
1436094 
1458906 
1490000 
1425729 
1440833 
1450937 
1459688 
1445834 
1445156 
1457031 
1489896 
1443698 
1442708 
1448177 
1450365 
1442864 
1441198 
1441302 
1432500 
1447032 
1451302 
1354791 
1504271 
1436146 
1443281 
1452917 
1449375 
1456562 
1449739 
1491198 
1452292 
1454011 
1444792 
1443490 
1455937 
1442604 
1444948 
1445678 
1443698 
1440730 
1514219 
1440468 
1449375 
1374219 
1499166 
1450573 
1453646 
1447344 
1484167 
1453333 
1445312 
1438958 
1450625 
1457969 
1454792 
1453854 
1450989 
1454791 
1440261 
1456719 
1451406 
1454323 
1459792 
1441667 
1441980 
1448750 
1441041 
1476146 
1446302 
1469167 
1338229 
1374114 
1386823 
1410156 
1400416 
1379687 
1397135 
1399636 
1400729 
1379062 
1378542 
1392135 
1399791 
1390312 
1437084 
1395625 
1389010 
1441771 
1555260 
1495417 
1531615 
1490572 
1535208 
1473907 
1484115 
1369218 
1408854 
1532187 
1365261 
1403073 
1396250 
1392969 
1398021 
1396666 
1411823 
1416770 
1447604 
1372448 
1409375 
1404167 
1404115 
1402344 
1396407 
1397812 
1657969 
1391406 
1469687 
1486458 
1425938 
1486719 
1481458 
1468698 
1497291 
1504063 
1486979 
1515000 
1479531 
1472552 
1464427 
1443073 
1468750 
1455365 
1428594 
1521146 
1452552 
1453438 
1428177 
1417604 
1360416 
1496614 
1489323 
1355729 
1499011 
1526510 
1561719 
1362031 
1482969 
1410625 
1356042 
1491823 
1424583 
1361459 
1494687 
1469115 
1367552 
1501042 
1470156 
1497292 
1471406 
1366458 
1495990 
1459010 
1442344 
1494947 
1376823 
1489271 
1471927 
1451875 
1470365 
1381718 
1509167 
1455730 
1415521 
1432031 
1371198 
1486406 
1454479 
1366042 
1487708 
1458646 
1435000 
1461094 
1407136 
1455625 
1468802 
1362396 
1512240 
1481719 
1447135 
1490469 
1360053 
1523594 
1420313 
1477136 
1485417 
1456407 
1464375 
1366302 
1493333 
1454844 
1362917 
1535104 
1353854 
1492604 
1495729 
1365937 
1502604 
1463750 
1354948 
1520833 
1485573 
1444115 
1485052 
1368541 
1479948 
1369635 
1530937 
1486563 
1492396 
1477031 
1522031 
1438334 
1473594 
1439948 
1469688 
1359010 
1488854 
1457917 
1364947 
1512604 
1478646 
1444115 
1467552 
1374219 
1432343 
1518541 
1477188 
1484115 
1457656 
1519688 
1483802 
1453333 
1461823 
1439687 
1493906 
1365260 
1441718 
1548021 
1356719 
1513386 
1527864 
1434270 
1444427 
1456197 
1453802 
1488334 
1447448 
1445261 
1450989 
1448750 
1449739 
1453073 
1453906 
1439428 
1450416 
1453541 
1336093 
1437760 
1452760 
1460729 
1455729 
1462396 
1451302 
1451406 
1475781 
1447031 
1446875 
1455938 
1463125 
1443333 
1451667 
1449323 
1452448 
1446198 
1438125 
1521510 
1452031 
1447552 
1369895 
1491459 
1441094 
1453541 
1449375 
1471511 
1450625 
1440573 
1462917 
1458542 
1466980 
1448750 
1469584 
1487240 
1448854 
1444583 
1445157 
1458959 
1451146 
1442812 
1437552 
1441563 
1448802 
1449323 
1473073 
1323281 
1383437 
1496823 
1440729 
1450677 
1445990 
1443021 
1458906 
1455052 
1459323 
1477083 
1456667 
1449427 
1443386 
1442188 
1450000 
1448386 
1441459 
1467865 
1454167 
1466406 
1454219 
1449219 
1452553 
1450885 
1453802 
1435781 
1414896 
1452604 
1445885 
1439740 
1456666 
1457083 
1441823 
1441510 
1454739 
1463073 
1458073 
1440312 
1453177 
1444375 
1446250 
1436667 
1312448 
1376823 
1362500 
1381354 
1372500 
1371771 
1375157 
1407500 
1387448 
1370781 
1376979 
1400520 
1404063 
1410052 
1393593 
1372083 
1387448 
1400781 
1386927 
1375104 
1401198 
1398645 
1378750 
1363178 
1350989 
1391354 
1386615 
1385468 
1377552 
1385625 
1430938 
1369531 
1337083 
1371823 
1416094 
1375573 
1379219 
1517448 
1402448 
1523073 
1508750 
1412761 
1538854 
1499428 
1491198 
1527605 
1466771 
1496198 
1429843 
1439948 
1467344 
1557500 
1467188 
1491250 
1555573 
1440573 
1568021 
1449011 
1584323 
1457135 
1560886 
1520937 
1420104 
1432969 
2465938 
1603229 
1576615 
1554635 
1529427 
1556458 
1462657 
1505781 
1499479 
1459062 
1471667 
1495261 
1586458 
1448229 
1517760 
1443177 
1513593 
1695156 
1515365 
1683282 
1445625 
1498542 
1481302 
1503855 
1472916 
1617656 
1520886 
1557448 
1509739 
1550834 
1511667 
1485312 
1512292 
1530469 
1512656 
1692813 
1535052 
1509792 
1499167 
1512448 
1530885 
1624740 
1414219 
1529687 
1495677 
1477136 
1524271 
1521562 
1426875 
1730521 
1419322 
1590886 
1397500 
1468282 
1360937 
1421042 
1410209 
1391823 
1405416 
1387760 
1407604 
1391979 
1415156 
1389271 
1420156 
1455209 
1375208 
1391250 
1405885 
1384688 
1446146 
1449375 
1455834 
1539896 
1487552 
1492760 
1473177 
1380261 
1442708 
1363334 
1448021 
1365677 
1370573 
1376771 
1383021 
1365938 
1383229 
1385938 
1378750 
1373698 
1400625 
1400313 
1364167 
1390833 
1403802 
1379479 
1394948 
1405729 
1317604 
1418490 
1377709 
1403854 
1424427 
1406146 
1382395 
1384791 
1422969 
1413542 
1392135 
1399427 
1448698 
1387656 
1402500 
1442500 
1456823 
1477917 
1489844 
1498386 
1389167 
1459218 
1478125 
1438230 
1410781 
1394010 
1455000 
1438386 
1392969 
1557604 
1435572 
1488125 
1456406 
1446771 
1483437 
1517917 
1433750 
1622396 
1415573 
1456250 
1431823 
1492604 
1567084 
1485990 
1442083 
1428645 
1358854 
1416146 
1375833 
1381459 
1399531 
1395468 
1370782 
1386771 
1409323 
1381302 
1385365 
1418072 
1390104 
1390417 
1391146 
1415990 
1463125 
1413073 
1402188 
1389011 
1373854 
1398333 
1379375 
1350781 
1368594 
1367240 
1362344 
1353073 
1350886 
1389583 
1364322 
1382396 
1366927 
1370625 
1371198 
1378542 
1372917 
1371979 
1387656 
1376354 
1362292 
1363385 
1377448 
1442969 
1413282 
1464167 
1412708 
1364739 
1390625 
1378177 
1380000 
1385677 
1393073 
1517656 
1450313 
1379010 
1395885 
1439843 
1450209 
1410833 
1420885 
1414740 
1452135 
1443854 
1423594 
1434427 
1450573 
1398594 
1574792 
1419323 
1507292 
1312864 
1403594 
1460833 
1430990 
1843489 
1489895 
1681250 
1542083 
2355521 
1485573 
1428906 
1426459 
1449896 
1367865 
1429792 
1388750 
1472916 
1403907 
1421822 
1478281 
1437084 
1375000 
1466198 
1591875 
1414739 
1470365 
1371771 
1384792 
1413334 
1439427 
1480625 
1585990 
1547865 
1571041 
1600208 
1389167 
1372188 
1435052 
1372656 
1366094 
1457604 
1439531 
1532031 
1643229 
1496823 
1446042 
1396406 
1603906 
1710886 
10535105 
1451042 
1513698 
1507917 
1453698 
1504167 
1489896 
1473854 
1515677 
1537604 
1526250 
1554792 
1495364 
1546719 
1454583 
1603489 
1491615 
1504011 
1450208 
1703802 
1782083 
1877136 
1851719 
1681719 
1786406 
1541927 
1452396 
1408021 
1508386 
1714271 
1554479 
1463750 
1510000 
4108021 
1934427 
1654270 
1528489 
1773490 
1516771 
1345208 
1430573 
1511094 
1701510 
1462084 
1507656 
1486042 
1503958 
1647292 
1530417 
1528177 
3125937 
1576510 
1439688 
1468490 
1465468 
1541615 
1727761 
1940365 
1844271 
1508281 
2675573 
1753125 
1425781 
1384166 
1384166 
1379948 
1385677 
4079167 
1545625 
1725417 
1633229 
1677031 
2605104 
1596250 
1501458 
1649635 
1602448 
1505677 
1512136 
1499791 
1522500 
1500521 
1523750 
1488177 
1559792 
1519687 
1504531 
1552604 
1580364 
1529114 
1576719 
1548125 
1698698 
1716302 
1457239 
1443021 
1459219 
1532395 
1537187 
1583177 
1542917 
2674270 
1388698 
1414636 
1410312 
1382864 
1427812 
1380573 
2202344 
1547969 
1665052 
1575521 
1577604 
1542605 
1457969 
1466406 
1491042 
1497552 
1474844 
1498177 
1485937 
1511354 
1503177 
1463698 
1474218 
1458437 
1450416 
1460625 
1450364 
1498906 
1449688 
1465416 
1461563 
1419792 
1426250 
1413229 
1753646 
1499428 
1479583 
1459584 
1491094 
1495105 
1489739 
1476042 
1475104 
1466250 
2549635 
4789948 
1696667 
1477396 
1605052 
1452448 
1449480 
9318333 
3849167 
1853906 
10055260 
2161198 
1671459 
1398698 
1404895 
2180052 
1491875 
1464740 
1434843 
1419010 
1554896 
1536927 
1462604 
1604636 
4797969 
1509167 
2052448 
10739427 
1482760 
1454791 
1505573 
1505364 
1527135 
1442761 
1502604 
1489428 
1505781 
1515208 
1495521 
1451718 
1510521 
1455364 
1458594 
1459896 
1430625 
1466459 
1460053 
1428334 
1439948 
1464532 
1440364 
1499271 
1578750 
1466719 
1459427 
1436667 
1379115 
1395834 
1403698 
1404844 
1401354 
1405156 
1441198 
1403802 
1407604 
1404896 
1382604 
1386563 
1421459 
1390417 
1404323 
1513490 
1447187 
1437656 
1426510 
1436406 
1481614 
1464114 
1463750 
1449167 
1474011 
5535989 
1716875 
1586823 
1520573 
1479688 
1457396 
1442292 
1484167 
1608020 
1573646 
1477135 
1651511 
1582917 
1593802 
1486458 
1456875 
1933542 
1524635 
11789115 
1868802 
1583177 
1510886 
1524583 
2239531 
5790625 
1719375 
17651250 
1527657 
1501093 
1478125 
6670104 
8417552 
1539010 
1501302 
1827604 
8858229 
5187344 
4548438 
3929375 
1534219 
1496250 
1573594 
1533281 
1531250 
1550521 
1557084 
1570209 
1528281 
1570104 
1645052 
1614218 
1609375 
1611250 
7718750 
1488229 
8972708 
1711510 
10011511 
3895312 
1535990 
1534583 
1517864 
1542760 
1583177 
1445989 
1509792 
1503438 
1617605 
1655833 
1834896 
10707969 
1481615 
1467084 
1441510 
3748333 
921250 
1493438 
1513593 
1506041 
1505833 
1501562 
1428281 
1491666 
1516927 
1578802 
1489219 
1565468 
1996823 
1518333 
1448229 
8660938 
1480938 
1478802 
8862396 
1461146 
1631667 
1573438 
1489011 
1540781 
1490625 
1515885 
1499010 
1485729 
1486875 
21393021 
1446458 
1536615 
20299844 
1420625 
1601666 
16516145 
2338073 
1435416 
12735208 
25136563 
1779948 
1589531 
1562136 
1559688 
1603177 
1598854 
1502292 
1478594 
1563542 
1630573 
1569375 
1441614 
1715573 
2789375 
1912396 
3725834 
1958750 
1470365 
10040677 
1483906 
1571250 
1594115 
1578438 
17481979 
20037708 
1537864 
18436406 
1634843 
18324375 
1478594 
10603750 
13677604 
1917291 
15418698 
1512240 
1540938 
12672031 
1120261 
1564739 
1614271 
1520417 
1641823 
17869584 
961354 
1535156 
1879792 
6804167 
955261 
1601406 
1590156 
1549895 
1538490 
1514062 
1558437 
1550312 
1525886 
1527500 
1590157 
4836927 
3382500 
1623073 
1828698 
5103698 
1529948 
1479479 
1412187 
1403490 
1425521 
1652969 
1518698 
1473646 
1696927 
1427083 
1467865 
1385469 
1368906 
1410364 
1456875 
1512605 
1392604 
1382656 
1358489 
1364428 
1434896 
1689948 
2305833 
1376250 
1379532 
1440730 
1431458 
1447604 
1447604 
1442708 
1505833 
1449166 
1429219 
1477968 
1677760 
1504896 
1456823 
1446146 
1474896 
1434844 
1455052 
1452969 
1409166 
1446823 
1434323 
1462708 
1448073 
1719427 
1379062 
1397500 
1413802 
1392916 
1392760 
1376615 
1388594 
2165782 
1386510 
1395573 
1394896 
1419271 
1414532 
1380729 
1357187 
1394063 
1384218 
1388073 
1385520 
1391563 
1386823 
1447604 
1369843 
1367344 
1457448 
1374010 
1468021 
1451615 
1389166 
1387239 
1395417 
1510677 
1522552 
1438646 
1425678 
1378490 
1359688 
1409114 
1519636 
1396510 
1402448 
1544427 
1407240 
1445729 
1397604 
1369636 
1371719 
1378802 
1454896 
1578594 
1424114 
1450209 
1432239 
1380417 
1398803 
1449219 
1459375 
1418386 
1365104 
1375156 
1393125 
1450833 
1357500 
1351406 
1365782 
1428229 
1402031 
1365781 
1409219 
1379062 
1421355 
1547813 
1406563 
1394010 
1390469 
1401615 
1366666 
1507291 
1375937 
1373490 
1445417 
1413385 
1594740 
1618906 
1412448 
2673385 
1413958 
1463750 
1406146 
1441563 
1369427 
1409427 
1377657 
1430885 
1384739 
1418958 
1414375 
1456198 
1466614 
1426458 
1417552 
1369688 
1373125 
1428802 
1465782 
1373229 
1382969 
1384583 
1387240 
1560000 
1482292 
1374270 
1405677 
1420052 
1427969 
1396198 
1386875 
1401771 
1414948 
1443646 
1782656 
1381302 
1369583 
1433646 
1408646 
1523125 
1418594 
1447708 
1426927 
1405052 
1342708 
1405208 
1445104 
1408386 
1435938 
1365313 
1397448 
1441302 
1478229 
1441615 
1416510 
1466459 
1379375 
1467604 
1376823 
1407657 
1369844 
1388958 
1570000 
1388125 
1419427 
1395938 
1410105 
1526459 
1377291 
1484792 
1397136 
1384271 
1383594 
1397864 
1423021 
1351718 
1419479 
1383281 
1400000 
1451667 
1470938 
1446458 
1425156 
1421458 
1393854 
1383490 
1372604 
1463229 
1428385 
1431198 
1475886 
1399480 
1402343 
1550052 
1431771 
1483906 
1411562 
1429896 
1380729 
1431094 
1369844 
1398437 
1396511 
1388854 
1392187 
1384323 
1381302 
1402813 
1445990 
1468125 
1439636 
1456771 
1459114 
1521146 
1447344 
1554063 
1401354 
1376302 
1479323 
1446718 
1427188 
1489271 
1568541 
1631302 
1592187 
1506927 
1377083 
1375052 
1381302 
1400416 
1392032 
1361875 
1398958 
1391511 
1402032 
1464115 
1364896 
1441041 
1341666 
1417708 
1341927 
1417343 
1400833 
1358125 
1402136 
1392708 
1397292 
1404063 
1420208 
1416875 
1351302 
1439270 
1572709 
1482968 
1548802 
1428698 
1469115 
1392865 
1427395 
1439584 
1376041 
1868229 
1441354 
1435365 
1404948 
1381145 
1396718 
1398646 
1423438 
1396250 
1406459 
1432187 
1422188 
1436458 
1431511 
1402864 
1426667 
1452969 
1372240 
1389844 
1407344 
1450469 
1501510 
1485729 
1500209 
1430730 
1431042 
1532500 
1481979 
1496042 
1486354 
1495416 
1499635 
1480261 
1463490 
1564427 
1475052 
1426146 
1555313 
1735209 
1554375 
7054948 
1555625 
1628281 
1746667 
1769687 
14363438 
1499427 
1460677 
1459687 
1447969 
1500417 
1468125 
1470781 
1465052 
1480625 
1589844 
1624739 
1655416 
1592917 
1490573 
1488021 
1689948 
1841041 
1734271 
1405677 
1394531 
1410365 
1406667 
1416771 
1443386 
1410937 
1449583 
1381666 
1408854 
1414479 
1525625 
1502448 
1387500 
1375521 
1360834 
1355208 
1366875 
1420104 
1345156 
1360468 
1537292 
1655885 
1376771 
1441979 
1470990 
1500781 
1512032 
1418490 
1435104 
1487552 
1418645 
1648646 
1425416 
1458021 
1533073 
1480677 
1501145 
1463021 
1394167 
1496198 
1489479 
1458333 
1844792 
2501719 
3312812 
1478073 
1444948 
1456042 
1457240 
1463542 
1465834 
1475677 
1512760 
1744427 
1616458 
1448646 
4864323 
1823021 
1769062 
1809844 
4625677 
1950625 
11659167 
1401927 
1448646 
1458073 
1395885 
1409271 
1412864 
1410105 
1443333 
1740052 
1473594 
1597396 
1592760 
1649896 
1405313 
1367708 
1358281 
1368386 
1365729 
1367395 
1351406 
1805156 
1531666 
1376562 
1355312 
1366198 
1357761 
1356875 
1358177 
1352135 
1387604 
1316667 
1355468 
1476303 
1369948 
1393229 
1400886 
1411614 
1750469 
1468646 
1397135 
1424166 
1507187 
1404948 
1395573 
1393125 
1410729 
1448125 
1457344 
1416980 
1439688 
1408021 
1381875 
1433907 
1393177 
1425938 
1397292 
1414479 
1463593 
1534427 
1351458 
1399062 
1415833 
1358489 
1392812 
1380521 
1389271 
1382864 
1363490 
1383593 
1368281 
1400730 
1405364 
1380572 
1395521 
1386823 
1383281 
1397968 
1368698 
1374427 
1388333 
1370677 
1360468 
1404740 
1376093 
1355937 
1417136 
1404011 
1431354 
1321093 
1430312 
1490209 
1481875 
1442240 
1422760 
1444792 
1435313 
1417969 
1448594 
1496615 
1354844 
1363594 
1369636 
1373854 
1372865 
1359635 
1375052 
1361198 
1368959 
1435468 
1396666 
1378750 
1398334 
1393177 
1376875 
1377240 
1393438 
1329739 
1374844 
1372864 
1419167 
1416562 
1430052 
1384740 
1348177 
1376302 
1448490 
1415990 
1408177 
1430313 
1353386 
1377188 
1393803 
1424687 
1399062 
1384427 
1396980 
1393854 
1375625 
1388334 
1399219 
1367864 
1397396 
1404895 
1400312 
1393229 
1392188 
1390156 
1448177 
1495209 
1437969 
1389011 
1380625 
1383542 
1677240 
1371718 
1375573 
1432291 
1409636 
1401198 
1403489 
1395781 
1408646 
1592761 
1668021 
1614011 
1629115 
1555521 
1515833 
1551667 
1530833 
1409948 
1428281 
1953437 
1529271 
1429271 
1493281 
1427708 
1426510 
1560209 
1480573 
1507344 
1595990 
1794427 
4617396 
1885885 
1902188 
1492343 
1444687 
1458542 
1428333 
1420052 
1538542 
1428072 
1508750 
1410677 
1440000 
1417343 
1415313 
1426980 
1430000 
1452760 
1434115 
1649011 
1514375 
1367552 
1402343 
1391771 
1408073 
1374271 
1402760 
1400365 
1386042 
1374740 
1378750 
1363125 
1371563 
1370990 
1365625 
1372239 
1350729 
1375834 
1391250 
1379896 
1372032 
1394479 
1404948 
1406823 
1403750 
1398698 
1370156 
1409271 
1393073 
1739948 
1437344 
1425730 
1392500 
1427760 
1389531 
1442344 
1427344 
1392448 
1425625 
1405469 
1451198 
1705000 
1395938 
1600104 
1446094 
1465834 
1452448 
1479010 
1434792 
1425260 
1437917 
1411823 
1538438 
1424375 
1499948 
1565312 
1576719 
1463229 
1534895 
1506667 
1385260 
1400886 
1399635 
1368333 
1399948 
1449115 
1368438 
1383541 
1373333 
1397552 
1385104 
1390781 
1382188 
1391458 
1354948 
1386823 
1385104 
1368020 
1365886 
1367448 
1380729 
1380156 
1403907 
1389114 
1388489 
1483646 
1358073 
1356979 
1397656 
1400156 
1389115 
1405104 
1668542 
1532396 
1472708 
1515364 
1469062 
1542500 
1471979 
1552969 
1806719 
1740261 
1656927 
1397552 
1385364 
1386666 
1427865 
1433854 
1490260 
1445885 
1432188 
1336979 
1385312 
1500053 
1461771 
1318072 
1371042 
1368646 
1367448 
1371042 
1376510 
1468489 
1394740 
1370156 
1385104 
1374792 
1400938 
1377344 
1370989 
1393698 
1384792 
1546041 
1342864 
1383333 
1388541 
1389063 
1388385 
1506666 
1481562 
1470573 
1514166 
1452656 
1337188 
1387344 
1378646 
1396197 
1392761 
1391980 
1395469 
1416927 
1392396 
1393281 
1418177 
1394739 
1395260 
1394219 
1388334 
1387135 
1388958 
1390677 
1411042 
1316146 
1402813 
1401771 
1394895 
1393437 
1396458 
1564323 
1346875 
1402083 
1393698 
1388490 
1387969 
1390365 
1391927 
1391875 
1392187 
1461198 
1361980 
1388594 
1391146 
1399114 
1400000 
1389948 
1395261 
1544011 
1506875 
1491511 
1483073 
1490000 
1480000 
1517396 
1476250 
1477552 
1486771 
1485730 
1483229 
1501823 
1496823 
1536875 
1347031 
1387812 
1392031 
1396719 
1384063 
1375000 
1391145 
1385781 
1386615 
1397969 
1396614 
1397135 
1398230 
1386146 
1394740 
1405052 
1531823 
1484323 
1489948 
1497656 
1341719 
1392031 
1388750 
1396927 
1378698 
1402291 
1405312 
1363490 
1389480 
1405833 
1515157 
1373021 
1522447 
1509480 
1361770 
1540833 
1523541 
1357604 
1428855 
1554427 
1334584 
1467656 
1371563 
1386718 
1368906 
1374011 
1440312 
1389271 
1390156 
1382708 
1377292 
1466614 
1364427 
1398281 
1388594 
1370364 
1385104 
1370521 
1431615 
1383906 
1392344 
1391459 
1449531 
1375677 
1366354 
1382292 
1378646 
1379375 
1373958 
1373907 
1383698 
1386927 
1370885 
1554583 
1525417 
1368385 
1386041 
1377187 
1397031 
1379791 
1384271 
1379270 
1409479 
1367760 
1380834 
1414531 
1414740 
1442968 
1389219 
1419843 
1413385 
1382135 
1412135 
1543177 
1551979 
1520573 
1459010 
1608958 
1525833 
1522448 
1515052 
1530886 
1514635 
1525053 
1510313 
1463854 
1491875 
1496563 
1378959 
1374323 
1402188 
1547292 
1530261 
1514583 
1385313 
1378645 
1389635 
1413906 
1377031 
1377292 
1380520 
1328229 
1409583 
1391980 
1396563 
1394427 
1395677 
1403333 
1393489 
1394531 
1427917 
1426875 
1610052 
1588802 
1449948 
1486510 
1416511 
1406198 
1480157 
2489479 
1587083 
1436979 
1565521 
1399948 
1664375 
1368021 
1375833 
1364948 
1363125 
1371458 
1355938 
1356146 
1358020 
1356823 
1355156 
1369844 
1361563 
1397031 
1372083 
1397187 
1390833 
1364896 
1365573 
1381197 
1521354 
1367969 
1409896 
1379271 
1397709 
1399948 
1384948 
1384479 
1444479 
1379479 
1386979 
1407708 
1395989 
1422813 
1408646 
1397552 
1386927 
1391250 
1385052 
1407552 
1388021 
1388594 
1395990 
1352656 
1345729 
1368802 
1388854 
1374270 
1361198 
1374636 
1373386 
1353385 
1362135 
1363437 
1370104 
1364948 
1357344 
1389896 
1366771 
1445469 
1412083 
1629375 
1405729 
1491510 
1481458 
1533958 
1596094 
1438855 
1749583 
1979948 
1546407 
1453125 
1600469 
1447916 
1448125 
1472344 
1537396 
1444583 
1434323 
3056563 
1727448 
2052292 
2056979 
1742083 
1682604 
1702344 
1737240 
1604323 
1658593 
1680469 
1731510 
1677291 
1628698 
1509114 
1595052 
2348646 
1551406 
1752448 
10372656 
3198334 
2101354 
1759479 
3527343 
1804427 
1615469 
1579584 
1534218 
1410677 
1374167 
1382135 
1473229 
1417552 
1872761 
16049479 
1571875 
1514375 
1490417 
1458229 
1480209 
1549219 
1550157 
1501458 
1512292 
1542136 
1467239 
1480625 
1578385 
1508489 
1592188 
1474063 
2191250 
1517396 
1499011 
1547031 
1499583 
1476250 
1486615 
1450782 
1453907 
1755261 
1798386 
1391666 
1664375 
1722396 
1579219 
1430209 
1440678 
1413021 
1401510 
1412448 
1410781 
1400364 
1462240 
1406354 
1417708 
1398333 
1403594 
1422083 
1412083 
1409844 
1430052 
1417761 
1404271 
1417344 
1397396 
1428802 
1455052 
1407552 
1484584 
1743073 
1464115 
1410573 
1409948 
1412187 
1417865 
1419635 
1428646 
1424062 
1407291 
1434844 
1587031 
1620521 
1413646 
1402760 
1395677 
1399271 
1397865 
1391614 
1390990 
1420625 
1504948 
1478646 
1447916 
1509739 
1473177 
1491979 
1493489 
1479011 
1559792 
1648073 
1529687 
1471562 
1463386 
1556198 
1480312 
1508281 
21175885 
1091979 
1567187 
1637552 
11303906 
4266407 
12314219 
45095052 
1529948 
1537656 
1572605 
1551198 
1586094 
1547447 
1566614 
1599063 
1514583 
1544010 
3703333 
4277396 
3425834 
2260625 
1618645 
1861458 
1546458 
4537657 
1926042 
1895104 
13593020 
2108542 
1586667 
1552291 
1702656 
1549792 
1555364 
1696615 
1690052 
2569271 
1845573 
1493125 
1455521 
1431823 
1578958 
1438594 
1505729 
1457500 
1443646 
11907344 
3216719 
1679479 
1584062 
3386666 
1464479 
1519323 
1530834 
1584687 
13074271 
1405260 
1438073 
1620313 
1480833 
1594584 
1507604 
1501875 
1493906 
2509062 
9430573 
1540260 
1494323 
1530208 
1500520 
1595677 
1538803 
1619427 
1587448 
1621146 
1460156 
1459427 
1415989 
1505469 
1747657 
1726042 
1505104 
1492917 
1473646 
1486094 
1505625 
1491927 
1528646 
1721146 
1689167 
1629479 
1597761 
1402500 
1445469 
1537448 
1419844 
1447500 
1438125 
1456823 
1447292 
1428854 
1516250 
1361510 
1452135 
1503385 
1485052 
1499271 
1972187 
1640677 
1465417 
1462969 
1452552 
1419583 
1412448 
1487864 
1440573 
1693594 
1816771 
1406250 
1437604 
1563438 
1755469 
3229792 
1399115 
1417761 
1412761 
1406615 
1391667 
1408281 
1419739 
1415313 
1434323 
1518959 
3670520 
1390677 
1402031 
1503125 
2451719 
1549375 
1467813 
1465469 
1599271 
1343177 
1583386 
1445625 
1383906 
1390782 
1379896 
1400104 
1389688 
1397500 
1414688 
1369896 
1377917 
1414479 
1396719 
1423385 
1417812 
1415260 
1378125 
1468282 
1376250 
1367968 
1392864 
1379010 
1375989 
1380990 
1373489 
1367240 
1636511 
1459011 
1451458 
1454583 
1447864 
1432656 
1453698 
1461875 
1449896 
1455521 
1405834 
1396458 
1395729 
1403489 
1397396 
1409896 
1382292 
1401042 
1398959 
1419948 
1392395 
1377708 
1399427 
1393125 
1379688 
1411511 
1399740 
1403334 
1381823 
1394323 
1331614 
1405834 
1381458 
1389531 
1389114 
1373333 
1419896 
1392448 
1491406 
1416198 
1450416 
1473334 
1484011 
1475104 
1487760 
1489166 
1488750 
1426250 
1455416 
1496719 
1512292 
1503229 
1490417 
1495468 
1484583 
1477343 
1508854 
1484948 
1479375 
1374271 
1482396 
1497135 
1531927 
1561458 
1481459 
1506927 
1482292 
1520000 
1510521 
1411927 
1575365 
1589844 
1567864 
1544791 
1386771 
1351562 
1369270 
1378907 
1413542 
1397291 
1417604 
1396718 
1351562 
1401615 
1428646 
1411042 
1410833 
1459740 
1488646 
1405104 
1401354 
1414011 
1408490 
1406979 
1395104 
1407604 
1408333 
1406875 
1411823 
1431667 
1409115 
1400781 
1444636 
1411406 
1504948 
1404375 
1533959 
1466458 
1561875 
1485573 
1496615 
1550677 
1426198 
1555521 
1444844 
1550625 
1460052 
1442552 
1626250 
1419688 
1438073 
1502188 
1490833 
1507708 
1526302 
1452917 
1548073 
1766511 
1517865 
1407968 
1449114 
1520261 
1441718 
1446511 
1542344 
1488385 
1436927 
1559583 
1772500 
1443854 
1704739 
1570990 
1524062 
1840104 
1540885 
1590052 
3038646 
2123646 
1402240 
1371458 
1388594 
1653542 
1368229 
1380625 
1484896 
1420260 
1566615 
1429167 
1460000 
1471459 
1433646 
1466146 
1476667 
1497083 
1498906 
1466198 
1514114 
1543230 
1491197 
1401302 
1509167 
1460156 
1566303 
1488490 
1492084 
1529844 
1510208 
1433021 
1497812 
1493073 
1503125 
1500156 
1463021 
1503020 
1480833 
1462968 
1504531 
1454635 
1561927 
1489636 
1529062 
1514375 
1472239 
1528802 
1503385 
1470781 
1748646 
1474792 
1430625 
1426980 
1455365 
1468854 
1552552 
1359739 
1501666 
1410365 
1475208 
1533073 
1454531 
1400677 
1391094 
1380313 
1595261 
1401667 
1458125 
1474011 
1391146 
1510677 
1441458 
1496041 
1421875 
1476615 
1449219 
1492916 
1350521 
1406615 
1418750 
1422657 
1493698 
1393177 
1435886 
1407136 
1456042 
1507291 
1655885 
1392656 
1402031 
1383073 
1407760 
1688438 
1378906 
1377188 
1448437 
1421198 
1483854 
1559792 
1439583 
1848958 
1736771 
1619479 
1482344 
1432552 
1457188 
1428229 
1394375 
1660521 
1374844 
1400052 
1563073 
1444115 
1547553 
1538698 
1390000 
1422344 
1353594 
2188334 
1466041 
1450886 
1455365 
1468438 
1790157 
1673073 
1350209 
2058698 
1543489 
1446250 
1420520 
1420156 
1328854 
1430834 
1402448 
1472135 
1407760 
1397604 
1388646 
1430313 
1660261 
1500260 
1421458 
1399532 
1448802 
1863333 
1392344 
1427656 
1413073 
1461198 
1428385 
1405156 
1451562 
1430000 
1492240 
1487813 
1456145 
1410885 
1406511 
1362448 
1432396 
1418958 
1464219 
1444218 
1442395 
1448906 
1490833 
1460729 
1647240 
1406667 
1413177 
1440781 
1401771 
1375209 
1435312 
1457708 
1397812 
1499115 
1624323 
1511041 
1471615 
1429635 
1443282 
1408386 
1404427 
1419636 
1408959 
1411250 
1408020 
1408177 
1401510 
1407500 
1409427 
1478073 
1481562 
1555833 
1427969 
1455781 
1430365 
1442135 
1429844 
1489584 
1392500 
1512396 
1477344 
1438854 
1507084 
1475104 
1458125 
1439792 
1455000 
1427969 
1496042 
1556719 
1423698 
1425885 
1514584 
1421719 
1512864 
1439271 
1418594 
1514531 
1410729 
1563385 
1443282 
1523907 
1379739 
1449635 
1518646 
1386719 
1620260 
1444479 
1441093 
1657187 
1390469 
1540677 
1399843 
1521719 
1667864 
1435521 
1685260 
1444584 
1684375 
1367917 
1591458 
1421197 
1528333 
1416875 
1435520 
1520625 
1341197 
1386198 
1499948 
2050104 
1395781 
1453021 
1534063 
1402604 
1458958 
1562135 
1465364 
1528646 
1391875 
1518333 
1403020 
1486250 
1593958 
1828334 
1381302 
1457553 
1474063 
1361042 
1449531 
1419479 
1480364 
1440260 
1435365 
1445469 
1447031 
1634896 
1499792 
1533541 
1487604 
1529062 
1522031 
1561927 
1469948 
1660521 
1474114 
1657917 
1484844 
1492240 
1540989 
1483177 
1543750 
1509114 
1550208 
1564115 
1570417 
1376563 
1569323 
1544062 
1382865 
1573594 
1386249 
1608438 
1558646 
1538646 
1564948 
1527969 
1587343 
1485312 
1602656 
1497864 
1527865 
1398646 
1539583 
1542969 
1594375 
1527709 
1521563 
1551718 
1583229 
1647396 
1654948 
1526093 
1500416 
1365625 
1432136 
1470156 
1534479 
4313021 
1747292 
5636719 
1568178 
1927083 
1439948 
1451354 
1645364 
1268333 
1354947 
1384062 
1488437 
1378698 
1374896 
1388802 
1353334 
1387917 
1465052 
1374114 
1394063 
1403073 
1400885 
1424219 
1359010 
1440886 
1410521 
1420625 
1416614 
1454948 
1369635 
1479688 
1362813 
1405937 
1392292 
1375521 
1417135 
1386094 
1386666 
1386771 
1399115 
1390312 
1375208 
1404583 
1388645 
1370000 
1441771 
1379739 
1361302 
1442969 
1403073 
1386928 
1415209 
1523542 
1348281 
1396667 
1417657 
1377187 
1437864 
1864792 
1468802 
1349063 
1432135 
1439792 
1336875 
1437761 
1444218 
1352500 
1434166 
1430990 
1356407 
1438906 
1432292 
1351302 
1489583 
1436614 
1347188 
1433386 
1442969 
1353542 
1437865 
1424636 
1437344 
1457292 
1437760 
1438229 
1593489 
1441771 
1568854 
1429635 
1450938 
1567552 
1437917 
1633750 
1445729 
1559948 
1411042 
1441823 
1557344 
1447135 
1536042 
1392813 
1525052 
1446666 
1552552 
1383177 
1402292 
1506146 
1376823 
1400000 
1488334 
1380573 
1495312 
1523021 
1376719 
1570208 
1625677 
1428125 
1430260 
1409583 
1462239 
1471145 
1519844 
1514479 
1445156 
1504011 
1493438 
1508802 
1436875 
1663958 
1521302 
1534323 
1602865 
1476667 
1795053 
1748854 
1739010 
1536042 
1682552 
1767292 
1579375 
1396823 
1412968 
1405885 
1441094 
1411771 
1425156 
1421093 
1506407 
1413646 
1417813 
1411302 
1423490 
1414635 
1698854 
1712292 
1415469 
1416615 
1415469 
1403593 
1408177 
1412969 
1538906 
1404948 
1425469 
1410312 
1414427 
1430938 
1428229 
1406094 
1367813 
1392135 
1401406 
1401667 
1415885 
1745521 
1425417 
1441562 
1415364 
1417656 
1403750 
1408021 
1394270 
1401771 
1399844 
1433958 
1534531 
1496615 
1448958 
1568750 
1501718 
1493073 
1426562 
1497031 
1362500 
1678750 
1480313 
1418229 
1368073 
1361094 
1362864 
1374010 
1359583 
1438072 
1411719 
1426146 
1457448 
1352812 
1357969 
1407135 
1412031 
1370261 
1360729 
1365730 
1358959 
1368906 
1366562 
1365208 
1367343 
1358281 
1378125 
1372083 
1373333 
1375365 
1417136 
1364583 
1365573 
1360208 
1363489 
1354115 
1369636 
1376406 
1443229 
1373177 
1368386 
1391459 
1345208 
1375313 
1382865 
1453229 
1373542 
1360989 
1370312 
1363959 
1355521 
1365000 
1369167 
1362552 
1363906 
1354166 
1361146 
1365104 
1362135 
1404688 
1364636 
1371979 
1371302 
1370417 
1362709 
1375261 
1364948 
1428333 
1373854 
1368281 
1360209 
1359375 
1376667 
1487031 
1454635 
1455781 
1439948 
1431354 
1395834 
1392032 
1399115 
1444739 
1521927 
1483750 
1475573 
1470989 
1504271 
1700886 
1390209 
1412552 
1519427 
1735521 
1565886 
1467291 
14075052 
1687865 
1621823 
1496928 
8515052 
1881719 
27056250 
1836719 
1662552 
1529844 
3663021 
2470104 
1534218 
1488021 
4491771 
1479531 
1462864 
1466927 
1437395 
1476667 
1460990 
1498333 
1426927 
1385521 
1354219 
1421198 
1355886 
1445677 
1361198 
1370521 
1372343 
1519792 
1475573 
1479479 
1410312 
1454687 
1418385 
1426615 
1429271 
1456510 
1417135 
1466302 
1458073 
1438385 
1465313 
1551614 
1551927 
1752032 
1424427 
1472031 
1534583 
1465521 
1514895 
1409896 
1366875 
1370313 
1371927 
1396667 
1366875 
1357813 
1426302 
1373802 
1370208 
1366771 
1344895 
1390260 
1523802 
1378958 
1381928 
1395781 
1370312 
1386303 
1361146 
1413490 
1364479 
1402916 
1376666 
1371145 
1385313 
1458385 
1411927 
1456459 
1336667 
1375261 
1383907 
1369791 
1382291 
1432709 
1376094 
1380000 
1420781 
1373437 
1401146 
1438750 
1370990 
1386041 
1449010 
1356667 
1397344 
1437136 
1381198 
1384635 
1476406 
1324688 
1409479 
1468646 
1347240 
1438698 
1507395 
1353750 
1422917 
1507708 
1366250 
1408178 
1519219 
1460573 
1502708 
1366042 
1423229 
1465312 
1367032 
1445000 
1584375 
1400521 
1436615 
1432396 
1448021 
1561615 
1368281 
1443177 
1567708 
1412344 
1563021 
1414011 
1444115 
1558802 
1423177 
1524636 
1370156 
1522552 
1357448 
1425886 
1534166 
1370365 
1602187 
1351041 
1426667 
1518177 
1407188 
1384063 
1516875 
1405885 
1518229 
1385261 
1442187 
1585573 
1411041 
1529063 
1331302 
1540157 
1495573 
1371198 
1441823 
1512031 
1311406 
1442083 
1578333 
1403073 
1521406 
1424948 
1485781 
1520468 
1433489 
1446250 
1732969 
1505521 
1316979 
1460417 
1821406 
2520572 
1784531 
1389948 
1840990 
1385365 
1896093 
1371354 
1452448 
3343125 
1499011 
1945156 
1560521 
1475417 
1523281 
1521406 
1537083 
1421042 
1407344 
1410938 
1384271 
1446407 
1446771 
1414271 
1481406 
1443333 
1565677 
1520834 
1480625 
1996302 
1751198 
1440208 
1395156 
1418906 
1399270 
1416615 
1410052 
1396718 
1444792 
1438802 
1482448 
1633646 
1462917 
2018542 
1665208 
4040729 
1502032 
1422708 
1417292 
1619219 
5920729 
1543385 
1662656 
1471354 
1599844 
1543230 
1459271 
1457239 
1386302 
1410365 
1501927 
1536771 
2457708 
1860208 
9849427 
2699427 
1573958 
1556511 
1638333 
1750781 
1850677 
20465989 
1607344 
1844219 
1444948 
1476771 
1563594 
1573489 
1561250 
1523854 
1528229 
1542865 
1396614 
1428958 
1473177 
1435208 
1671719 
1471094 
1436146 
1555156 
1570885 
1796823 
2057136 
1368542 
1366563 
1359688 
1945313 
1352187 
1355208 
1345886 
1341198 
1425312 
1483229 
1429010 
1456719 
1410260 
1474323 
1415885 
1355469 
1349896 
1360625 
1369011 
1473333 
1332604 
1355729 
1446718 
1370677 
1406406 
1817969 
1477292 
1647969 
1427552 
1394427 
1385208 
1386927 
1394167 
1382917 
1423229 
1391094 
1389219 
1410990 
1436250 
1445261 
1529114 
1390573 
1408698 
1401406 
1448697 
1332292 
1365364 
1383229 
1418073 
1360989 
1390833 
1434427 
1424427 
1464583 
1420053 
1445000 
1388907 
1397761 
1395833 
1415729 
1434792 
1388802 
1420938 
1416563 
1392187 
1456406 
1409167 
1408750 
1464010 
1431250 
1457968 
1378697 
1387864 
1413490 
1454270 
1374166 
1382239 
1411146 
1401667 
1475885 
1498385 
1429531 
1415365 
1455520 
1383021 
1502708 
1471458 
1445990 
2824323 
1488646 
1384323 
1391980 
1374740 
1373802 
1386667 
1435573 
1423906 
1384010 
1466250 
1376563 
1441979 
1396511 
1397813 
1380417 
1387396 
1373385 
1400729 
1408907 
1404114 
1391355 
1409010 
3632604 
1408855 
1428594 
1406303 
1690312 
2502761 
1409271 
1520364 
1480416 
3281510 
2010729 
1552656 
1792187 
1564636 
1599635 
1651823 
1542500 
3781145 
1384635 
1509271 
1513282 
1473698 
1496771 
1442864 
1469010 
1501979 
1430261 
4490885 
1484271 
1436042 
1571406 
1552708 
1688437 
1435937 
1413386 
1425469 
1510156 
1929844 
1606666 
1712709 
1991614 
1838906 
1685833 
1930990 
1658125 
2254636 
2624480 
15497760 
6276823 
2381459 
1745833 
10914531 
990208 
1566719 
1528229 
1821511 
1591042 
1476562 
1380416 
1405104 
1529896 
1567605 
1525156 
1518854 
1542813 
1525573 
1495469 
1475157 
3204323 
1909271 
1708230 
1618385 
1595417 
1554167 
1533802 
1640885 
1547760 
1590885 
1532604 
1901927 
1678958 
1737917 
2684479 
1950938 
1535989 
1520156 
1483646 
1509166 
2163854 
1511041 
2789896 
3928489 
8453646 
1552968 
1513334 
2291458 
1501667 
1642292 
3737031 
1450209 
1446198 
1487969 
1625416 
1625833 
1580729 
1557031 
1600520 
1627500 
1668959 
1597292 
1580261 
1541511 
1508698 
1519896 
1578021 
1661719 
1679896 
1984480 
1787917 
1515833 
1589688 
1574531 
1684167 
3717031 
3208542 
2034114 
11463594 
1510573 
1526302 
1450885 
1452396 
1542760 
1552396 
1647395 
1912604 
1547083 
1508333 
1505000 
1561615 
1457708 
1499636 
1524114 
1469688 
1496198 
1494687 
1483125 
1528854 
1977396 
3419114 
1540417 
1600677 
1567708 
1565312 
1575730 
1558177 
1521198 
3216354 
1917292 
1632969 
1823333 
1592812 
1643334 
1577083 
1579531 
1591250 
1627656 
1614843 
1581146 
1668906 
1799740 
1561302 
1703437 
1573125 
1600729 
1579010 
1635885 
1575469 
1601979 
1601562 
1690469 
1897448 
2610261 
1658073 
1553542 
1557969 
1570573 
1625625 
2662291 
7932969 
2295886 
4494844 
8039167 
1520417 
1496198 
1540104 
1488854 
1572448 
1569739 
1855833 
1565833 
1557240 
1534427 
1590625 
1513906 
1490886 
1495573 
1559948 
1467709 
1550052 
1562552 
1500417 
1577708 
1515208 
1591771 
1887552 
2691406 
3231771 
1559115 
1562813 
1555938 
2805781 
1532395 
1839635 
1877031 
1900885 
2088177 
12728646 
1567500 
1714844 
1667032 
1681354 
1582448 
1635104 
1793021 
1962448 
1539271 
1587604 
1593177 
1617343 
1590052 
1531719 
2614792 
4917917 
9615729 
1727864 
1578073 
1671146 
1587083 
1512135 
1992032 
1063854 
1519427 
3342240 
1833802 
1582395 
1684636 
1828489 
2413437 
1562188 
1535208 
1557605 
1490833 
1525729 
1530469 
1569375 
1551875 
4661563 
1145990 
1598698 
1616719 
1600625 
1510260 
1482917 
2673646 
1418959 
1443385 
2204375 
1544063 
1460521 
1491511 
1483438 
1489792 
1475104 
1722760 
1488334 
1407031 
1381667 
1383385 
1421302 
2579740 
1774427 
1890104 
1504948 
1530677 
1615833 
1725052 
1449322 
1498490 
1479948 
1547917 
1553333 
3005052 
1522292 
1463958 
7559791 
1764062 
1613907 
1575781 
1502084 
3149948 
20351823 
1608750 
1612812 
1575468 
1574584 
1620365 
1730573 
1739323 
1558489 
1489271 
1637136 
1473437 
1474948 
1474740 
1456041 
1460364 
1466927 
1534218 
1460521 
1462812 
1562709 
1625782 
1409895 
1440260 
1436562 
1447605 
1546459 
1474427 
1442083 
1495729 
1517084 
1469583 
1545104 
1435260 
1577396 
1635677 
1515468 
1563386 
1590052 
2255312 
1673698 
1464635 
1481354 
1641406 
1578437 
1590729 
1533646 
1499948 
1537447 
3753177 
1634895 
2386666 
1440834 
1451302 
1594271 
1458593 
1593073 
1549531 
1625677 
1611771 
1830782 
1513021 
1618437 
1478750 
1567761 
1652291 
16760885 
1579792 
1523802 
1586667 
1595208 
19757344 
3989010 
1443333 
6197708 
14380729 
1639583 
1530729 
1530000 
12953281 
1884219 
1878906 
3522240 
1834896 
10239948 
1763958 
1462135 
1513803 
1433281 
1536458 
1434739 
1461406 
1459114 
1448698 
1440886 
1449114 
1464584 
1488490 
1414114 
1453073 
1448698 
1489635 
1426771 
1447239 
1438385 
1431771 
1466875 
1472135 
1487448 
1432135 
1439218 
1463021 
1458489 
1441875 
1456771 
1433125 
1470781 
1442448 
1455729 
1531562 
1473125 
1445677 
1472344 
1486615 
1489896 
1444844 
1509635 
1913437 
1591510 
2001094 
1457552 
1482136 
1448385 
1445937 
1580781 
1456198 
1456458 
1492553 
1455677 
1463541 
1484688 
1447552 
1495104 
1444479 
1435417 
1468125 
1608854 
1777813 
1399844 
1570781 
1540052 
1419323 
1436354 
1436928 
1381563 
1384844 
1367760 
1386615 
1402344 
1391094 
1519115 
1567813 
1476771 
2000625 
1405469 
1396927 
1469375 
1458698 
1406302 
1464948 
1509115 
1826198 
3096198 
1456875 
1402187 
1435104 
1416927 
1433594 
1503698 
1415156 
1516302 
1639011 
1588646 
2023750 
1472760 
1405000 
1430104 
1438386 
1427552 
1482656 
1507136 
1774740 
2894791 
1405053 
1485417 
1413021 
1405313 
1395834 
1473177 
1863281 
1604687 
1555052 
1716719 
1469219 
1407969 
1536302 
1463802 
1402500 
1391042 
1401250 
1401562 
1569843 
1712135 
1547968 
1922447 
1453646 
1402760 
1399635 
1421407 
1413385 
1413177 
1424844 
1638646 
1621197 
1495208 
1407656 
1416042 
1407031 
1399792 
1406927 
1406458 
1442812 
1422604 
1453802 
1427916 
1528021 
1393281 
1423958 
1539427 
1700989 
1658750 
1398073 
1406094 
1497135 
1402500 
1426094 
1430469 
1425365 
1412760 
1428750 
1414844 
1453438 
1397813 
1416354 
1499532 
1391615 
1413542 
1406614 
1414948 
1427760 
1430104 
1415834 
1415417 
1435105 
1427083 
1426667 
1426979 
1435364 
1428854 
1388125 
1402396 
1390313 
1400990 
1387813 
1491198 
1440834 
1385521 
1412500 
1398542 
1406302 
1427083 
1396406 
1403542 
1402188 
1405521 
1427656 
1402917 
1387344 
1431406 
1435729 
1384948 
1369114 
1408958 
1390625 
1396458 
1419687 
1403073 
1407136 
1386510 
1425781 
1389636 
1408438 
1411093 
1461615 
1361615 
1399375 
1417761 
1385208 
1390886 
1452448 
1405990 
1398750 
1418750 
1390782 
1397135 
1413177 
1458333 
1322604 
1380364 
1460260 
1409167 
1400989 
1413073 
1397708 
1406406 
1385885 
1419167 
1389115 
1420312 
1409219 
1406927 
1375938 
1459948 
1429062 
1388750 
1433437 
1426510 
1430208 
1432083 
1435885 
1432500 
1416302 
1427708 
1414375 
1463282 
1432083 
1426302 
1440000 
1422761 
1426406 
1426875 
1419167 
1413334 
1433803 
1419219 
1417448 
1384375 
1421145 
1430938 
1444219 
1425261 
1431979 
1422187 
1427031 
1410677 
1432968 
1418854 
1423906 
1424427 
1451250 
1417187 
1426511 
1418750 
1455521 
1436979 
1425521 
1419479 
1419271 
1425260 
1418959 
1452187 
1390261 
1420678 
1438385 
1420365 
1426146 
1427031 
1426927 
1418854 
1421719 
1433229 
1434166 
1426406 
1373594 
1475677 
1446510 
1419635 
1427760 
1421979 
1428073 
1427916 
1412865 
1425678 
1419115 
1419792 
1466250 
1424687 
1418854 
1337657 
1480833 
1446093 
1457083 
1459427 
1447969 
1463803 
1436093 
1464584 
1430834 
1447552 
1452865 
1443958 
1421458 
1457917 
1460729 
1454636 
1449115 
1452812 
1447812 
1428646 
1448229 
1443802 
1445625 
1450261 
1336250 
1495364 
1475104 
1440208 
1453959 
1442604 
1398750 
1464636 
1358541 
1360781 
1432187 
1441979 
1441770 
1425521 
1415885 
1450260 
1425937 
1449843 
1449115 
1373541 
1491823 
1450469 
1366667 
1491979 
1479479 
1449115 
1455417 
1466198 
1456250 
1463073 
1451979 
1454010 
1445208 
1453855 
1450313 
1469427 
1436406 
1448594 
1448229 
1449114 
1449948 
1453073 
1460052 
1481980 
1456927 
1456510 
1447448 
1440260 
1442916 
1454895 
1445260 
1447292 
1425105 
1452448 
1452031 
1441563 
1449375 
1457188 
1456614 
1442604 
1455052 
1445520 
1495052 
1414011 
1440677 
1454791 
1450469 
1446979 
1455833 
1460625 
1491615 
1453855 
1447135 
1455729 
1452239 
1436562 
1453229 
1465572 
1446458 
1439791 
1445157 
1478125 
1446354 
1449792 
1367500 
1383125 
1366042 
1371511 
1373334 
1370104 
1415469 
1398490 
1396927 
1405156 
1405417 
1385313 
1382500 
1405990 
1377864 
1381614 
1419531 
1393959 
1402291 
1390313 
1394584 
1397708 
1353125 
1407865 
1454323 
1418490 
1419010 
1410313 
1413073 
1415365 
1409583 
1414480 
1472187 
1447761 
1368073 
1465312 
1436875 
1460573 
1481823 
1459531 
1455729 
1439896 
1483750 
1479062 
1475104 
1440729 
1479636 
1532760 
1492448 
1512084 
1467656 
1503177 
1497865 
1450364 
1506250 
1400313 
1537448 
1514219 
1683594 
1490729 
1564323 
1728646 
1768855 
1643646 
1659063 
1592865 
1459792 
1419010 
1568541 
1420261 
1532083 
1533958 
1387448 
1445834 
1566146 
1479791 
1476927 
1491979 
1556823 
1381302 
1534063 
1409844 
1534427 
1458125 
1391198 
1542135 
1506302 
1476771 
1506927 
1471458 
1479688 
1385990 
1528698 
1538958 
1455416 
1538229 
1462968 
1460677 
1355938 
1526979 
1510729 
1477239 
1473542 
1389323 
1523750 
1388698 
1560937 
1524636 
1426666 
1521927 
1410052 
1344167 
1373490 
1364792 
1390834 
1362291 
1392500 
1384115 
1395000 
1361719 
1419948 
1421198 
1454167 
1400365 
1413646 
1614948 
1422083 
1407500 
1378437 
1438541 
1403437 
1415989 
1399896 
1383750 
1535990 
1469948 
1766250 
1642031 
1423073 
1433125 
1458125 
1464844 
1429011 
1430990 
1423437 
1401302 
1392396 
1385104 
1395833 
1390417 
1404323 
1398907 
1391615 
1396458 
1382969 
1389635 
1476666 
1399010 
1570937 
1495312 
1499219 
1442292 
1415938 
1517343 
1511406 
1507448 
1452813 
1510573 
1389791 
1523750 
1490364 
1401510 
1397395 
1506510 
1459427 
1453437 
1452865 
1563542 
1437188 
1549896 
1484427 
1432240 
1637188 
1448958 
1565416 
1449062 
1565625 
1464114 
1453490 
1589375 
1484375 
1561094 
1427396 
1571458 
2003802 
1544843 
1448438 
1576875 
1535261 
1420521 
1484271 
1459010 
1500156 
1518855 
1572553 
1434375 
1571041 
1454635 
1452553 
1490157 
1444063 
1598593 
1517343 
1692916 
1485833 
1680833 
1540208 
1458281 
1492708 
1669166 
1413489 
1613594 
1440469 
1541146 
1453385 
1483333 
1502604 
1485261 
1510833 
1523542 
1526875 
1682812 
1462760 
1698906 
1567812 
1431927 
1493073 
1518073 
1464375 
1529739 
1406980 
1487447 
1559947 
1434636 
1543281 
1468907 
1528125 
1681823 
1534844 
1680677 
1433542 
1535416 
1461771 
1515521 
1492813 
1581667 
1441459 
1543125 
1458021 
1499844 
1516094 
1497812 
1532396 
1452344 
1469428 
1523750 
1403385 
1524428 
1452135 
1494427 
1518750 
1482344 
1482917 
1457709 
1529115 
1681406 
1456198 
1688750 
1467761 
1805729 
1577343 
1691666 
1601250 
1488229 
1525208 
1522552 
1412031 
1553906 
1548229 
1531146 
1501823 
1508021 
1430260 
1481146 
1510261 
1408854 
1526875 
1570938 
1503334 
1679167 
1473542 
1523698 
1536354 
1498542 
1517552 
1562552 
1526511 
1515677 
1491146 
1452084 
1571771 
1438698 
1514322 
1505625 
1505989 
1757187 
1450781 
1688386 
1462292 
1697708 
1458437 
1691511 
1459896 
1680000 
1456198 
1693073 
1537709 
1691771 
1435261 
1683750 
2510417 
1426459 
1461719 
1542135 
1466198 
1531250 
1354271 
1494479 
1533021 
1443542 
1524011 
1452864 
1497500 
1514115 
1454531 
1510938 
1461666 
1473282 
1522604 
1452083 
1521041 
1466667 
1529323 
1446562 
1502760 
1513438 
1450260 
1538958 
1435260 
1513906 
1525052 
1457031 
1646875 
1410990 
1513854 
1429427 
1495573 
1535208 
1441354 
1517396 
1443073 
1487865 
1507084 
1413698 
1519948 
1510208 
1491511 
1510417 
1432708 
1525885 
1436927 
1407396 
1532136 
1527813 
1492812 
1491146 
1530417 
1527552 
1438750 
1527291 
1440313 
1582239 
1435677 
1488958 
1548386 
1458020 
1438959 
1709740 
1497761 
1441822 
1545625 
1451406 
1497656 
1519583 
1399531 
1510313 
1422761 
1510677 
1511719 
1446979 
1525677 
1456302 
1529948 
1415365 
1491459 
1473229 
1611041 
1468437 
1435885 
1476406 
1503907 
1449583 
1521250 
1488073 
1497916 
1518750 
1459844 
1534167 
1462916 
1524479 
1682396 
1454323 
1688854 
1488698 
1426094 
1488542 
1617500 
1460105 
1450677 
1565469 
1512969 
1457395 
1494010 
1513750 
1490833 
1541250 
1438542 
1486927 
1512500 
1451979 
1515104 
1432136 
1627865 
1672344 
1454896 
1682500 
1458437 
1771823 
1449791 
1685417 
1476771 
1532864 
1492188 
1523438 
1450885 
1519167 
2291563 
1424167 
1514583 
1453802 
1490885 
1515938 
1456771 
1511198 
1442188 
1495052 
1512240 
1456198 
1530000 
1441979 
1528125 
1421407 
1489843 
1537136 
1437187 
1536146 
1455729 
1470677 
1508020 
1414791 
1532188 
1485365 
1492500 
1504948 
1571511 
1580052 
1634479 
1682917 
1681407 
1601823 
1599427 
1555208 
1426562 
1471355 
1463177 
1449844 
1457865 
1572032 
1538229 
1639583 
1464010 
1511562 
1487083 
1496615 
1533750 
1412657 
1459583 
1415156 
1392552 
1507188 
1490937 
1486458 
1484583 
1481719 
1406875 
1566771 
1486042 
1416979 
1486041 
2110990 
1448750 
1662500 
1521511 
1406771 
1454427 
1547813 
1448438 
1427656 
1518125 
1397240 
1536562 
1541198 
1404531 
1516563 
1508594 
1379583 
1436458 
1442239 
1443958 
1459063 
1558385 
1460625 
1439062 
1497448 
1455729 
1455417 
1472292 
1393177 
1505833 
1485886 
1519532 
1493750 
1435313 
1479010 
1451146 
1625417 
1468698 
1424792 
1503333 
1459219 
1574687 
1526979 
1672031 
1442969 
1674167 
1469011 
1413958 
1494271 
1572448 
1428594 
1522396 
1443907 
1489375 
1509532 
1473906 
1519791 
1502187 
1478958 
1505781 
1460937 
1507500 
1455208 
1487968 
1524219 
1503020 
1521614 
1464062 
1505937 
1425365 
1479375 
1522136 
1458750 
1709114 
1550052 
1502656 
1461198 
1435521 
1512760 
1443072 
1496771 
1505364 
1461823 
1518334 
1552761 
1692500 
1745521 
1672760 
1503958 
1547761 
1355469 
1713073 
1470938 
1685729 
1456875 
1391406 
1531406 
1515729 
1523334 
1573698 
1535365 
1472657 
1554739 
1460677 
1496666 
1421302 
1462396 
1662865 
1418177 
1587969 
1520157 
1525678 
1597604 
1534167 
1503906 
1512448 
1532448 
1525833 
1486667 
1478854 
1536823 
1437709 
1524635 
1528020 
1514167 
1752239 
1458125 
1680938 
1506771 
1675365 
1573541 
1511667 
1481614 
1506458 
1436459 
1516094 
1494115 
1469844 
1563333 
1448541 
1649114 
1472448 
1630208 
1578906 
1648542 
1415677 
1650885 
1418594 
1653750 
1407187 
1487657 
1673021 
1357656 
1644218 
1510885 
1655520 
1473021 
1640104 
1445573 
1623386 
1426250 
1465677 
1479323 
1485521 
1737709 
1355313 
1639479 
1363177 
1506667 
1732865 
1364532 
1644479 
1382083 
1631250 
1361927 
1503750 
1649532 
1399114 
1642604 
1359479 
1669219 
1362969 
1729531 
1293281 
1507812 
1633906 
1402292 
1649636 
1456614 
1649843 
1405937 
1501354 
1623229 
1364375 
1638802 
1363542 
1642552 
1369010 
1530729 
1631979 
1361666 
1643698 
1361771 
1643698 
1364063 
1504687 
1657812 
1357396 
1663230 
1981406 
1631979 
1324427 
1664844 
1384323 
1657969 
1367500 
1681823 
1353333 
1494479 
1635781 
1367552 
1642188 
1366458 
1646771 
1370834 
1497604 
1632135 
1468906 
1639740 
1417604 
1630208 
1362865 
1652917 
1355000 
1496042 
1636823 
1356198 
1759010 
1353542 
1643646 
1439635 
1486563 
1705209 
1357344 
1660469 
1366406 
1646562 
1349375 
1511927 
1635625 
1404688 
1640521 
1350989 
1847292 
1388490 
1821146 
1537708 
1577552 
1436198 
1411406 
1818073 
1442604 
1557344 
1646667 
1414427 
1638281 
1415209 
1631094 
1406094 
1480729 
1631563 
1401979 
1641302 
1474635 
1627813 
1409479 
1482708 
1628021 
1455105 
1638281 
1363229 
1745208 
1395417 
1641354 
1522761 
1622396 
1481927 
1645052 
1406718 
1488021 
1633490 
1352032 
1656927 
1431510 
1635885 
1405365 
1485729 
1635468 
1358073 
1737032 
1407969 
1638750 
1453333 
1624896 
1412813 
1564062 
1615157 
1381875 
1651511 
1429010 
1624479 
1410938 
1728646 
1421146 
1484479 
1541562 
1543802 
1911823 
1438541 
1853958 
1775573 
1431771 
1626406 
1425521 
1628645 
1413958 
1475157 
1730104 
1358177 
1652500 
1458438 
1649479 
1432552 
1639792 
1420417 
1486510 
1517552 
1484323 
1494636 
1594479 
1495521 
1844167 
1395365 
1583386 
1435209 
1891614 
1660781 
1369375 
1667187 
1426146 
1470417 
1643073 
1357083 
1723230 
1420573 
1633125 
1395781 
1521250 
1708020 
1560521 
1447604 
1570938 
1444323 
1647500 
1554791 
1477969 
1509844 
1428385 
1491406 
1524323 
1453855 
1580000 
1502187 
1527188 
1521146 
1463334 
1519688 
1426458 
1577708 
1594323 
1522136 
1516406 
1462813 
1522500 
1468854 
1529479 
1501562 
1514271 
1523386 
1467083 
1642395 
1411771 
1591615 
1626823 
1561406 
1619166 
1386615 
1475885 
1397344 
3053125 
1641458 
1463489 
1649115 
1448437 
1707656 
1469791 
1518750 
1437084 
1485729 
1524583 
1404062 
1485729 
1622343 
1415104 
1518490 
1505625 
1506823 
1444271 
1489687 
1509636 
1457604 
1518282 
1453594 
1492865 
1520260 
1434792 
1529480 
1450261 
1582916 
1390468 
1459948 
1505938 
1392031 
1463750 
1508490 
1441302 
1584896 
1432291 
1494948 
1512240 
1472344 
1529948 
1422916 
1516198 
1602760 
1501979 
1514166 
1429948 
1520209 
1423958 
1493542 
1521614 
1497396 
1539688 
1450521 
1537969 
1450365 
1486458 
1522916 
1457500 
1583386 
1456145 
1487396 
1556250 
1438437 
1515469 
1440729 
1530573 
1751510 
1455365 
1465625 
1493906 
1512968 
1526980 
1643125 
1362448 
1653958 
1356719 
1488541 
1646562 
1370625 
1669688 
1485209 
1629323 
1465313 
1651771 
1404427 
1496771 
1649010 
1376042 
1640468 
1364479 
1651614 
1365885 
1540312 
1641302 
1360937 
1647083 
1348177 
1640469 
1369167 
1500573 
1714010 
1361406 
1648282 
1466615 
1653125 
1396823 
1497032 
1635000 
1378125 
1630938 
1357240 
1655105 
1378177 
1546302 
1635677 
1351928 
1643645 
1358489 
1758437 
1337396 
1529062 
1440260 
1495990 
1429844 
1475521 
1487083 
1703020 
1304635 
1648958 
1368802 
1648438 
1360573 
1501042 
1660157 
1345625 
1635833 
1357083 
1536458 
1632916 
1363281 
1830677 
1361250 
1933177 
1354427 
1839584 
1616250 
1387135 
1491718 
1651355 
1370938 
1644948 
1365989 
1745000 
1367917 
1649532 
1394688 
1479323 
1655416 
1362656 
1635261 
1369895 
1492239 
1626875 
1422084 
1637395 
1367812 
1649791 
1361719 
1502031 
1655834 
1366979 
1641563 
1364688 
1744636 
1369323 
1652396 
1392760 
1399114 
1667969 
1374740 
1660469 
1400000 
1500573 
1552500 
1447552 
1455364 
1481562 
1479532 
1399375 
1727812 
1643438 
1361458 
1656302 
1367500 
1489219 
1641146 
1356250 
1646614 
1368802 
1644479 
1362760 
1510885 
1773073 
1353282 
1661823 
1406823 
1635781 
1360000 
1491198 
1621875 
1380312 
1640521 
1357084 
1655521 
1367761 
1762604 
1650000 
1360260 
1881094 
1364323 
1733125 
1349896 
1844166 
1602292 
1310782 
1758437 
1371511 
1480417 
1628906 
1367812 
1656823 
1368177 
1672031 
1404218 
1499427 
1643646 
1427343 
1638438 
1369115 
1645416 
1358542 
1505417 
1647448 
1364792 
1647187 
1351354 
1738125 
1350782 
1643906 
1402917 
1494271 
1632136 
1364271 
1649270 
1403802 
1480313 
1534844 
1441562 
1481093 
1450625 
1380364 
1513386 
1562864 
1462760 
1531928 
1504427 
1530521 
1625521 
1406407 
1476250 
1749063 
1351927 
1645833 
1533646 
1634167 
1466927 
1644583 
1444323 
1647916 
1428125 
1437239 
1775729 
1620885 
1426146 
1470573 
1508437 
1460677 
1643438 
1446875 
1625521 
1431667 
1482239 
1641823 
1363958 
1544843 
1510989 
1633281 
1420261 
1633802 
1412083 
1550312 
1650469 
1480416 
1503542 
1508020 
1495053 
1529948 
1529062 
1531511 
1523646 
1456875 
1532812 
1649532 
1444218 
1609063 
1466355 
1647605 
1495625 
1644583 
1487032 
1474166 
1613906 
1374584 
1652239 
1428021 
1629635 
1416875 
1509948 
1677187 
1421406 
1491511 
1547239 
1782760 
1357344 
1669375 
1438073 
1640156 
1412344 
1561979 
1637604 
1363125 
1666823 
1372656 
1516719 
1638750 
1460416 
1510573 
1390469 
1485365 
1508906 
1488906 
1675209 
1692604 
1358854 
1672187 
1366823 
1482552 
1645781 
1370729 
1655469 
1365468 
1518021 
1655521 
1372553 
1847448 
1369323 
1945104 
1350729 
1450156 
1504479 
1654167 
1468802 
1652240 
1370886 
1510469 
1639531 
1355677 
1427917 
1502344 
1745104 
1351614 
1664635 
1677657 
1450468 
2004479 
2664948 
1446823 
1576614 
1446197 
1576875 
1549219 
1524583 
1331459 
1468020 
1358906 
1448542 
1409687 
1416354 
1417500 
1412084 
1385000 
1406771 
1445105 
1399584 
1410157 
1451094 
1511094 
1356407 
1503802 
1515417 
1443385 
1468073 
1362188 
1474740 
1391979 
1504948 
1430104 
1557604 
1443750 
1854843 
1671094 
1788385 
1652656 
1733229 
1539688 
1493542 
1635000 
1614635 
1566094 
1617657 
1539011 
1423437 
1568021 
1661979 
1540313 
1545885 
1511406 
1546302 
1533073 
1587812 
1395000 
1549167 
1422552 
1549271 
1635417 
1493542 
1674635 
1503854 
1625677 
1507448 
1610989 
1565364 
1459271 
1412656 
1455312 
1476928 
1522292 
1516614 
1547084 
1640521 
1507812 
1403490 
1526719 
1496459 
1551875 
1463907 
1413333 
1537344 
1616615 
1514427 
1388802 
1530782 
1551146 
1520625 
1515990 
1519375 
1505000 
1611927 
1538281 
1506823 
1524375 
1530417 
1523802 
1518594 
1513958 
1380677 
1417135 
1460625 
1388855 
1382656 
1399896 
1401875 
1397344 
1412760 
1392448 
1397187 
1395729 
1401563 
1390104 
1401302 
1529010 
1669063 
1670990 
1660312 
1400469 
1345365 
1443750 
1423333 
1405417 
1419688 
1566406 
1651510 
1683229 
1697760 
1589688 
1464844 
1613490 
1658021 
1532969 
1432500 
1441563 
1532812 
1422344 
1461407 
1417552 
1400104 
1398906 
1422656 
1436093 
1401875 
1415677 
1464688 
1447656 
1447240 
1352136 
1479167 
1445521 
1452396 
1451302 
1544791 
1399843 
1515625 
1507708 
1485000 
1485417 
1405365 
1509791 
1544843 
1485729 
1493594 
1440156 
1443437 
1427136 
1558386 
1473958 
1439010 
1471406 
1440469 
1598073 
1467552 
1431510 
1480677 
1446927 
1544896 
1531511 
1513541 
1460260 
1517709 
1471927 
1522344 
1541354 
1489531 
1555156 
1477656 
1532916 
1454114 
1525416 
1415834 
1483594 
1577239 
1436406 
1506563 
1460157 
1543073 
1447239 
1490156 
1509792 
1515989 
1531667 
1448177 
1489010 
1514115 
1439740 
1520677 
1465209 
1594584 
1437396 
1473855 
1544010 
1459531 
1518333 
1416979 
1473750 
1696510 
1435990 
1570677 
1691250 
1342604 
1540729 
1425521 
1489219 
1425521 
1528698 
1431145 
1441771 
1562865 
1440104 
1554114 
1523490 
1572188 
1518438 
1522239 
1472709 
1725989 
1924688 
1414792 
1429115 
1515469 
1454896 
1567552 
1377812 
1490260 
1518333 
1300677 
1519427 
1529062 
1471562 
1719011 
1355573 
1644687 
1412969 
1640208 
1429740 
1558177 
1607448 
1363072 
1648125 
1424688 
1687917 
1415834 
1737865 
1421770 
1632969 
1451458 
1473802 
1693437 
1442448 
1651093 
1369479 
1658541 
1437344 
1640260 
1423386 
1544583 
1642813 
1413854 
1555469 
1460521 
1522396 
1488750 
1476823 
1661719 
1349271 
1657552 
1517812 
1635521 
1464740 
1633125 
1420000 
1639219 
1422031 
1476823 
1631979 
1367604 
1668646 
1355469 
1648645 
1473854 
1482864 
1716250 
1359115 
1655781 
1391771 
1633177 
1357292 
1499688 
1640052 
1368229 
1639636 
1364948 
1649167 
1356250 
1492761 
1637396 
1363177 
1684896 
1374427 
1643646 
1459062 
1628385 
1402761 
1382448 
1639635 
1455729 
1659843 
1355312 
1634584 
1371146 
1563125 
1641666 
1363906 
1648177 
1349532 
1644844 
1371667 
1415625 
1753906 
1360417 
1632032 
1460260 
1633229 
1405573 
1484687 
1630833 
1380573 
1643750 
1350886 
1499010 
1646198 
1405573 
1644636 
1357917 
1640782 
1368385 
1492709 
1631354 
1362500 
1740938 
1365677 
1640677 
1457969 
1641042 
1407083 
1475209 
1631719 
1376042 
1645677 
1378646 
1496875 
1728073 
1642553 
1362344 
1454531 
1801511 
1426198 
1840469 
1393750 
1896771 
1782292 
1440468 
1666927 
1358698 
1644843 
1362656 
1497968 
1750625 
1446615 
1564532 
1586562 
1612500 
1861875 
1390573 
1490000 
1466562 
1491406 
1450886 
1657395 
1468490 
1676302 
1455729 
1689583 
1483178 
1518541 
1437291 
1527083 
1457552 
1521563 
1438125 
1482240 
1524843 
1467969 
1619584 
1434271 
1528698 
1412188 
1478489 
1518177 
1423542 
1492187 
1525573 
1453073 
1519479 
1460938 
1520468 
1771250 
1354792 
1838646 
1605052 
1369115 
1496719 
1641355 
1467864 
1798490 
1361875 
1650886 
1476927 
1658802 
1376771 
1638698 
1360208 
1508906 
1645730 
1423854 
1648072 
1443802 
1803750 
1372396 
1747604 
1367656 
1655312 
1995416 
1491510 
2056979 
1717344 
1590573 
1598489 
1470365 
1496511 
1615990 
1515885 
1593177 
1516093 
1701510 
1424792 
1537240 
1529114 
1587291 
1399166 
1536302 
1592239 
1545469 
1605364 
1549427 
1605625 
1542969 
1594740 
1544740 
1642292 
1501718 
1589062 
1516094 
1603490 
1546667 
1612447 
1530417 
1654480 
1514896 
1689531 
1503750 
1615782 
1520520 
1635521 
1539219 
1581302 
1520312 
1625416 
1508698 
1666771 
1506823 
1626614 
1506823 
1617864 
1515104 
1608593 
1501563 
1720105 
1432240 
1542292 
1479895 
1533541 
1515886 
1555208 
1514166 
1514115 
1520781 
1414792 
1566145 
1517969 
1522813 
1524843 
1526354 
1491875 
1545833 
1549688 
1553802 
1549479 
1514063 
1551354 
1585834 
1518386 
1396458 
1561042 
1517760 
1580209 
1550104 
1543854 
1554948 
1505312 
1532188 
1552709 
1399167 
1552656 
1532813 
1475625 
1383489 
1531718 
1480000 
1378646 
1517812 
1426719 
1471250 
1478906 
1482656 
1484739 
1478906 
1506562 
1493750 
1488646 
1485885 
1478854 
1478125 
1484532 
1543125 
1476928 
1479323 
1496823 
1472813 
1480469 
1487240 
1488073 
1520573 
1479271 
1482292 
1499115 
1478542 
1480000 
1470781 
1482344 
1512240 
1477031 
1478021 
1490521 
1487239 
1478386 
1486719 
1485781 
1487709 
1480312 
1489062 
1489114 
1483021 
1478906 
1453177 
1469323 
1480365 
1471718 
1487917 
1477343 
1480052 
1584844 
1491302 
1473698 
1575729 
1453854 
1490937 
1483750 
1505000 
1521875 
1482552 
1497500 
1458959 
1495209 
1483593 
1490730 
1488958 
1477813 
1473230 
1476094 
1474115 
1484375 
1534115 
1490469 
1492344 
1487187 
1483542 
1486094 
1482343 
1473177 
1501666 
1476146 
1469322 
1485729 
1480000 
1487136 
1485782 
1485937 
1518229 
1494010 
1478281 
1490729 
1484114 
1480261 
1477448 
1447448 
1452083 
1443854 
1451094 
1462604 
1446198 
1448854 
1445364 
1453854 
1492187 
1403282 
1438593 
1450990 
1447864 
1437135 
1444375 
1453698 
1447761 
1420990 
1441250 
1456354 
1443697 
1455000 
1466145 
1439531 
1460573 
1469792 
1452760 
1523125 
1457552 
1477031 
1444167 
1479375 
1444948 
1459739 
1436197 
1483281 
1494167 
1501980 
1439167 
1359480 
1508593 
1460365 
1438906 
1485364 
1457396 
1450469 
1441198 
1442604 
1457188 
1347292 
1377604 
1373854 
1382500 
1381667 
1391198 
1388906 
1398385 
1448385 
1356666 
1485260 
1494895 
1479791 
1470625 
1472552 
1489011 
1477396 
1449480 
1483177 
1487969 
1489740 
1487292 
1486511 
1489323 
1522760 
1477761 
1487657 
1481041 
1497604 
1478750 
1494479 
1497760 
1514427 
1470937 
1478958 
1485365 
1481145 
1484583 
1494687 
1496927 
1495312 
1495469 
1487188 
1440209 
1463698 
1466250 
1440104 
1434636 
1491562 
1440208 
1461041 
1434167 
1435000 
1478646 
1462291 
1478281 
1480364 
1475990 
1490937 
1484010 
1491458 
1432865 
1455573 
1453750 
1480105 
1493646 
1384635 
1517656 
1495052 
1486979 
1483803 
1493490 
1527448 
1328906 
1410104 
1395886 
1403958 
1390000 
1416927 
1400573 
1393073 
1406042 
1391094 
1393542 
1673750 
1351823 
1416719 
1406562 
1466510 
1675677 
1728959 
1606302 
1453021 
1393282 
1392084 
1396198 
1378333 
1395781 
1381927 
1399010 
1399011 
1374635 
1364427 
1405781 
1391823 
1376302 
1386823 
1374740 
1423281 
1393386 
1379010 
1386145 
1388438 
1414375 
1375156 
1379323 
1380834 
1378646 
1371875 
1398229 
1533229 
1434688 
1575469 
1524218 
1544948 
1568021 
1467865 
1521719 
1572396 
1569479 
