55087438 
12775618 
12034687 
11959896 
11933594 
10380587 
10032048 
17060269 
10875478 
22068454 
43687646 
24299583 
27857469 
10480326 
10540899 
10728345 
9039037 
10269078 
10714075 
25351032 
9427887 
9524971 
9040704 
9296587 
9208827 
9265805 
8908308 
9128099 
7933370 
7743110 
7651340 
10619700 
14704041 
8222637 
8870080 
10793553 
8480761 
9261691 
8082327 
9418304 
7969359 
8156388 
7879932 
7639517 
8978048 
30405104 
24016616 
7360614 
24145834 
7188949 
21141954 
7180772 
25296085 
7382801 
20071755 
7204990 
7857589 
7508165 
37996496 
7420769 
7739361 
7639778 
7029158 
7191761 
6497132 
6291925 
6333539 
6575047 
6554840 
6610828 
6619318 
6606766 
6451819 
6640307 
6602287 
6146822 
6113281 
6286560 
6149166 
6918690 
6048281 
6014428 
6264217 
6173697 
6129999 
6166666 
6066042 
6049844 
6083489 
5866251 
5484119 
5759221 
5513650 
5686930 
5595056 
5660368 
5540994 
5844638 
6739786 
6953794 
5785158 
5857241 
5729482 
7009888 
6046251 
5730837 
5674118 
5466567 
5443547 
5400631 
5233236 
5247767 
5154123 
5165945 
5136518 
5294590 
5290215 
5410839 
5157456 
5223080 
5188497 
5360892 
5204383 
5423496 
5237559 
5281882 
5636983 
5195581 
5071779 
5073394 
5022145 
4987822 
5079801 
5135112 
5103863 
5130946 
5169904 
5095634 
5054697 
5249331 
5129175 
5188810 
5109696 
5164591 
5108394 
5251101 
5178028 
5255684 
5169071 
5153289 
4988082 
5251101 
5178602 
4988343 
5062041 
5159383 
5262351 
5274643 
5160633 
5038186 
5042301 
5253081 
4976520 
5132560 
5138654 
5037197 
5112248 
5177404 
5250789 
5206570 
5176519 
5125217 
5242611 
5461672 
5251779 
5371204 
5128498 
5174487 
5050738 
5150269 
5255476 
6064219 
5073290 
5204174 
5415995 
5227091 
5155529 
5344017 
5653337 
7286760 
5580317 
5160425 
5924950 
5895627 
5718493 
5271517 
5015374 
5994377 
5760472 
5814117 
5365423 
5206154 
5090842 
5693806 
5461151 
5931512 
5151467 
5430631 
5295944 
5478912 
5338496 
5554119 
5376777 
5566619 
5473495 
5788544 
5777555 
6279061 
6044897 
6272082 
5763597 
17991409 
5190112 
5305111 
5383340 
5296101 
5443234 
5417715 
5221518 
5242716 
5195476 
5518860 
5413652 
5253185 
5394746 
5371777 
5323184 
5510422 
8792790 
6125000 
5512505 
5437193 
5385162 
5455734 
5496203 
5340163 
5232716 
5213289 
5253497 
5302976 
8259930 
5828753 
5605994 
5873543 
5597349 
6802651 
6323904 
5436204 
5054384 
6103542 
6013647 
5364069 
5651306 
5974012 
5554067 
5654639 
6154948 
6369477 
5479016 
5857086 
6316353 
5149436 
5124435 
5623858 
5522505 
5092665 
5331570 
5644327 
5912815 
5864273 
32794044 
5824117 
8858675 
5300423 
5522922 
5768805 
5479797 
5584901 
5650056 
5557349 
5427871 
5615577 
5732765 
5692140 
5325476 
5261310 
5206779 
5241622 
5146676 
5291830 
5263862 
5309382 
5394070 
5948127 
6105626 
5734795 
5371466 
6012242 
5573808 
7174315 
5553651 
5109124 
6322968 
5500579 
5289851 
5824483 
5537818 
5707661 
6000366 
5613807 
6329947 
5889221 
5457714 
9808615 
5738806 
5234748 
5622609 
5415736 
5036416 
5727295 
5268393 
5451933 
5732348 
5640733 
5724743 
6454842 
5315163 
5692296 
6500831 
5878597 
5457246 
6055939 
6272760 
5614172 
5737452 
7171815 
5737712 
5345840 
5308706 
5197873 
5074437 
5224384 
5083291 
5163758 
5057041 
5098655 
5238497 
5389643 
5754587 
5479485 
5001364 
5141624 
5165061 
5300737 
5144644 
5211727 
5180894 
5219279 
4974073 
5078967 
5016364 
5080010 
5207821 
5240946 
5239643 
5342559 
5227664 
5225789 
5380215 
5394226 
5166779 
5575474 
5239643 
4966938 
5273862 
5336257 
5150582 
5550526 
5531672 
5306987 
5810108 
5696202 
5068447 
6870203 
5283029 
5085166 
6001460 
5408288 
5202716 
5635629 
5089853 
5108655 
5459537 
15362163 
5266831 
5227143 
5151727 
5280269 
5931461 
5241102 
5253914 
5223914 
5224279 
5272195 
5186154 
5254696 
5211050 
5228081 
5186936 
5231310 
5218133 
5288133 
5258966 
5268445 
5756098 
5527922 
5043395 
5251675 
6050574 
5252352 
5099748 
5501360 
7913058 
7443167 
5473548 
5608078 
5670733 
5153915 
5114592 
6055418 
5422402 
5289904 
5853492 
5551881 
5499537 
5868961 
5707192 
5973023 
6545101 
5401934 
5224644 
6234896 
17963963 
5540474 
5520892 
5847138 
5462037 
6454530 
5414955 
5382403 
5612452 
5468183 
5356153 
5855471 
5366934 
5168863 
5411152 
10953554 
6801037 
5718546 
5772087 
5577246 
5674640 
5404851 
5234123 
5442820 
5205217 
5929898 
5660943 
7191086 
5881879 
5756150 
8009152 
6558643 
5789536 
5631671 
5596673 
12645624 
6973328 
11135741 
5311623 
5227248 
5435944 
5538809 
5623078 
5555005 
5588078 
5416309 
5342560 
5621464 
5459538 
5485267 
5460215 
5447611 
5500059 
5494173 
5417194 
5669536 
5377872 
5466882 
5608547 
5481516 
5538444 
5508913 
5754171 
5457924 
5370684 
5470579 
5355424 
16228668 
32720249 
18992290 
5611412 
5590526 
5500788 
18900988 
5419330 
5518184 
5424487 
15481225 
5581516 
5855160 
5654797 
15636745 
6198177 
6485466 
9165601 
5851358 
5610526 
5322508 
5378810 
5175999 
5161571 
5206311 
5139124 
5340007 
5270113 
5206676 
5199123 
5288498 
5152353 
5194019 
5149072 
5166519 
5224696 
5231779 
5169541 
5212300 
5125218 
5375477 
5183291 
5429122 
5397924 
5051052 
5017979 
5078708 
4993188 
5037875 
5042718 
5034697 
5027198 
5116364 
5097458 
5238499 
5158707 
5149489 
5094906 
5136780 
5041989 
5108551 
5215009 
5148499 
5152978 
5189801 
5061938 
5202353 
5147041 
5217561 
5063291 
5082145 
5012145 
5202092 
5041781 
5112145 
5137822 
5222613 
5355945 
5199332 
5194644 
5259540 
5176571 
5330372 
5383132 
5177666 
5152197 
5436726 
5390164 
5511933 
5197353 
5287509 
5148603 
5162717 
5094280 
5247248 
5070322 
5158915 
5083760 
5176623 
5091520 
5354018 
5187301 
5312873 
5232613 
5866617 
5384174 
5145270 
5312716 
5214227 
5114280 
5265217 
5075010 
5060114 
4985531 
5103916 
5469695 
5305425 
5807088 
5149332 
5089229 
5120010 
5070739 
5079854 
5146729 
5173864 
5054386 
5313810 
5116572 
5349696 
5264228 
5185947 
5136364 
5232041 
5124333 
5297404 
4998449 
5142406 
4980480 
5356935 
5184332 
5134593 
5188759 
5525684 
5290061 
5334904 
5602923 
5481934 
5136885 
5202926 
5155739 
5246936 
5151103 
5328081 
5241780 
5224801 
5194332 
5242717 
5271519 
5261676 
5226103 
5161364 
5211207 
6047972 
5188707 
5109229 
5455372 
5518913 
5125166 
5903441 
19077760 
5592298 
5389696 
5505163 
5340945 
5379070 
5638704 
5764015 
5523652 
5275842 
5163499 
5526569 
5150947 
5227665 
5616255 
5715109 
5324696 
5490736 
5368706 
5263134 
5174280 
5198187 
5163864 
5195322 
5301154 
6095992 
5281832 
5439955 
5612193 
5469538 
6693435 
6123856 
5470840 
5780005 
5401779 
5335790 
6629529 
5427091 
5569589 
5802609 
5286415 
5671933 
6444426 
5591829 
7420877 
6407812 
5098708 
6451562 
5149541 
21490657 
6446353 
5795526 
5506413 
6109741 
5791411 
6350521 
5730005 
5105062 
5557715 
5735630 
5127718 
6024742 
5667714 
5190061 
6364895 
5756776 
5473080 
6099742 
5321258 
5463809 
5660058 
5516101 
5281936 
13965563 
5195895 
6257605 
5576725 
5474851 
6072242 
5692922 
5486621 
5794848 
6859683 
5553080 
16473927 
5512767 
6919422 
5988440 
5299904 
5876201 
5680838 
5255634 
5632923 
5459226 
5226937 
5451934 
5315946 
5121833 
5393757 
5376831 
5131833 
5512038 
5448601 
5685266 
6951245 
5849483 
5437507 
6884475 
5162613 
5162458 
5863859 
5688703 
5616360 
6050992 
5379540 
5961774 
5857191 
5261519 
5667662 
5401311 
4980272 
6115315 
5540632 
5123239 
5539382 
5356883 
5024386 
5685110 
5440112 
5246832 
5721360 
6638488 
5405841 
6082451 
5351623 
5182197 
5594225 
5166000 
5271832 
6004378 
5061886 
5181572 
6722602 
5474123 
5701672 
5943441 
5521465 
6478333 
5856463 
5528653 
6568176 
5753599 
5579017 
6150627 
5578340 
5786151 
6069795 
5526882 
6148648 
5932035 
5441831 
7521606 
5326623 
5273343 
5872921 
5235843 
5255426 
5810161 
5253811 
5186208 
5142094 
5175218 
5171625 
5147197 
4941783 
5965837 
5000220 
5040271 
4945533 
4999334 
4935168 
5034908 
4972876 
5099229 
4946053 
5050063 
5082146 
5190271 
4965949 
5136468 
5058761 
5063813 
5162353 
5224645 
5136729 
5168447 
5080427 
5150427 
5231520 
7894572 
5211468 
5215166 
5167458 
5305113 
5078031 
5220271 
5209853 
6024431 
6079534 
5674485 
8248006 
5381675 
6753539 
6304167 
5249592 
5270114 
5085740 
5141833 
5209905 
5206833 
5025324 
5187249 
5002615 
5078448 
5469331 
5748495 
5638444 
5811411 
5390217 
5463289 
5259853 
5471830 
5438498 
5460841 
5415373 
5517872 
5423967 
5407977 
5388342 
5387352 
5332457 
5333551 
5307040 
5311936 
5350217 
5424279 
5399070 
5480112 
5407716 
5438550 
5375530 
5338655 
5250686 
5556361 
5514486 
5550892 
5468601 
7097859 
5767870 
5474279 
6507968 
5454122 
5217822 
5481882 
5495632 
5244489 
5168708 
5263187 
5382508 
5692193 
5323030 
5822869 
5863546 
5686725 
6128856 
5730735 
5626048 
6687706 
5375789 
5325217 
5565215 
22366537 
5865161 
5835473 
5803338 
5846151 
5833233 
5786412 
5733808 
6116512 
6296720 
5419852 
5259854 
5511414 
5080167 
5218500 
5261624 
5292823 
5251781 
5248603 
5338863 
5491675 
5340790 
5432613 
5212093 
5146365 
5349853 
5233031 
5105063 
5253812 
5251260 
5175375 
5142719 
5207354 
5078397 
5094439 
5177406 
5606257 
5911671 
5534278 
5455216 
5758079 
5565216 
6239324 
6069378 
5931359 
6452656 
5614174 
5654017 
6318856 
5347665 
5587143 
5896620 
5176260 
5926515 
5550528 
5124333 
5504539 
5810214 
5193135 
6804841 
5368551 
5220844 
6181929 
5279905 
5242823 
6022660 
5152146 
5077928 
6368230 
5253395 
6838539 
17657202 
5437977 
5956567 
5633809 
5656934 
5954327 
5696517 
5495998 
5160740 
6541926 
5664902 
5485894 
15161649 
5939484 
5533549 
5388915 
5949692 
5801620 
6255679 
6601509 
5627195 
6338751 
6305678 
5862088 
6489948 
5728444 
5540111 
6209794 
5621882 
6313074 
6097399 
5515997 
6407084 
15698572 
10697414 
5606153 
5576831 
5598236 
5642976 
5433967 
7437336 
8688524 
5207979 
5189386 
5118761 
5280635 
5267562 
5599018 
5422144 
5928598 
5741569 
6595207 
5649902 
5659955 
5154438 
5206573 
5219385 
5221729 
5266781 
5355217 
5312979 
10082575 
5748652 
5242041 
5212875 
5219281 
5233968 
5231990 
5108501 
5307927 
5372926 
21563317 
16877885 
5351624 
6144065 
6979527 
5750892 
5584903 
6444948 
6411407 
5692454 
5775058 
5850526 
5725527 
5941410 
5883651 
6116618 
5549018 
5370842 
5412196 
5472509 
5423081 
5837870 
6892497 
6295001 
5838286 
5306572 
5440269 
5277874 
5434853 
5360582 
5348499 
5261729 
5564747 
5182563 
5303864 
5218239 
5289021 
5303552 
5531519 
5535581 
5542195 
6415314 
6353492 
6207867 
13210052 
6102764 
5660059 
5283240 
5184699 
5124230 
5331416 
5271313 
5192928 
5244334 
6038650 
21745296 
6017712 
5967089 
11541627 
5492092 
5566987 
5277979 
5227719 
5248500 
5254802 
5254697 
5613133 
5927088 
5678288 
11735792 
5708496 
5210531 
5318344 
5099751 
5271052 
5173500 
5272042 
5172667 
5202042 
5198292 
5494591 
6076098 
5647456 
5334385 
5154490 
5118189 
5233916 
6140004 
5269125 
5156625 
5221417 
5163241 
5400478 
6229586 
5598810 
5235896 
5882713 
5515998 
5234906 
5830266 
5756257 
5550060 
6305575 
5886568 
5805943 
6061202 
6000734 
5988026 
7029111 
5907506 
5491258 
5409019 
5628289 
5485842 
5410217 
5793027 
5470477 
5488655 
6952081 
5197511 
5177407 
5708652 
16645389 
5416311 
5632039 
5394541 
5435634 
5557925 
5486832 
5589956 
5627091 
5271468 
5205583 
5166626 
5212719 
5172875 
17494861 
5694694 
6397918 
5748601 
8670556 
5499487 
5534540 
6000630 
5273448 
5435633 
5192094 
5175636 
9530550 
5441311 
5336260 
5459696 
5486571 
5350322 
5464644 
5375374 
5650216 
5426259 
6437917 
5890214 
5720788 
6272502 
5443186 
4952044 
5444072 
8011759 
5402040 
5907662 
5845475 
5561310 
6238440 
5364124 
5825995 
5648341 
5390426 
6407761 
12413339 
12341360 
6156097 
5392561 
5472248 
5497457 
5198188 
5091366 
5146730 
5400270 
5615372 
5612925 
5536779 
5349906 
5631309 
5482196 
5190480 
5070897 
5198813 
5152459 
5158969 
5057928 
5160636 
5061053 
5892662 
5168501 
5086575 
5230636 
5481728 
6030526 
5327354 
6056879 
5234125 
5245323 
5236365 
5031367 
5010951 
5261626 
5243397 
5237927 
5294073 
5256208 
5151835 
5164803 
5533758 
5280323 
5219751 
5258761 
5085376 
5097252 
5560269 
5094440 
5113450 
5167720 
5081262 
5033763 
5092095 
5033034 
5080949 
5018451 
5364229 
5067252 
5293240 
5309958 
5201105 
5099179 
5127876 
5183136 
12065270 
14854415 
5878079 
5682820 
5680112 
5691674 
5704747 
5600998 
5843808 
6008703 
5890891 
5624435 
5815476 
5328656 
5394750 
5382822 
5355844 
5613341 
5605008 
5604123 
5591154 
5564227 
5541050 
5702611 
5701101 
5555633 
5599332 
6020109 
5481728 
5218917 
5477405 
5616154 
5496416 
5851517 
5905526 
5792038 
16011333 
5710841 
5612612 
5545425 
5620373 
5534852 
6314482 
5397405 
5392614 
5371312 
5364749 
5343396 
5381312 
6787551 
6243128 
5731726 
5556988 
5112929 
5081158 
5515373 
5460791 
5187824 
5678497 
6257346 
5256052 
6035474 
5712143 
5477144 
5496571 
5131939 
5068971 
5613654 
5549800 
5086575 
5638393 
7695356 
5496207 
5751309 
21268792 
5211573 
5252407 
5234646 
5226990 
5656466 
5529436 
5790267 
5889120 
5756621 
5692767 
5541363 
6131150 
5599071 
5548029 
5709747 
5625841 
5710633 
5457353 
5199803 
5295115 
5137096 
5114960 
5168866 
5190845 
5062721 
5603082 
6412919 
5130741 
5134543 
5566415 
5807403 
5171366 
5002408 
5170272 
5119960 
5174751 
5093867 
5173918 
5120429 
5121627 
5051523 
5170636 
5057929 
5327406 
5095481 
5033293 
5088241 
5246157 
5257355 
5190011 
5326156 
5359177 
5198449 
5193396 
5022564 
5131054 
5111730 
5149648 
5057409 
5139335 
5119596 
5175168 
5024440 
5303449 
5184491 
5167147 
5096575 
5206678 
5104544 
5250949 
5189126 
5187773 
5198918 
5311417 
5107356 
5265115 
5159231 
5182512 
5176887 
5123658 
5068815 
5122356 
5060898 
5245949 
5193085 
5091783 
5133658 
5198397 
5360376 
6353180 
5035899 
5101054 
5086106 
5116314 
5033346 
5171105 
5261730 
5467614 
5179751 
5094596 
4956889 
5078711 
5027617 
5220064 
5118242 
5267668 
5154387 
5185533 
5626519 
5550739 
5666259 
5577717 
5478968 
5981517 
5423292 
5476780 
5860996 
5247459 
5098711 
5566519 
5121731 
5109023 
5576728 
5709071 
5391052 
5543082 
5380479 
5156627 
5770737 
5707508 
5708550 
5680737 
5362459 
5675217 
14675147 
5750632 
5672143 
5723497 
5742195 
6039693 
6067244 
6471565 
5868548 
6911353 
16614142 
5428656 
5166887 
5310375 
5287355 
5309334 
5153606 
5303136 
5195064 
5156210 
5185741 
5325740 
5443552 
5487510 
5491155 
6932134 
5754383 
6115213 
5826621 
5631258 
5429542 
18767615 
15795555 
5527405 
5394177 
5548030 
6044224 
5690633 
7696295 
5799434 
5766570 
5786153 
5489229 
5517249 
22543940 
5569905 
5426000 
5436729 
5776310 
6047141 
5426468 
5511520 
5488759 
5582144 
5557925 
5745581 
5621363 
5718706 
5421521 
5681415 
5772924 
5759851 
5329230 
5362146 
5298709 
5248449 
5456364 
5357146 
8915088 
5291261 
5659643 
5212824 
5314698 
5210481 
5078189 
5059232 
5194647 
5206002 
5034076 
5230011 
5189387 
5189335 
5189960 
5185689 
5113346 
5035742 
5159751 
5080533 
5025534 
5080065 
4993711 
5098971 
5054700 
5087461 
5015794 
5067617 
5007409 
5253085 
5091524 
5246262 
5044440 
5175950 
5166680 
4999336 
5089023 
5132825 
5287772 
5172668 
5099909 
5153554 
5070846 
5066471 
5109388 
5224752 
5091575 
5117773 
5060951 
5028972 
5034962 
5084440 
5049024 
5044337 
7817961 
6043652 
5154544 
6643699 
5232721 
5087669 
5366470 
5283032 
5083034 
5560895 
5352772 
5132253 
5625165 
5441625 
5017670 
5641780 
5519853 
5216053 
5505739 
5779799 
5092461 
5610686 
5517926 
5266262 
5608498 
6694324 
5333033 
6952759 
5471573 
5351261 
18857407 
5274491 
5457511 
5204491 
5087461 
5194699 
6889791 
5417303 
5270169 
5779904 
5598239 
5500583 
5390949 
5730529 
5618187 
5548864 
5403031 
5462094 
5443657 
5548135 
5437146 
5500895 
5390480 
5290377 
5595322 
5284387 
5220064 
5341782 
5309699 
5389282 
5333397 
5650426 
5447094 
5488760 
5487770 
5344907 
5367771 
5455271 
5352667 
5414125 
5473135 
5651624 
5439959 
5441677 
5543811 
5467302 
5632457 
5334647 
5088294 
5462510 
5318657 
5320949 
5363969 
5488604 
5313709 
5510270 
5610113 
6422295 
6259587 
5928705 
5382667 
6323962 
5902559 
5783810 
5894017 
5245168 
6362139 
8643631 
5337772 
5426261 
5361469 
5194648 
7210257 
5568915 
5247355 
5999381 
5670738 
6313858 
6081984 
5552822 
5915163 
5401781 
5108294 
5685842 
7319840 
5349125 
7020206 
5605374 
5987089 
6008964 
5369906 
6099224 
7010363 
6085995 
5471000 
5486052 
5507302 
5730477 
5543135 
5554749 
5617197 
5533239 
5633968 
5573291 
5427771 
5689071 
5386209 
5418865 
5379021 
5748550 
5387668 
5078190 
5074805 
5076524 
5028347 
5289803 
5648134 
5624645 
21091557 
5426365 
5293866 
5278606 
6194172 
5397355 
6320629 
5858237 
5728811 
6928853 
6359014 
13794114 
17536586 
5512406 
5391001 
5578552 
5732300 
5427250 
5340949 
5362095 
5333189 
5521260 
5649071 
5230637 
5232513 
5285585 
5216940 
18181946 
16356126 
5211888 
5173555 
5674385 
5612197 
6210110 
5817508 
5862196 
5573812 
5616364 
5560010 
5866675 
5692040 
5735165 
5640478 
5601051 
5834279 
5768081 
5836310 
5885372 
5845112 
5681207 
5636728 
5775945 
5576208 
5793134 
5585322 
5740478 
7369319 
6169120 
5539437 
6193443 
5406834 
5132774 
5041994 
5256210 
5196940 
5313710 
5270325 
5388709 
6430316 
5516572 
5627874 
5448761 
5414073 
5536468 
5130742 
5246054 
5312824 
5205273 
5200533 
5181054 
5118607 
5104024 
5067358 
5050899 
4983816 
5062982 
4987619 
5104910 
5156211 
5123191 
5055014 
5088034 
5154856 
5075066 
5298345 
5245898 
5198137 
5202825 
5354595 
5072827 
5036003 
5120118 
5222513 
5060482 
5052514 
5078087 
5244023 
18461840 
5147982 
5145742 
5220325 
5176524 
5193242 
5202565 
5125118 
5275585 
5731727 
5615374 
5306679 
5469021 
5307043 
5282668 
5349439 
5335116 
9586855 
5569020 
5103816 
5245690 
5204440 
5211471 
5162461 
5308241 
5142097 
5219908 
5286054 
5176888 
5120691 
5170222 
5128295 
5149701 
5067618 
5161107 
5005171 
5074285 
5026108 
5169544 
5013868 
5170742 
5218085 
5415116 
5282564 
5183659 
5156523 
5146263 
5317876 
5188919 
5076732 
5085170 
5187617 
5172669 
5122983 
5390793 
5797612 
5264804 
5307460 
5229804 
5078868 
6101048 
5226940 
5192721 
5301574 
5287929 
5063139 
5238607 
5069024 
5184753 
5255326 
5276940 
5134857 
5215169 
5100847 
5105951 
5018036 
5101733 
5234752 
5473710 
6124017 
5462251 
5884487 
5746519 
6674169 
5441678 
5503969 
5674854 
5479855 
5617145 
5362096 
5460324 
6263703 
5755321 
5630167 
5359699 
5133451 
5252460 
5088920 
5142566 
5309440 
5532511 
5287565 
5424387 
6159486 
5625895 
6000841 
5742822 
5001526 
5617406 
5524906 
5188659 
5670427 
5457980 
5092149 
5671260 
5731415 
5225950 
5665582 
5523917 
5197409 
5777665 
5987976 
5307616 
5858029 
5585479 
5221888 
5683968 
5179649 
5197097 
5750426 
5333293 
5217149 
5606937 
5178242 
5546365 
5633135 
5843810 
5594385 
6456723 
5467355 
5871467 
6114798 
5991830 
5524854 
6229537 
5325377 
5156993 
5738499 
5466990 
5124962 
5724905 
5399335 
5166212 
5830060 
5794123 
5220013 
5669853 
5138087 
5082619 
5886467 
5350846 
5151159 
5659853 
5223815 
5340116 
5868446 
5299544 
5152722 
5485949 
5412981 
5845685 
6123860 
5316575 
5639489 
5569750 
5094545 
5664697 
5909748 
5245482 
5959070 
5604802 
5054649 
5711520 
5660218 
5219336 
5517459 
5330377 
5018713 
5678135 
6479118 
5155222 
5878029 
5591417 
5407980 
5528396 
5240951 
5117826 
5047723 
5378710 
5520532 
5561938 
5719644 
23824562 
5150170 
5231471 
5246523 
5138139 
5152305 
5239544 
5474803 
6557815 
5663499 
7141978 
5810529 
5848602 
5483501 
5821988 
5480844 
5447147 
5283555 
5554751 
18615903 
5377512 
5178034 
5231055 
5147461 
5331679 
7000365 
5509543 
5175586 
5230690 
5897248 
6093027 
6598492 
5559542 
5579698 
5868342 
5696363 
5664645 
5731311 
5828030 
5644697 
13541149 
5667770 
5537095 
16329098 
5536834 
5225638 
5250326 
5544855 
5322253 
5229232 
5292669 
5273190 
5377878 
5453241 
5808499 
5751311 
5577511 
5660167 
5598240 
5629490 
5725062 
5657510 
6546514 
5569334 
5653812 
5876103 
6144642 
5753811 
5628761 
6511306 
6185371 
6301464 
5510428 
6846512 
5693135 
5277149 
5317565 
5373658 
5575376 
5850478 
5659125 
5393189 
5439751 
5188504 
5189285 
5101681 
6827398 
9774042 
5458449 
5601886 
11676008 
20228914 
5653396 
5738135 
5711625 
5591261 
5728499 
5532511 
5568917 
5385429 
5627251 
5817978 
5847613 
5736989 
11224657 
5812769 
22295773 
6307402 
5533188 
5633188 
5462877 
5383502 
5733447 
5671781 
5417304 
5260430 
5246576 
5243243 
5256889 
5331211 
5270013 
5212253 
5317981 
5245690 
5178191 
5225222 
5803446 
5513397 
5156784 
5122254 
6010998 
5388450 
5527667 
5623760 
5866676 
5755114 
5399752 
5491731 
5557876 
5357356 
5239858 
5190170 
5372565 
5292096 
5333138 
6192090 
5495116 
5271315 
5195847 
5115067 
5166785 
5254753 
5375793 
5202566 
5244597 
5237670 
5441314 
5143295 
5110640 
5141004 
5190847 
5145639 
6934949 
5982560 
11198980 
6503858 
5465324 
5320481 
5767457 
5401835 
6013966 
9558523 
5691625 
5553292 
5641000 
5519803 
5660844 
5602615 
5880008 
7872755 
5758290 
6511983 
5331106 
5173764 
5330689 
5324492 
5230951 
5240430 
5779124 
5829905 
5628864 
5387617 
5383970 
5126004 
5522459 
5896831 
5677250 
5664646 
7048125 
5281159 
5200066 
5168972 
6526618 
6962345 
6635576 
5625531 
5615584 
6282350 
6544796 
5978498 
6752139 
13060374 
6070373 
5514231 
5606209 
5451054 
5139963 
7395415 
5547459 
5166525 
6745888 
5490428 
5321941 
6141101 
5330899 
5407669 
5663449 
5365950 
5633865 
6045112 
5242410 
5035901 
6429692 
5386263 
5722771 
6250267 
5727458 
6303444 
5775583 
5026838 
5740218 
5389596 
5067828 
7026251 
5618084 
5064234 
6078289 
5489647 
5711364 
6233965 
5984539 
6140007 
6054747 
5559907 
7036824 
5659855 
5458137 
5886936 
5859697 
5552720 
5703240 
5143452 
5132255 
5602355 
5422669 
5200535 
6420213 
5227931 
5345117 
5993706 
5590063 
6116361 
5821676 
5232357 
6490734 
5496366 
5052567 
5605688 
5534907 
5195587 
5642511 
5472825 
5158400 
5656313 
5761833 
5465742 
6109487 
5595376 
5569334 
5941780 
5304805 
5011891 
6213496 
5438241 
5158765 
5575272 
5263400 
5091421 
6635733 
5426679 
5256472 
6128341 
5392565 
5241889 
6009800 
5335795 
6660732 
5745948 
5280117 
5996884 
5674334 
4967776 
5597095 
6152768 
5196837 
6322506 
5264754 
5116994 
5916259 
5382096 
5544230 
5633136 
5304910 
5175484 
5786573 
5511470 
5126056 
6419693 
5271941 
5066474 
6153289 
5183139 
5275170 
6798336 
5462513 
5836155 
6246517 
5429440 
6524588 
14950464 
9528785 
6298496 
5313086 
5025901 
5516002 
5087150 
5033140 
5099129 
5311368 
5367774 
5248868 
5066213 
5162254 
5093453 
5213712 
5088661 
5036162 
5167254 
5126109 
5141369 
5224025 
5148035 
5190223 
5157202 
5228764 
5060901 
5142723 
5073557 
5094651 
5047880 
5114755 
5112046 
5129442 
5178661 
5057880 
5179598 
5222826 
5177774 
5061994 
5039494 
5051682 
5021318 
5155328 
5056006 
5175536 
5123974 
5170067 
5118453 
5083245 
5120120 
5102672 
5019391 
22253225 
5317723 
5344962 
5384388 
5285379 
5232046 
5283347 
5242358 
5303556 
5296421 
5744334 
5670897 
5970895 
5264337 
5809333 
5821834 
6790732 
19209081 
16671339 
5774178 
5590480 
5445847 
5465377 
5771157 
6739431 
5686314 
5891989 
5294181 
5077985 
5288348 
5166943 
5786834 
5627929 
5563866 
5536210 
5286004 
5488503 
5943499 
5855895 
5570220 
5100380 
5094702 
5259129 
5364024 
5539283 
5237046 
5405587 
5112516 
5033245 
4950954 
5121682 
5125068 
5327670 
5215379 
5202567 
5274598 
5408555 
5221942 
5378191 
5280379 
5076006 
5035380 
5104130 
5039912 
5067672 
5029547 
5131213 
5035850 
5159286 
5011839 
5170848 
5044391 
5143661 
5075953 
5214806 
5163088 
5001110 
5015849 
5193140 
5085172 
5175275 
5102255 
5138505 
5159078 
5117828 
5041422 
5070380 
5175484 
5125328 
5148140 
5453762 
5468867 
5224858 
5105432 
5233816 
5295378 
5281316 
5171317 
5110119 
5127203 
5220536 
4971579 
5202931 
5181942 
5206160 
5179337 
5843604 
5381992 
5244129 
6199122 
5748084 
5494909 
6058863 
5661574 
5602876 
7543123 
5511732 
5445534 
6090425 
6007925 
5896885 
6482349 
29603225 
5693084 
5691938 
6348184 
5744178 
5622720 
6010581 
8153639 
6189486 
5816730 
5628032 
5646834 
5682615 
5960947 
5733292 
5684230 
5806260 
5680949 
5928083 
8059161 
5546731 
5254494 
6953700 
5635637 
6983232 
5533137 
5156369 
8162546 
5587773 
5481627 
5610689 
5102203 
5451003 
5546314 
5380899 
6649119 
6074956 
5698033 
6026416 
6119488 
5586939 
5552096 
5221942 
5267046 
5614335 
5157151 
5099443 
5486472 
5533190 
5679335 
5694231 
5314910 
5109235 
5716313 
5579284 
5446888 
5966416 
5544492 
5622460 
5834229 
5157255 
5795949 
5705585 
5427461 
6284487 
5634752 
5317983 
5085277 
4997621 
5006944 
5088818 
5082985 
5115641 
5127255 
5086109 
5109495 
5134651 
5026162 
5211474 
5109287 
5131526 
5020433 
5055432 
5055693 
5150953 
5005277 
5192880 
5052360 
5133922 
5101996 
5157463 
5134078 
5172463 
5077933 
5143557 
5085172 
5191838 
5186526 
5169859 
5153922 
5218661 
5089027 
5153765 
5013349 
5072828 
5099026 
5071891 
5122412 
5109130 
5121370 
5103766 
5033558 
5196786 
5225380 
5261525 
5050381 
5327097 
5159755 
5216421 
5300223 
5231942 
5165119 
5292566 
5093089 
5245275 
5165171 
5150744 
5065641 
5039755 
5187411 
5117256 
5074287 
5126838 
5059599 
5153348 
5319545 
25891483 
5228400 
5251525 
5264494 
5243661 
5215380 
5276942 
5319441 
5636627 
5269233 
5216630 
5134130 
5173765 
5122881 
7183387 
6116363 
6042769 
5138505 
5343817 
5408191 
5343920 
5246421 
5297463 
5115381 
5154547 
5365170 
5273817 
5218296 
5273817 
5190536 
5137776 
5060225 
5420795 
5094547 
5164078 
5228453 
5261629 
5199078 
5201995 
5066318 
5211942 
5099964 
5181630 
5083194 
5157828 
5134651 
5129495 
5163453 
5260119 
5211734 
5222202 
5110745 
5298764 
5230172 
5194339 
5203609 
5179391 
5112308 
5180640 
5135120 
5139912 
4989235 
5028922 
4963923 
5083245 
5072568 
5094339 
5058506 
5081266 
5024288 
5223140 
5088454 
5325379 
5232932 
5135641 
5089912 
5115641 
5110432 
5235119 
5133922 
5222567 
5190276 
5194078 
5132307 
5145380 
5102620 
5138089 
5131266 
5067933 
5010277 
5046684 
5039235 
5063142 
5005434 
5183922 
5029861 
5276682 
5194286 
5096579 
5132621 
5248244 
5170172 
5162620 
5208454 
5247932 
5109183 
5158922 
5200380 
5394910 
5495222 
5486211 
5290275 
5399025 
5456108 
5307047 
5243922 
5246474 
5103558 
5981885 
5367463 
6080114 
5180485 
5211890 
5179131 
5194651 
5326890 
5244338 
5629283 
7301616 
5455014 
5761626 
5423243 
5555794 
5350379 
5345015 
5441837 
5857616 
5727095 
5639648 
5568347 
5500690 
5385900 
5401473 
5429962 
5545326 
5492097 
5557722 
5437878 
5440692 
5424285 
5481993 
5260224 
5474337 
5398920 
5462357 
5418139 
5311317 
5304650 
5404493 
5347463 
5521159 
5411629 
5376369 
5440274 
5420014 
5447410 
5475639 
5447150 
5345692 
5291942 
5325379 
5360691 
5456108 
5364545 
5030329 
5140537 
5252984 
5068610 
5245952 
5217672 
5348036 
5276161 
5337879 
5247723 
5318713 
5423556 
5323036 
5258037 
5292619 
5374545 
5343296 
5396577 
5597045 
5393556 
5499909 
5561003 
5373139 
5389285 
5385952 
5343817 
5365900 
5428452 
5469545 
5582357 
5359598 
5365119 
5528920 
5425691 
5421160 
5427201 
5397879 
5581107 
5584283 
5368296 
5673502 
5458503 
5378608 
5346994 
5398504 
5374338 
5537774 
5464806 
5547826 
5432306 
5462878 
5407045 
5380171 
5408087 
5530898 
5392774 
5472254 
5457149 
5387359 
5397775 
5401264 
5377098 
5465795 
5409389 
5407566 
5462097 
5409285 
5349911 
5430275 
5368764 
5462097 
5347411 
5463555 
5436681 
5329234 
5439337 
5392827 
5390535 
5460900 
5482879 
5412723 
5321890 
5521732 
5340379 
5408869 
5381004 
5460430 
5430951 
5462566 
5382671 
5467097 
5396161 
5466316 
5502097 
5497566 
5388504 
5367567 
5331682 
5558138 
5444077 
5442566 
5497723 
5508816 
5386161 
5459129 
5420119 
5531108 
5423973 
5493348 
5386942 
5432463 
5436108 
5498921 
5464754 
5553660 
5418921 
5342307 
5318349 
5385119 
5210589 
5259599 
5315692 
5312515 
5331369 
5496056 
5351839 
5346995 
5362619 
5417828 
5451109 
5532618 
5464597 
5401890 
5391213 
5314859 
5584857 
5318661 
5471004 
5571784 
5491421 
5418348 
5682305 
5533868 
5356838 
5397359 
5401681 
5540118 
5227933 
5128610 
5173714 
5084964 
5065277 
4998715 
5263088 
5255016 
5085485 
5035226 
5404130 
5472254 
5482983 
5550483 
5492202 
5495171 
5515692 
5587514 
5658034 
6337613 
5528139 
5721367 
5770169 
5721471 
5419807 
6054593 
5571108 
5437045 
5272724 
5321005 
5276526 
5366056 
5322880 
5140330 
5102726 
5090330 
5038455 
5133662 
5062986 
5173194 
5039444 
5185954 
5051216 
5068090 
5387046 
7110888 
5216266 
5307151 
5152881 
5604493 
5693607 
5329755 
5081944 
5364859 
5151058 
5105642 
5102933 
5249859 
5087517 
5560743 
5124652 
5107726 
5038299 
5136579 
5052257 
5260641 
5080330 
5148402 
5009966 
5093090 
5136892 
5413608 
5172516 
5149287 
5106787 
5197672 
5032152 
5091788 
5107569 
5055485 
5050173 
5042101 
5160381 
5136579 
5101579 
5191370 
5123506 
5169548 
5170954 
5200276 
5045642 
5055069 
5042257 
5001216 
5038090 
5115433 
5122152 
5217672 
5115277 
5341682 
5348401 
5419858 
5470795 
5404598 
5445952 
5436837 
5312046 
5419911 
5458608 
5441941 
5416941 
5427775 
5358713 
5448139 
5493973 
5358609 
5442879 
5455587 
5382307 
5760169 
5529285 
5357203 
5335588 
5315380 
5523503 
5327255 
5143402 
5187829 
5045694 
5145381 
5057361 
5239235 
5146475 
5178506 
5196370 
5349703 
5348973 
5568347 
5430900 
5409963 
5532306 
5444390 
5212672 
5177985 
5002154 
5276214 
5483400 
5397099 
5370119 
5295589 
4956320 
5128507 
5095487 
5156892 
5136423 
5164235 
5099705 
5132934 
5112413 
5235590 
5298298 
5212152 
5169444 
5176214 
5227464 
5215224 
5168350 
5191944 
5766940 
5499181 
5188194 
5260172 
5419963 
5245954 
5065174 
5142882 
5080851 
5294859 
5854492 
5843814 
5203766 
5250486 
5027987 
5127517 
5763659 
5411682 
5074393 
5252465 
5119756 
5135642 
5167725 
5249079 
5227048 
5102465 
5258454 
5182934 
5114861 
5113246 
5099966 
5106423 
5092152 
5048455 
4942831 
5002727 
5029914 
5101372 
4947310 
5007831 
4943560 
5015070 
4936789 
5001008 
4983247 
5012831 
4968196 
5110590 
5090747 
5191735 
5110278 
5246526 
5151371 
5081789 
5140851 
5011893 
5226006 
5303246 
5282621 
5327725 
5256527 
5259287 
5355276 
5481057 
5426578 
5473765 
5422567 
5453245 
5396629 
5463765 
5450223 
5404026 
5364339 
5468661 
5354235 
5382984 
5374390 
5426681 
5646420 
5606941 
5763762 
5881106 
16113015 
5206318 
6021365 
5251474 
5207620 
5243506 
5325745 
5322672 
5190850 
5198037 
5150590 
5165069 
5042726 
5124705 
5337516 
5543816 
5133559 
5125538 
5186684 
5218193 
5243923 
5296527 
5235954 
5370745 
5288818 
5386318 
5453244 
5488088 
5168194 
5364860 
5816158 
5224704 
5027987 
5395223 
5267725 
5098039 
5297932 
5322672 
5044497 
5239339 
5053351 
5316682 
5547410 
5532619 
5204444 
5183610 
5278870 
5170329 
5277933 
5313766 
5051163 
5458817 
5551733 
5428973 
5438140 
5201371 
5510535 
5349390 
5459025 
5519389 
5461785 
5232100 
5019810 
5244600 
5126424 
5348610 
5156475 
5321214 
5123038 
5203037 
5140330 
5219652 
5423921 
5442567 
5340953 
5451161 
5294964 
5645118 
5748972 
5651316 
5394964 
5446995 
5374964 
5438870 
5713920 
5626316 
5340693 
5622306 
5294756 
5517879 
5475432 
5603920 
5269131 
5331891 
5549494 
5565067 
5596942 
5607410 
5319704 
5335850 
5668608 
5442099 
5367725 
5684753 
5288142 
5367047 
5536317 
5383818 
5401735 
5433245 
5388766 
5592149 
5441110 
5411162 
5428817 
5438349 
5237673 
5423714 
5362464 
5458036 
5424860 
5553244 
5623192 
5483869 
5551265 
5539702 
5482776 
5654754 
5707982 
6187146 
5620223 
5436526 
5461786 
5698556 
5513296 
5691784 
5694753 
5419651 
5194236 
5150798 
5043820 
5098664 
5926159 
5478922 
5002363 
5274184 
5229496 
5110695 
4942884 
5173976 
5147570 
5293246 
5241996 
5275485 
5014394 
5195381 
5107414 
5554754 
5154392 
5019185 
5081216 
5210903 
5131944 
5701680 
5776993 
5107726 
5244965 
5360850 
5176371 
5328610 
5316787 
5199965 
5176580 
5252100 
4999133 
5201215 
5146267 
5130017 
5059289 
5190538 
5085070 
5085852 
5055904 
5143299 
5044289 
5153872 
5190850 
5094341 
5030695 
5198506 
5199757 
5064653 
5003247 
5215642 
5053299 
5073768 
5013821 
5245641 
5252934 
5158820 
5296943 
5936627 
6471935 
5263506 
7519272 
5496213 
5320902 
5282829 
5221319 
5230590 
5311475 
5293506 
5320746 
5537567 
6385321 
5152362 
5088872 
5086789 
5674805 
5283558 
5461317 
5603557 
5504338 
5325173 
5453609 
5514390 
5325954 
5498452 
5404807 
5628087 
6266676 
5704857 
5452515 
5595379 
5236892 
5107049 
5136684 
5190277 
5060070 
4989967 
5079340 
5079393 
5136944 
5177570 
5351943 
5114288 
5224913 
5410744 
7012713 
5357308 
5281110 
5235746 
5201684 
5288663 
5100486 
5025487 
5477464 
5048768 
5371110 
5780378 
7421513 
5547462 
5429287 
5513245 
5229757 
5700743 
5458558 
5449131 
5630275 
5594598 
5595901 
5632462 
5648661 
5496526 
5441631 
5474182 
5552203 
5594130 
5507255 
5522203 
5407725 
5528557 
5421995 
5352152 
5616108 
5318818 
5356214 
5448297 
5324548 
6232250 
5301579 
5153507 
5231320 
5082518 
5032623 
5101529 
5834857 
9946653 
5491995 
5465276 
5464182 
5312257 
5278507 
5441943 
5444808 
5794441 
5544546 
5352256 
5341632 
5390953 
5305955 
5617203 
5427412 
5297725 
5695014 
5561682 
5650223 
5456839 
5426318 
5449078 
5304236 
5456735 
5385694 
5516630 
5469703 
5658036 
5413402 
5463193 
5318715 
5317152 
5298194 
5310017 
5784545 
5774910 
5473714 
17266396 
5706837 
5722671 
5774076 
5820742 
6038398 
5812565 
5593140 
5835534 
5326788 
5427464 
5450901 
5574494 
5303038 
5342153 
6990162 
20088148 
5265173 
9758060 
5663192 
17337750 
5764858 
18765032 
6321156 
5234913 
5207830 
5258142 
5084966 
5266893 
5122987 
5520848 
7649012 
6894486 
29007204 
5348767 
5400746 
5666317 
5540797 
16778639 
6468759 
8397393 
7801042 
6151001 
5553245 
5525745 
5442516 
5574078 
5133143 
5208664 
5196372 
5376006 
5205226 
5162570 
5164028 
5712983 
5203351 
5045643 
5075540 
5010123 
5268715 
5184549 
5198872 
5286684 
5279184 
5147101 
5194184 
5313090 
5151633 
5132258 
5168664 
5181372 
5124967 
5183247 
5171007 
5143611 
5284392 
5140643 
5082726 
5046945 
5196007 
5184549 
5133768 
5189757 
5150331 
5232414 
5034446 
5067987 
5144445 
5087570 
5011686 
5079290 
5035383 
5059081 
4970176 
5087883 
5152101 
5094082 
5071946 
5119290 
5087363 
5133560 
5106685 
5198456 
5129237 
5152206 
5129549 
5205226 
5128769 
5114602 
5119081 
5139185 
5115644 
5075383 
5041634 
5062779 
5075957 
5041217 
5162779 
5139497 
5121113 
5198404 
5234862 
5847774 
5025488 
5052206 
5176112 
5214393 
5108196 
5224654 
5165123 
5212414 
5179601 
5062935 
5215851 
5244184 
5001582 
5162258 
5070436 
5202882 
5020176 
5167623 
5445277 
5558870 
6114335 
5518766 
5076425 
5145851 
5079237 
5181789 
5155539 
5345538 
5157153 
5475693 
5205382 
5071061 
5115592 
5462204 
5676473 
5354653 
5395955 
5479339 
5474339 
5950378 
5468714 
5133196 
5140799 
5155748 
5061946 
5106894 
5074290 
5189393 
5377569 
5204601 
5183925 
5318091 
5323559 
5513506 
5526422 
5224080 
5529651 
5365434 
5146476 
6091053 
5337309 
5183300 
5341215 
5636109 
5331006 
6164908 
5399236 
5335017 
6146835 
5067831 
5110644 
5874128 
5647776 
5580953 
5928607 
5516891 
5444913 
5841159 
5135540 
5263560 
6064595 
5368246 
5062103 
5741942 
5226007 
5032207 
4991581 
5333038 
5356632 
5579547 
16405518 
5828764 
5602984 
5753347 
6485218 
5937045 
5861628 
5887826 
5851785 
5816420 
5666161 
5877462 
5487932 
5689650 
5773087 
6866882 
5566161 
17862018 
8850046 
5591630 
8024427 
6207824 
5302517 
5631265 
5529808 
5642203 
5752462 
5829806 
6321417 
6008554 
6086314 
5777306 
5559912 
5868138 
5802358 
5787202 
5601838 
5794337 
5610484 
5580901 
6085064 
6012409 
6272563 
10814252 
5619234 
5735171 
5594234 
14699175 
7234276 
5569599 
6044127 
5773244 
5530172 
5696681 
5609547 
5744546 
5667620 
5719546 
5506579 
5512569 
5489131 
5555589 
5444287 
5637985 
5425330 
6534280 
5744129 
5900535 
5779442 
5775224 
5213821 
5348924 
5138769 
5126530 
5809338 
6064023 
5740797 
5457360 
5195123 
5209810 
5130540 
5287622 
5198091 
5195696 
5195643 
5202102 
5249289 
5440330 
5580798 
6336105 
5176373 
6270636 
5602516 
5410903 
7196621 
5517099 
5979284 
6017930 
5145175 
5094082 
6353762 
5436059 
5622412 
5899441 
5172154 
5411684 
5610797 
5304966 
5685901 
5512464 
5158404 
5691318 
5392778 
5086113 
6848237 
5367778 
5307414 
6698082 
5261008 
5289758 
6254335 
5264185 
5143560 
5997409 
5459965 
5918556 
5498246 
5345851 
6065743 
5723817 
5183248 
5639807 
5659599 
5166945 
5478142 
5587360 
5330018 
6531624 
5423246 
5257414 
5446683 
12999603 
13275435 
5415850 
6208294 
5709443 
5321424 
5808869 
5680797 
5596891 
5766213 
5564340 
5430694 
9180566 
6011263 
5995951 
5365434 
5165644 
5680849 
5554651 
5183404 
6520166 
5687828 
5789390 
6192408 
5568349 
5565016 
6565947 
5397621 
5879024 
5600849 
5118717 
7303026 
6333865 
12140755 
5709702 
5281008 
5251216 
5196998 
5549287 
6023086 
5902201 
6019076 
5581735 
5638089 
9434522 
6215116 
23804273 
13607361 
5884962 
5496735 
5493402 
5434965 
5540694 
5390538 
6618031 
6001420 
6306678 
12006224 
5519496 
5394289 
5677828 
5694754 
5813661 
5369132 
5231998 
5077832 
5255799 
5127311 
5295799 
5561214 
19753623 
21432987 
7206672 
16537239 
5839338 
7632139 
5608610 
5186686 
5169602 
5084812 
5461736 
5171738 
5229811 
5294706 
5359185 
7045059 
6492146 
6445063 
5889441 
5127103 
5544288 
5479965 
5153248 
5027624 
5080384 
5101738 
5061687 
5217780 
5094030 
5289446 
5310331 
5120020 
5115332 
5284862 
5545537 
5151477 
5233769 
5199498 
5356893 
5233300 
5215696 
5101791 
5105384 
5043249 
5096165 
5173925 
5086165 
5229654 
5269186 
5116738 
5290539 
5178352 
5181842 
5170280 
5256893 
5213404 
5199030 
5275331 
5211373 
5028093 
5134916 
5139603 
5128197 
5097103 
5122207 
5079760 
16611093 
5232883 
5204394 
5212103 
5266998 
5198144 
5296320 
5124238 
5188144 
5188717 
5231112 
5556839 
5562829 
6008504 
5621266 
5369133 
5557985 
5362779 
5665589 
5671735 
5701891 
5745276 
5803140 
5668089 
5829963 
5386216 
5840379 
5498142 
5515173 
5577308 
5393247 
5515225 
5535538 
5298508 
5540382 
5485903 
5447101 
5606840 
5783349 
5642985 
6037149 
5668766 
5524548 
5382570 
5651631 
5493402 
5329497 
5255331 
5587568 
5412049 
5354862 
5463455 
5812724 
5381424 
5497882 
5643663 
5725692 
5752515 
5363924 
5334914 
5537777 
5332362 
5532933 
5461788 
5392153 
5438924 
5330019 
5526007 
5432309 
5633245 
5480746 
5671058 
5351789 
5131634 
5065801 
5068353 
5257415 
5271164 
5317466 
5140332 
5239967 
5083874 
5104864 
5042468 
5187102 
5106791 
5096582 
5053145 
6505739 
5412622 
5296112 
5006061 
5166634 
5204759 
5355279 
5179915 
5177363 
5372830 
5031843 
5201269 
5109030 
5017416 
5282571 
6994071 
5252779 
5164707 
5167050 
5071738 
5186478 
5092520 
5329497 
5694391 
8236094 
5321841 
5421371 
5150853 
5203613 
5051479 
5229759 
5260800 
5405695 
5250956 
5297207 
5152156 
5250176 
5081114 
5018666 
5155801 
5034291 
5076948 
5225176 
5126426 
5169655 
5323508 
6451730 
5222675 
5203822 
5213821 
5201062 
5160906 
5219707 
5093458 
5272519 
5344029 
5303560 
5019395 
5090489 
5175489 
5286530 
5156009 
5206217 
5187728 
5243769 
5327571 
5126270 
5080437 
5226009 
5132676 
5219655 
5113250 
5246426 
5133457 
5173978 
5150020 
5184499 
5172416 
5158822 
5189603 
5249342 
5117728 
5138249 
5248717 
5015854 
5099864 
5325696 
5141478 
5107260 
5267310 
5175228 
4962625 
5105436 
5181322 
5099343 
5145593 
5123770 
5048875 
5044395 
5158509 
5070333 
5141583 
5252832 
5195801 
5149083 
5258873 
5186686 
5324185 
8100418 
5095645 
5257103 
5215124 
5309550 
5029083 
5428768 
5312675 
5459706 
5176999 
5184187 
5073562 
5066270 
5238717 
5284603 
5324966 
5306686 
5214134 
5431945 
5588038 
6180430 
5069864 
5288352 
5084760 
5058927 
5055802 
5185072 
5124760 
5287363 
5090541 
5295852 
5060594 
5229707 
5220279 
5110698 
5158665 
5273873 
5212676 
5151531 
5172468 
5199290 
5145645 
5187624 
5154134 
5177207 
5074812 
5101531 
5138822 
5037989 
5068979 
5082781 
4990698 
5242936 
5046531 
5169342 
5198561 
5226530 
5117468 
5086999 
5121062 
5131478 
5162103 
5218352 
5029291 
5301373 
5133302 
5124759 
5132416 
5017365 
5507466 
5411424 
5120124 
5312832 
5149291 
5424497 
4989760 
5350800 
5764600 
5387050 
5107625 
5165228 
5124239 
5092728 
4979344 
5032990 
5066323 
5202572 
5131322 
5092625 
5238978 
5477153 
5077833 
5120853 
5050697 
5222571 
5131843 
5246633 
5216791 
5150072 
5269550 
5176321 
5099447 
5160801 
5084239 
5135385 
5058666 
5151009 
5116739 
5129760 
5038198 
5066843 
5341738 
5150905 
5444809 
5804287 
5078198 
5179707 
5089396 
5167521 
6051161 
5196218 
5163093 
5332415 
5134395 
5059917 
5074552 
5112156 
7047977 
5092781 
5465643 
5309394 
5343978 
5225592 
5315436 
5394551 
5462414 
5296738 
4985490 
5044656 
5105021 
5233041 
5153354 
5314811 
5226270 
5298093 
5158354 
5165281 
5111740 
5052677 
5186634 
5400956 
5691007 
23179389 
5207468 
5194134 
5140541 
5373456 
5171426 
5454810 
5209551 
6383815 
5735746 
5836995 
6183035 
5885640 
5807048 
16839219 
8519114 
5398821 
17211508 
6007515 
5642569 
6176785 
5689288 
7448183 
6615688 
5910953 
5692413 
11217327 
5394133 
5426165 
5352519 
5322884 
5322050 
5315540 
5221374 
5326738 
5302988 
5683923 
5550434 
5948297 
7476569 
6150743 
5696683 
5652986 
5602621 
5296165 
5227520 
5252207 
5586737 
5658298 
5500383 
5882047 
5821683 
5775954 
5432050 
5453716 
5448404 
5496581 
5450018 
5602778 
5566736 
5574653 
5525747 
5406894 
5108511 
5085749 
5027052 
5060854 
5051271 
5097938 
5216947 
5303769 
5221061 
5202156 
5146896 
5076531 
5370280 
5178822 
5116531 
5085333 
5038250 
5062573 
5176947 
5038615 
5021949 
5161167 
4984969 
5029865 
5141010 
5242415 
5055906 
5109500 
5018198 
5148198 
5096323 
5052781 
4987469 
5020386 
4948772 
5004969 
4980438 
5086688 
5031271 
5109448 
4960802 
5200020 
5103615 
5206270 
5172156 
5236895 
5380383 
5362936 
5254967 
5149343 
5180697 
5075438 
5211218 
5229863 
5185697 
5110489 
4982157 
5126895 
5002105 
5696423 
5761892 
5417518 
5608351 
5662257 
5161792 
5206895 
5118979 
5166010 
5177103 
5321894 
5187937 
5314186 
5138615 
5038250 
5070334 
5177937 
5101635 
5675226 
5349290 
5102834 
5045698 
5066428 
4976220 
5134188 
5038251 
5088928 
5406113 
5131584 
5225020 
5176531 
5010751 
5094344 
4981220 
5179239 
5089135 
5115750 
5151219 
5146896 
5206739 
6390273 
5304395 
5198927 
5233145 
5082261 
5188197 
5196792 
5234031 
5302988 
5133875 
5347572 
5258353 
5228823 
5080230 
5121063 
5112417 
6292774 
5843298 
5657414 
5703142 
5508612 
5443456 
5487519 
5630435 
5430488 
5496842 
5589445 
5448769 
5404602 
5291114 
5860121 
6271264 
5434447 
6578294 
5419967 
5491789 
5614184 
5363822 
5609237 
5502362 
5303561 
5426373 
5341478 
5355384 
5499393 
5414134 
5638299 
5460696 
5440800 
5517154 
5483612 
5413092 
5457571 
5258562 
5136896 
5131583 
5019762 
5003876 
5257884 
5063406 
5124969 
5151322 
5307729 
5189083 
5278457 
5316218 
5138979 
5073980 
5167729 
5116948 
5021532 
5126739 
5099292 
5510071 
5498143 
5266218 
5061479 
5223770 
5296374 
5189239 
5266113 
5158198 
5320280 
5156426 
5133615 
5065854 
5046220 
5107625 
5025178 
5025855 
5142312 
5174500 
5129500 
5111115 
5330436 
5149396 
5211531 
5121427 
5166375 
5229291 
5106063 
5136323 
5141166 
5033459 
5117990 
5298197 
5786944 
5368092 
5234083 
5169083 
5195750 
5138406 
5234916 
5031323 
5150020 
5369863 
5103198 
4958459 
4996845 
4952418 
5027990 
5188458 
5034032 
5135125 
5187468 
5255749 
5460644 
5239916 
5224395 
5145125 
5775433 
5320280 
5117000 
5036792 
5173458 
5460801 
5446165 
5388092 
5465540 
5422363 
5457571 
5435123 
5405488 
5354239 
5742673 
6029651 
5999287 
5529341 
5603768 
5609445 
5656267 
5718559 
7975732 
5559757 
5655434 
5212937 
5443405 
5119187 
5221062 
5208926 
5177104 
5075751 
5221322 
5451269 
5190177 
5118980 
5170594 
5158459 
5067886 
5363041 
5462936 
5755382 
7570528 
5482259 
5499863 
5296375 
6013297 
9115258 
5300645 
5776580 
5913454 
6112723 
5857101 
5814288 
5962204 
5856423 
5991110 
5760486 
6152672 
5915694 
6084547 
6237879 
5866319 
5783507 
5218667 
5396478 
5344134 
5189396 
5288666 
5162938 
5319655 
5279969 
5330593 
5604029 
5738507 
6034339 
5824080 
5815173 
5735017 
5831215 
5258875 
5311479 
5337573 
5188563 
5350541 
5218719 
5218823 
5243770 
5255177 
5439082 
5604029 
5808351 
8251826 
5250229 
5423249 
5311062 
5180907 
5649966 
5563039 
5459603 
5593092 
5484550 
5436009 
5762570 
7369487 
5313718 
5273875 
5247260 
5192469 
5138355 
5360072 
5151740 
5282051 
5253614 
5239709 
5292520 
5598873 
5237573 
5165490 
5067990 
5135386 
5009345 
5051845 
5414967 
5271375 
5154709 
5161428 
5078251 
5185438 
5116792 
5970120 
5180438 
5677831 
5441217 
5396738 
5829340 
5407520 
5189813 
5225489 
5771944 
7563184 
5077782 
5221739 
6392565 
5404499 
5082209 
5072365 
5330854 
5765122 
6478086 
5593300 
6069600 
7047874 
5471842 
5778455 
5579967 
5366947 
5520019 
5418718 
5363978 
6402410 
9854524 
12717268 
5385802 
5259812 
5191271 
5541634 
5366791 
5536634 
5382155 
5347833 
5465905 
5583872 
5641841 
5494082 
5281219 
5419134 
5270801 
5295801 
5424864 
5346895 
5240385 
5365228 
5239917 
5359708 
5259291 
5411270 
5312520 
5371634 
5389499 
5443457 
5341530 
5283145 
5376217 
5357676 
5315072 
5295801 
5214916 
5304239 
5327780 
5498977 
5474446 
5064813 
5065126 
5002783 
5042417 
5145855 
5110646 
5178459 
5076376 
5147886 
5060230 
5173667 
5122000 
5144761 
5033877 
5182522 
5011741 
5055126 
4983513 
5219136 
5079709 
5122418 
5078981 
5172834 
5066168 
5078043 
5160855 
5227781 
5055387 
5182365 
5230646 
5201115 
5158563 
5145699 
5058459 
5295125 
5190907 
5854028 
5386843 
5124865 
5734029 
5596426 
5574603 
6075225 
5479968 
5404552 
7591726 
5511947 
5692675 
5880382 
5650279 
6146422 
5864757 
5636008 
5832778 
5684706 
5220334 
6190223 
5117626 
5247573 
5811580 
5474707 
5680227 
5994705 
5567571 
5492780 
5475385 
5646425 
5216115 
5317417 
5196896 
5223563 
5197313 
5170178 
5061689 
5131845 
5099969 
5171168 
5147782 
5126845 
5050283 
5083251 
5343875 
5518874 
5445749 
5451114 
5429760 
5400749 
5034085 
5207990 
5079761 
5483666 
5289604 
5086377 
5622311 
5589810 
5088095 
5734915 
5308250 
5250855 
5841371 
5384291 
5021012 
6036631 
5132314 
5077105 
5800383 
5685643 
5399135 
5803560 
7089854 
5859393 
5983454 
5628508 
6441055 
5881476 
5594499 
6131110 
5813663 
5345021 
5797102 
5344187 
5061168 
5155646 
5157678 
5405021 
5264187 
5062158 
5132314 
5201271 
5144448 
5255281 
5145125 
5213042 
5288458 
5134449 
5128303 
5132574 
5112470 
5083460 
5106689 
5103511 
5203824 
5198720 
5161793 
5217469 
5201949 
5181011 
5080595 
5227573 
5190074 
5204761 
5182730 
5232782 
5180907 
5271532 
5135126 
6021006 
5070855 
5173042 
5009085 
5132105 
5054241 
5130126 
5103772 
5123251 
5021897 
5154605 
5158459 
5087210 
5007314 
5160543 
5017262 
5022262 
5041116 
5059970 
5192938 
5271688 
5190021 
5171428 
5098616 
5220490 
5189814 
5118616 
5157261 
5117158 
5098251 
5051584 
5006845 
5160022 
5085386 
5171532 
5059085 
5904080 
5421218 
5355073 
5251062 
5243459 
5147678 
5310281 
5186533 
5329709 
5314813 
5319761 
5362417 
5473718 
5457989 
7353395 
17805313 
5374396 
5342886 
9970462 
5326740 
5213980 
5405750 
5689602 
5735123 
5759550 
5698925 
5693300 
5632779 
5704342 
5621530 
5689707 
5678300 
5668717 
5672675 
5745852 
5691789 
5742831 
5720748 
6496629 
5732987 
5761164 
5953090 
6285849 
17243389 
13587733 
5311948 
5364708 
5313615 
5353615 
5273303 
5344396 
5383562 
5343302 
5363979 
5388302 
5377156 
8179067 
5818925 
5578926 
5789497 
5611530 
5982101 
5951580 
5822570 
5895903 
5894654 
6095225 
5791997 
5802519 
5809653 
5828716 
6047257 
5799654 
6208766 
5244553 
6552410 
12942946 
5702571 
5603718 
5519447 
5594760 
5770122 
5813195 
13254194 
5531478 
5478822 
5880695 
7539957 
5999600 
5407104 
5687936 
5764445 
6228922 
6105537 
5618405 
5661895 
5798247 
5654550 
6409546 
6018507 
13368829 
6247256 
9269113 
5477572 
5520281 
5522468 
5493198 
5521478 
5474187 
5467781 
5821476 
7607300 
6221422 
5851476 
5643718 
5367989 
5211741 
5186012 
5211167 
5144554 
5231948 
5350646 
5598613 
5519759 
6122568 
8121463 
5418979 
5188772 
5270229 
5269396 
5175491 
5113460 
5213564 
5192158 
5242678 
5155074 
5225647 
8335160 
6021476 
5530906 
5328146 
5154345 
6484754 
5414708 
5450385 
5543717 
5489864 
5670019 
5845643 
6867929 
9082552 
5308042 
5210959 
5219605 
5632676 
5401688 
5596426 
5492520 
6038662 
5576269 
5478770 
5490541 
5525593 
5424656 
5471635 
5394969 
5290125 
5411896 
7271468 
5221844 
5083929 
7960840 
9257395 
6438244 
5353824 
5403250 
5683718 
5268668 
6272776 
5582468 
5323303 
5495906 
5956216 
5218929 
5507781 
6428036 
5423719 
6415848 
5576895 
5400281 
6027414 
6122309 
5218304 
5920643 
5422365 
5204606 
5519604 
5215595 
5465386 
5632780 
5432885 
5314865 
8203547 
7532873 
5696894 
5538667 
5566843 
5860852 
5875019 
5746165 
5793873 
6072101 
5571375 
6530848 
6136684 
5569292 
5401428 
5321584 
6056841 
5194346 
5513979 
5469448 
5451271 
5309396 
5184866 
5240959 
5233616 
6054913 
7036782 
5445437 
5426219 
5136846 
5165595 
5128929 
5188668 
5134814 
5197991 
5399136 
5282366 
5235231 
13682735 
30111234 
9299374 
5929758 
5662051 
5577312 
5901321 
6766107 
5887987 
5416688 
5675801 
5213511 
5124814 
5432834 
5556322 
5439344 
6787357 
5666947 
5717728 
5448719 
5596739 
5657207 
7781206 
7181105 
5314761 
5357157 
5975539 
5414292 
5413250 
5609603 
5302834 
5463302 
5682155 
5022106 
5269970 
6004289 
5398250 
11584465 
5649655 
5695540 
6246006 
5413511 
7325635 
5709603 
5696738 
5839863 
5823352 
6171110 
5943455 
5202992 
6047309 
5783196 
5332417 
5762988 
5887831 
5223668 
6319547 
5731061 
5476323 
6020746 
12634823 
5464761 
18070730 
5219554 
5226793 
5175023 
5172887 
5968768 
5722050 
5591895 
7323031 
5774029 
5705228 
6846784 
13837525 
10436243 
5735644 
7860007 
5757727 
5662884 
5368146 
4977524 
6021111 
5561218 
5863769 
5818717 
5610385 
5526948 
6096945 
5144763 
5134554 
5777988 
5158617 
5448720 
5754915 
5004034 
5269449 
5991529 
5261845 
5159711 
5525959 
5252730 
5353563 
5932310 
5292314 
5287418 
5856946 
5403303 
5888508 
5927311 
5613822 
6503765 
5860228 
5474292 
6465120 
5382521 
5427105 
5513094 
5257940 
5301325 
6651421 
5386636 
5462313 
6075122 
5171273 
5788093 
5646166 
5183981 
5479344 
5514969 
5346272 
5922519 
5428667 
5451115 
5870019 
5519552 
5235803 
5630073 
5623250 
5163564 
5704499 
5461896 
5215023 
5750801 
5573146 
5102524 
5755905 
5565021 
5153669 
5591687 
5606323 
5152314 
6874232 
5353720 
5273772 
6571525 
5105857 
5182419 
5718301 
5445698 
5479083 
6093820 
20929934 
5583667 
5739342 
5496115 
5723978 
5657364 
5591844 
5938873 
5816061 
5339397 
5257679 
5136169 
5238720 
5211272 
5158409 
5320127 
5549917 
6133820 
5421845 
5313668 
5471323 
5388251 
5981893 
5547000 
5377261 
5423043 
7888445 
18344116 
5260126 
5146794 
5240596 
5149034 
5211585 
5225960 
5181325 
5119815 
5158929 
5210856 
5172315 
5119607 
5194450 
5102679 
5241845 
5159554 
5229450 
5169242 
5200231 
5192731 
5194659 
5574188 
5402783 
5173408 
5369606 
9733174 
14492367 
29554105 
16010483 
21759252 
6031372 
5660176 
5781218 
5635333 
5845279 
5694343 
5643822 
5681791 
5718666 
5551063 
5694030 
5694812 
5868196 
5642625 
5646583 
5561844 
5682780 
5693770 
15099602 
5580541 
5636062 
5580542 
5554656 
5776478 
5740385 
5729759 
5799603 
5771530 
5736791 
5768926 
5844029 
5749811 
5842623 
11012803 
5648927 
5616219 
5853040 
5375127 
5244710 
5170701 
5238461 
5177159 
5167315 
5219450 
5189190 
5747156 
10697597 
5243304 
5210596 
5119555 
5246273 
5126430 
5302523 
5183096 
5235075 
5128618 
5784552 
5805593 
5213929 
5152784 
5136430 
5147680 
5259815 
5178305 
5187992 
5273981 
5124294 
4984712 
5053774 
5003722 
5197576 
5141898 
5113148 
5089659 
5178722 
5237419 
5243981 
5345283 
5338304 
5042941 
5196794 
5099346 
5146794 
5136690 
5153982 
5122472 
5160180 
5070232 
5097992 
5113305 
5937519 
5272210 
5218826 
5211951 
5135232 
5215179 
5260335 
5120388 
5127315 
5028618 
5190648 
5080441 
5247992 
5418564 
5164503 
5393408 
5161273 
5138357 
5165336 
5148565 
5417522 
5298565 
5269398 
5231638 
5562573 
14972105 
5640073 
5724187 
5710021 
5595281 
5784499 
5685854 
5428147 
5387574 
5479969 
5697885 
5534969 
8094278 
5397470 
5114190 
5139502 
5152680 
5142055 
5076483 
5107264 
5264554 
5161118 
5120388 
5259138 
5233513 
5092472 
5109972 
5197732 
5305075 
5011170 
5127680 
5139555 
5131378 
5287002 
5299658 
5154294 
5195544 
5231065 
5083254 
5098045 
5014816 
5046587 
5037211 
5133669 
5237836 
5291116 
5195960 
5177679 
5211742 
5163097 
4944243 
5135075 
5322367 
5595958 
5426377 
5607626 
5565594 
5666063 
5620073 
5635906 
5435752 
5490074 
5493355 
5501167 
5491793 
5539396 
5624708 
5448147 
5365491 
5382887 
6038404 
7005065 
5523720 
5659032 
5824447 
6434756 
16065484 
5637990 
5545751 
5617677 
5654813 
5835020 
7922300 
6446058 
5922936 
5793197 
6727515 
6666317 
18427659 
6945847 
6018978 
6180695 
6300954 
6083195 
6141685 
5596896 
5507522 
5788041 
5776583 
5670229 
5844708 
5975697 
5651167 
5798927 
5848666 
5953562 
5707729 
5737156 
5969707 
5601480 
5552209 
5594761 
5965228 
6138040 
6296268 
5850906 
5683563 
5327471 
5166638 
5585907 
5411065 
5293253 
5195180 
5236274 
5162420 
5288878 
5176847 
5277576 
5200544 
5190648 
5227680 
5240857 
5233097 
5199139 
5174919 
5542522 
9285835 
5605229 
5521793 
5474970 
5462783 
8808911 
6442152 
5770229 
5584605 
7359075 
5947103 
5757885 
5893666 
7558552 
7936988 
5669605 
5526116 
5400023 
5214295 
5280388 
5506845 
6330538 
6600381 
6100957 
5342367 
5412262 
5237836 
5304450 
5206534 
5225961 
5478563 
5390647 
5320439 
5269815 
5279294 
5355439 
5353565 
5228097 
5223305 
5389398 
5318721 
5216638 
5258617 
5690489 
6088613 
6631526 
6023249 
5699240 
5687000 
5663251 
5714031 
5655073 
5824604 
5681480 
5513512 
5567521 
5779083 
5573094 
5512991 
5677417 
5675906 
6371423 
5822416 
8428288 
5359398 
5275752 
5371794 
5308513 
5502365 
5337002 
6386684 
5482105 
5428720 
9655885 
15613248 
6150956 
5901113 
6300122 
6498975 
5936374 
5357523 
5326898 
5481429 
5369606 
5686792 
5395231 
5239190 
5267211 
5984394 
5190909 
5137628 
5193878 
5745750 
6040800 
5634917 
6270748 
5340075 
5172941 
5124451 
5329971 
5271794 
5270545 
5404711 
5398668 
5284919 
5285752 
5647052 
5333617 
5288774 
5260283 
7494750 
5969499 
5872884 
6199601 
6068925 
5481898 
5507730 
5544866 
5503356 
5632677 
6928400 
5291846 
5166847 
5347992 
5298669 
5220389 
5114191 
5478095 
5369554 
5194399 
5556376 
6182988 
5079192 
5630283 
5670282 
5382210 
6092624 
5757000 
5418356 
6794443 
5293930 
5186483 
5617834 
6117363 
5393200 
5597001 
6090019 
5699657 
5134399 
5204763 
5193514 
5107733 
5576793 
5214451 
5097056 
5180806 
5628459 
5773927 
5782625 
6031999 
29909892 
5571168 
6664599 
7417616 
6328976 
9880207 
5462679 
5783355 
5670543 
5655439 
5604658 
5819292 
5766063 
6059239 
32327066 
9627917 
5395596 
5706689 
5588928 
6232675 
5779084 
5716741 
5302576 
5488461 
5438200 
5479815 
5441637 
5264868 
5172056 
5483356 
6192623 
8096884 
5977312 
5869291 
5666532 
5590907 
5351742 
6975014 
20178330 
5487314 
5658094 
5458147 
12751390 
6045749 
5989447 
5300910 
5414919 
5467263 
5345284 
5509450 
5365700 
5507002 
5514606 
5555282 
5471220 
5613616 
5537053 
5476012 
5439294 
5385283 
5424711 
5559658 
5535335 
5470232 
5515648 
5629240 
6832619 
5592262 
5583876 
5863979 
6080853 
6427934 
5560074 
5577366 
5737157 
13138835 
5185493 
5199712 
5156327 
9699323 
5418200 
6765015 
5975853 
5743042 
5802730 
5902520 
5588304 
5695022 
5626116 
6148770 
5724396 
5874291 
6175540 
5786011 
5202576 
5191847 
5254034 
5232003 
5168097 
5257368 
5215232 
5228826 
5556324 
5493668 
5326898 
11621032 
5777885 
5980592 
5619501 
5620595 
5503721 
5580335 
5501794 
5630751 
5635178 
5797729 
5532418 
5599866 
5771897 
5933926 
5757573 
5542158 
5582001 
5568095 
5528043 
5571116 
5569762 
5537366 
5754083 
5985905 
5771011 
5588096 
5495075 
5568252 
5580022 
5555648 
15318461 
6443091 
11797229 
5929187 
5357159 
5344399 
5460023 
5377263 
5711949 
5415388 
5354399 
5100494 
5161275 
5296065 
5333045 
5565491 
5226118 
5323930 
5286795 
5402575 
5412732 
5125545 
5151119 
5226483 
5093828 
5153514 
5048932 
5043723 
5042734 
5162786 
5162629 
5234348 
5150598 
5246795 
5141848 
5212733 
5151847 
5108463 
5131848 
5157317 
5068828 
5057942 
5019296 
5343253 
5551117 
5497107 
5568565 
5603773 
5585491 
5568669 
5495388 
5587888 
5430596 
5353566 
5415700 
5356586 
5387107 
5493565 
5352784 
5574554 
5473617 
5412159 
5443565 
5514867 
5401065 
5337211 
5407992 
5534034 
5412836 
5539658 
5473096 
5517888 
5463565 
5467107 
5417576 
5524137 
5503825 
5554554 
5568304 
5555023 
5397680 
5524502 
5442888 
5481169 
5485909 
5587262 
5456430 
5464190 
5460023 
5763043 
5814188 
7279181 
14284612 
5253045 
5304660 
6100749 
5130911 
5218462 
5227473 
5608356 
5651949 
5753355 
5543200 
5569293 
5288306 
5240337 
5480700 
5532106 
5584398 
6105489 
10077551 
8279279 
5370336 
5314972 
5132264 
5294920 
5172369 
5245441 
5219347 
5222680 
5289295 
5992521 
14835131 
5604763 
5460961 
5501586 
5491637 
5704032 
19941040 
5650075 
5487575 
5515752 
5636272 
5571272 
5491898 
5347576 
5777105 
5991375 
5725490 
5846636 
5767834 
5665803 
5527210 
5506637 
5520804 
5560283 
5549606 
5574033 
6128457 
10970358 
5602626 
5282837 
5336795 
5340597 
5685283 
5291326 
5786584 
6204759 
7179754 
5804188 
5371170 
5295962 
5169452 
6182051 
5226639 
5420128 
48189907 
10311249 
8797975 
6074500 
5740179 
5538148 
5573721 
5593565 
5494763 
5644189 
6031687 
16747570 
5178203 
5250285 
5191744 
5169036 
5115234 
5340441 
5287160 
5545804 
12168582 
5695491 
5599294 
5719918 
5703721 
5795074 
5763668 
5785647 
5732158 
18820319 
5693356 
5281587 
5320441 
5211067 
5082942 
5206484 
5273567 
5680856 
5667106 
5787158 
5748772 
5269764 
5165338 
5260910 
5103880 
5175233 
5183151 
5354816 
5585805 
9416774 
5220546 
5178619 
5166380 
5217889 
5207577 
5167004 
5338826 
5472680 
5191119 
5263515 
5122890 
5441794 
5445284 
5620491 
5566013 
5478982 
5904344 
5680960 
5522836 
5203046 
5026640 
5006172 
4976381 
5363254 
5099505 
5425337 
5338462 
5145546 
5037735 
5552628 
5282420 
5154609 
5176744 
5324660 
5372941 
5690544 
5399920 
5413930 
5232108 
5254296 
5126484 
5185910 
5189452 
5093307 
5042006 
5128984 
5195598 
5210963 
5114401 
5248150 
5116432 
5266587 
5180078 
5195494 
5033255 
5120495 
5056796 
5121693 
5085911 
5102422 
5293358 
5195338 
5123672 
5235546 
5121588 
5302681 
5479139 
5524867 
5319399 
5338306 
5423930 
5494867 
5284088 
5481117 
5465388 
5449503 
5491169 
5505336 
5520700 
5853042 
5532888 
5867886 
24889923 
5840178 
5622263 
5636481 
5549086 
5474868 
5347524 
5428461 
5426899 
5334556 
5381639 
5525856 
5556742 
5627054 
5552731 
5632939 
5630544 
5666221 
5737574 
5793355 
5547628 
5535805 
5543513 
5475024 
6467258 
5460857 
5281639 
5225494 
5060025 
5278410 
5172525 
5349868 
5193254 
5262786 
5131641 
5198099 
5051588 
5101901 
4998777 
5043464 
5017526 
5071849 
5211588 
5151796 
5190651 
5251172 
5203567 
5095443 
5030704 
5132265 
5127213 
5080443 
5156015 
5142578 
5114558 
5164245 
5178411 
5218463 
5163411 
5121328 
5004089 
5033412 
5207942 
5157890 
5159557 
5052266 
5175286 
5184036 
5071068 
5055964 
5176745 
5134193 
5150807 
5107630 
5373567 
5409972 
6880017 
15860649 
5186224 
5168724 
5198151 
5216588 
5141223 
5548097 
5247629 
5205286 
5113307 
5026329 
4985964 
5115599 
5118829 
5636065 
5493254 
5519086 
5452420 
5454243 
5446222 
5381171 
5331744 
5464920 
5430337 
5670544 
5408045 
5534660 
5434503 
5527315 
5601013 
5480597 
5459660 
5479347 
5487837 
5558044 
5433097 
5558982 
5485961 
5392941 
5373410 
5571794 
5512732 
5564555 
5474815 
5506899 
5537003 
5555024 
5287005 
5543462 
5471118 
5513982 
5613669 
5964553 
6011584 
10443905 
8975476 
5496430 
5444347 
5505128 
5429504 
5522420 
5836168 
6058719 
5847678 
5785595 
5523513 
5303151 
5127631 
5380962 
5195130 
5260911 
5379660 
6139083 
10921768 
5696638 
5547836 
5652472 
5717263 
5814345 
5749971 
5680180 
5797054 
5953199 
12404624 
5870439 
5610024 
5861116 
6098719 
6411791 
7957876 
5828616 
5917209 
5764398 
6284395 
5483097 
5527316 
5588409 
5477316 
5581430 
5453618 
5688929 
25472682 
13774774 
18123449 
6903871 
5942365 
5684398 
5792002 
5760492 
13864721 
5289608 
5229401 
5603878 
5810595 
5981845 
5874553 
5671325 
5515441 
5624086 
5579763 
5501534 
5494451 
5762783 
5899398 
5665284 
5572837 
5610649 
5520233 
5567264 
5546327 
5608410 
5583149 
5450025 
5344139 
5456795 
5426275 
5642367 
5469504 
5459035 
5543670 
5691013 
5714295 
5580180 
5447733 
5596014 
5521743 
5520285 
5403775 
5514243 
5469139 
5412005 
5317890 
5420806 
5374192 
5512837 
5593045 
5444972 
5505805 
5462473 
5487160 
5564451 
5574191 
5568826 
5227422 
5120235 
5069714 
5071641 
5106797 
5476067 
5421900 
5536535 
5481951 
5573930 
5434973 
5494035 
6300281 
5463045 
5499399 
5394453 
5357213 
5501952 
5463358 
5549972 
5521014 
5456796 
5482941 
5566014 
5484868 
5488723 
5470493 
5567576 
5494555 
5526535 
5540285 
5530754 
5483306 
5564816 
5499504 
5588358 
5533410 
5606170 
5532212 
5526691 
5538097 
5509191 
5258723 
5338776 
5413515 
5381588 
5326275 
5439816 
5454504 
5356379 
5211432 
5356327 
5427578 
5272161 
5329974 
5328150 
5268724 
5369921 
5403931 
5450181 
5366171 
5443931 
5411118 
5522889 
5438462 
5444608 
5426640 
5364504 
5314661 
5409504 
5312057 
5336484 
5298099 
5321276 
5332369 
5468618 
5392265 
5436379 
5396744 
5401118 
5296640 
5357890 
5375911 
5416952 
5402213 
5427889 
5349452 
5366849 
5390546 
5380702 
5367213 
5403202 
5462056 
5577212 
5377994 
5514244 
5436014 
5466743 
5488878 
5418723 
5402682 
5443619 
5396223 
5524920 
5835491 
5563410 
6160126 
31334322 
5220442 
5192891 
5428410 
5192161 
5033152 
5090912 
5042735 
5053047 
4973257 
5086694 
5395754 
5478514 
5381691 
5283723 
5309713 
5433983 
5204037 
5325911 
5231328 
5178985 
5129089 
5136849 
5093568 
5142943 
5019089 
5310442 
5303672 
5390650 
5271900 
5388098 
5491327 
5469504 
5733514 
5451276 
5165027 
5130183 
5167162 
5231849 
5144558 
5214662 
5186224 
5092684 
5115235 
5135444 
5080027 
5395651 
5554244 
5297474 
5388203 
5228880 
5073464 
5096068 
5051589 
5078517 
5049454 
5085704 
5124298 
5133516 
5196172 
5045444 
5101642 
5239610 
4988570 
5241589 
5145027 
5405130 
5201224 
5226537 
5093934 
5135912 
5061590 
5113881 
5028361 
5149193 
5118361 
5172579 
5107058 
5138776 
5162110 
5178933 
5090600 
5100391 
5122579 
5089037 
5004559 
5161276 
4969559 
5325078 
5253099 
5348723 
5242526 
5238985 
5341797 
5431223 
5362734 
5367630 
5289870 
5291381 
5226693 
5370755 
5334089 
5355547 
5389244 
5418984 
5459087 
5441744 
5442369 
5488463 
5748409 
5661587 
5484556 
5587004 
17049968 
5679504 
5657264 
5686014 
5632889 
5730597 
5762680 
5488359 
5385911 
5362370 
5335546 
5347838 
5415286 
5653149 
5580858 
5835544 
5758461 
5808252 
5609556 
6520697 
5992106 
5782993 
5600649 
14835917 
5404244 
5294765 
5131069 
5223985 
5162110 
5204506 
5263516 
5127684 
5019611 
5054142 
5143047 
5117943 
5398515 
5327630 
5985231 
5661639 
6268511 
5733930 
5548254 
5839919 
5537577 
5637056 
5706795 
5282839 
5155600 
5195756 
5094610 
5151277 
5129402 
5190131 
5226589 
5262787 
5059246 
5091329 
5226745 
5261954 
5046850 
5037944 
5016121 
5009976 
5077163 
5077371 
5176276 
5122787 
5321015 
5674087 
6110856 
17673975 
5497004 
5391849 
5526639 
5375182 
5398516 
5677472 
5565129 
5340651 
5353724 
5299245 
5284818 
5251745 
5271172 
5510806 
8435323 
5243516 
5059506 
5325651 
5192579 
5274922 
5356328 
5088621 
5097995 
5223412 
5100287 
5081381 
5117058 
5155964 
5146954 
5147111 
5181694 
5244298 
5103517 
5151903 
5152162 
5160913 
5102163 
5213777 
5145287 
5151746 
5022371 
5146746 
5061747 
5050236 
5041642 
5136486 
5003934 
5135496 
5054611 
5072528 
5050079 
5095236 
5053204 
4956174 
5121382 
5182527 
5072528 
5194506 
5157839 
5193621 
5121486 
5228777 
5018517 
5133100 
5030965 
5033986 
5036799 
5020548 
4987736 
5052059 
5013830 
5012632 
5047424 
5215236 
5082580 
5252371 
5166955 
5201954 
5066278 
5120652 
4939872 
5191798 
5129819 
5185808 
5182475 
5157944 
5026851 
5097892 
5087111 
5122423 
5100288 
5144246 
5044090 
5204038 
5146642 
5255339 
5172267 
5141798 
4957788 
5186849 
5046850 
5131485 
5085809 
5052267 
5043414 
5019507 
5079194 
4981278 
5001069 
5027840 
5143204 
5037475 
5175079 
5203881 
5147163 
5103309 
4960914 
5236277 
5015237 
5150340 
5132059 
5040393 
5103048 
5147944 
5172735 
5172891 
5131590 
5137215 
5096642 
5182318 
5144454 
5163100 
5090027 
5121381 
5472474 
5554921 
5373359 
5464297 
5230131 
5118257 
5118985 
5342058 
5175391 
5119299 
5434662 
5106173 
5001747 
5108726 
4993101 
5096590 
5021955 
5161903 
5206382 
5269297 
5097267 
5088517 
5032997 
5168048 
5033517 
5076642 
5081954 
5203621 
5040184 
5152058 
5122058 
5186485 
5101538 
5103204 
5064246 
5110600 
5073049 
5103673 
5117423 
5123881 
5090548 
6166793 
5173985 
5153256 
5215027 
5154351 
5108100 
5170496 
5125756 
5191849 
5101017 
5734712 
5590286 
15982318 
14708731 
5190912 
5307474 
5506536 
5802263 
6049398 
5296016 
5284349 
5207735 
5196902 
5228412 
5394818 
5240391 
5282579 
7726682 
16051537 
5589713 
5175860 
5238152 
5448932 
5109871 
5281225 
5396692 
5739816 
5777889 
5798253 
5171017 
5252006 
5102059 
5187528 
5350912 
5514141 
5466588 
5454714 
5697525 
6113929 
5932732 
5405234 
5315599 
5228360 
5241329 
5235861 
5170601 
5321016 
5154975 
5291017 
5334089 
14912273 
5803045 
5849191 
5716223 
5427214 
5199142 
5287735 
5278568 
5276902 
5526328 
6280751 
5602473 
5625338 
5589609 
6936269 
5315600 
5283986 
5126173 
5193048 
5161486 
5563307 
5405079 
5388099 
5434922 
5843618 
5559140 
5132945 
5014768 
5188778 
5277423 
5359714 
5128674 
5252163 
5205913 
5410808 
5289662 
5330808 
5486797 
5259038 
5332006 
5430808 
5377110 
5301486 
5350651 
5375808 
5280183 
5365756 
5337527 
5457057 
5728931 
8967770 
17989134 
5709400 
5601067 
5667160 
5796223 
5718098 
5742525 
5289662 
5210965 
5211173 
5153361 
5231382 
5189142 
5168100 
5186278 
5201694 
5163778 
5194819 
5228986 
5275652 
5202371 
5237839 
5228569 
5218777 
5211382 
5206329 
5415964 
5797941 
5331381 
5405131 
7387986 
6485386 
5651953 
5627056 
19586678 
24946080 
17784291 
10758022 
5990336 
5712212 
5720859 
5842889 
5639765 
5834764 
5736483 
5714452 
5693306 
5813983 
5714296 
5898409 
5848254 
5816483 
5807576 
5671484 
5642004 
5829504 
6366272 
5866275 
5736900 
5814868 
6427938 
5289142 
5280079 
5511015 
5553463 
8759594 
17188721 
5787055 
5749661 
5805806 
13457853 
6086169 
5818253 
5904504 
6988404 
7588089 
5818879 
5581015 
5589557 
6019139 
5192267 
5565547 
5130236 
5163049 
5161434 
5181278 
5440599 
5681275 
5621848 
5757160 
5682733 
5736120 
5798254 
5679036 
5608359 
5192736 
5396486 
5505599 
5392579 
5887056 
7837568 
5784869 
5661432 
5691484 
5606224 
5705442 
5279663 
5209351 
5196487 
5234246 
5093518 
5207320 
5523881 
5558880 
5487110 
5310965 
6015441 
5200028 
5142789 
5254715 
5308673 
5182581 
5224038 
5238569 
5562682 
6559345 
5529401 
5237997 
5302163 
5204038 
5169767 
5242996 
5233101 
5142164 
5470079 
5916951 
6008358 
5718620 
5741484 
5641953 
6170180 
5806535 
5678411 
5712421 
5913201 
22852394 
5480964 
5538412 
5531172 
10582711 
5461537 
6855333 
5682474 
5558463 
5438360 
5515391 
5473620 
5586693 
5410808 
5490703 
5558984 
5780598 
5283205 
5336903 
5633672 
5467891 
6175440 
5632370 
5273622 
5606380 
5570338 
5477474 
5616380 
5437006 
5015080 
5368777 
5818984 
5530183 
5996223 
5906691 
5743358 
5898358 
9639382 
5449818 
17065233 
5488203 
5157163 
5258361 
5142477 
5417266 
5848618 
14594411 
5964035 
5679557 
5737786 
5899139 
5609558 
6072628 
5615963 
5187580 
5454923 
5839817 
5017997 
5464610 
5599036 
5103779 
5447579 
5624453 
5005185 
5351016 
5846327 
5426016 
5816171 
6399970 
5252372 
5912786 
5507266 
5136382 
5643880 
5440600 
5134143 
5870858 
5546693 
5150809 
5725703 
5631172 
5173934 
5692265 
5395339 
5215080 
5697734 
5515599 
5071956 
5826536 
5574089 
5218153 
6653928 
6076065 
5246382 
7109811 
5860389 
6527105 
5846014 
5486121 
6215023 
6369554 
5252632 
7636683 
5496068 
5506641 
5830754 
5399298 
5168987 
5223830 
5174559 
5087841 
5045393 
5017216 
5124351 
5179455 
5385704 
5416641 
5289247 
5796015 
5364768 
5289923 
5454715 
5266330 
5137164 
5502267 
5192060 
5148518 
5116695 
5143154 
5045863 
5122321 
5060966 
5200341 
5113883 
5092425 
5188310 
5169403 
5153310 
5240809 
5129664 
5626224 
5367632 
5185809 
5165341 
5330861 
5225340 
5098779 
5035914 
5128623 
5185705 
5067269 
5236122 
5136852 
5094144 
5256799 
5250706 
5263622 
5191643 
5053623 
5139351 
5143518 
5170601 
5116383 
5204091 
5114351 
5224299 
5164612 
5209924 
5211122 
5195446 
5158362 
5048050 
5173674 
5172008 
5190445 
5169716 
5246174 
5193882 
5267736 
5211330 
5120341 
5048622 
5152737 
5071331 
5142320 
5112581 
5050341 
5302320 
5200549 
5172736 
5267840 
5243101 
5201330 
5050185 
5755442 
8196473 
5395444 
15449305 
5578673 
5929920 
5255862 
5253674 
5308466 
5215132 
5218622 
5239715 
5275601 
5175966 
5571537 
5463257 
5375913 
5463256 
5328153 
5356850 
5447475 
20369855 
5857109 
5254091 
5277633 
5421069 
5353048 
5330653 
5308361 
5017894 
5047477 
6591272 
5141383 
5148726 
5191383 
4981175 
5026592 
5020654 
5043207 
5267633 
5188935 
5160549 
5211383 
5150862 
5230966 
5218986 
5410809 
5230081 
5197320 
5070654 
5162477 
5409402 
5228570 
5313726 
5251903 
5563255 
5467215 
5194143 
5222632 
5023936 
5272893 
5167164 
5075081 
5024143 
5352579 
5297893 
5292893 
5226070 
5190289 
5192893 
5426278 
8353503 
5120237 
5116539 
5253726 
5276643 
5359194 
5061539 
5049665 
5021540 
5309819 
5903098 
5489246 
5256486 
5668880 
5512006 
5417476 
6388773 
5382319 
5077321 
5456225 
5234716 
5173258 
5338465 
5773099 
8296733 
5359767 
5324195 
5371121 
5600391 
5546433 
5407892 
5735911 
5760911 
5483829 
5340601 
5328570 
5361747 
5405080 
5380444 
5455132 
5391695 
5419142 
5452996 
5384351 
5378466 
5373622 
5258049 
5202790 
5119404 
5185967 
5229351 
5223727 
5168310 
5161279 
5064612 
5172893 
5142738 
5173206 
5113987 
5152998 
5134978 
5218987 
5112477 
5189873 
5165758 
5221070 
5135134 
5192269 
5167269 
5191227 
5015706 
5123519 
5083623 
5045863 
5056228 
5077425 
5107998 
5119769 
5047842 
5194613 
5185915 
5169717 
5140862 
5239404 
5129716 
5102061 
5174456 
5165237 
5016331 
5091539 
5062165 
5141071 
5043467 
5055186 
5071175 
5049301 
5024196 
5574089 
5118831 
5054717 
5071904 
5216019 
5125654 
5123259 
5105759 
5270081 
5197372 
5194196 
5132634 
5246019 
5188206 
5127790 
5085811 
5191748 
5090811 
5069300 
5035915 
5065550 
5038103 
5122060 
5036123 
5078103 
5174144 
5023780 
5053415 
5027217 
5161227 
5231383 
5159976 
5186800 
5167945 
5196175 
5093467 
5230654 
5166800 
5194717 
5038051 
5098519 
5024405 
5097998 
5048623 
5016384 
5010290 
5185810 
5035394 
5175185 
5134716 
5215080 
5079040 
5174248 
5120133 
5114457 
5067686 
5105550 
5084196 
5045394 
5064561 
5176539 
5083987 
5189195 
5068571 
5995754 
5087946 
5066488 
5087112 
5155289 
5082373 
5266591 
5114612 
5154924 
5105134 
5166071 
5125915 
5160238 
5151592 
5137790 
5067217 
5133779 
5153519 
5177217 
5083988 
5200967 
5145029 
5129925 
5117582 
5181956 
5165341 
5128154 
5130758 
5089665 
5074665 
5136487 
5182113 
5138727 
5153675 
5187893 
5194664 
5102269 
5052321 
5248623 
4994925 
5065446 
5005082 
5228935 
5150029 
5179039 
5218831 
5095915 
5009301 
5069717 
4996019 
5074612 
5071644 
5121592 
5502944 
5257946 
5156279 
5071852 
4993363 
5056175 
5089977 
5113206 
5329247 
5181956 
5142217 
5159508 
5206123 
5275966 
5035759 
5155343 
5171800 
5088624 
5016176 
5078155 
5058519 
5106488 
5052895 
5193258 
5090915 
5125707 
5171749 
5164977 
5110707 
5229352 
5126852 
5210029 
5141488 
5216695 
5158727 
5154717 
5082165 
5166436 
5116904 
5093415 
5156852 
5128468 
5018415 
5025187 
5040812 
5119717 
5047062 
5227477 
5042582 
5118207 
5075446 
5131072 
5134457 
5044197 
5073207 
5101853 
5095029 
5152009 
5092321 
5179456 
5128519 
5035916 
5041072 
5123155 
5468101 
5439038 
5464247 
5449351 
5440601 
5364611 
5338883 
5494090 
5465392 
5452267 
5440757 
5464090 
5426539 
5442893 
5371278 
5498726 
5379039 
5472320 
5435393 
5478518 
5404872 
5576851 
5352737 
5411695 
5410393 
5463518 
5380653 
5474143 
5392945 
5456955 
5446226 
5469768 
5361435 
5441695 
5382216 
5470392 
5397737 
5423206 
5474143 
5474871 
5384299 
5454716 
5441956 
5480601 
5365705 
5407581 
5341331 
5414663 
5255550 
5345602 
6267889 
5437320 
5421486 
5403466 
5478048 
5428518 
5473362 
5460966 
5448987 
5470289 
5448049 
5469715 
5471487 
5417580 
5424925 
5517945 
5422580 
5456799 
5431539 
5429507 
5301435 
5503934 
5491590 
5541695 
5470601 
5520132 
5572840 
5432060 
5383674 
5536069 
5360289 
5162842 
5742996 
5756433 
5379664 
5496747 
5183154 
5206227 
5306383 
5232425 
5135499 
5201956 
5178988 
5077739 
5132165 
5006645 
5029458 
5061905 
5053103 
5103155 
5087478 
5226956 
5125291 
5082895 
5080447 
5277060 
5149196 
5199716 
5040446 
5128831 
5018571 
5959817 
5187060 
5260758 
5148675 
5213780 
5118155 
5105238 
5063467 
5186591 
5075290 
5219873 
5103728 
5169873 
5156436 
5053103 
5076384 
5113831 
5029301 
5095602 
5094405 
5137738 
5204665 
5245445 
5054821 
5103415 
5093051 
5103675 
5022478 
5227582 
5179978 
5014458 
5139509 
5219301 
5075290 
5166071 
5079249 
5174249 
5086020 
5136332 
5148885 
5179874 
5155863 
5189040 
5105290 
5047218 
5119822 
5138884 
5097322 
5352945 
5221384 
5186801 
4936958 
5070968 
5305082 
5538466 
5539299 
5489143 
5392842 
5508414 
5343311 
5498466 
5471330 
5421071 
5503102 
5638674 
5284404 
5414351 
5435602 
5443362 
5756381 
5448102 
5383519 
5524873 
5377008 
5427476 
5225655 
5314300 
5382269 
5489560 
5325185 
5356019 
5303102 
5348206 
5415915 
5461539 
5412946 
5522164 
5329144 
5487633 
5395237 
5507893 
5424977 
5455758 
5354248 
5382060 
5390550 
5387633 
5335289 
5336019 
5208363 
5295915 
5325030 
5373414 
5383050 
5504768 
5404664 
5471435 
5414560 
5431643 
5454716 
5450133 
5422529 
5450654 
5441799 
5446435 
5480601 
5529924 
5577944 
5445966 
5392060 
5555393 
5446070 
5464456 
5439925 
5523310 
5402581 
5510758 
5453935 
5416175 
5494091 
5475497 
5409717 
5487789 
5423779 
5498570 
5399247 
5537684 
5443362 
5490289 
5445237 
5519976 
5474143 
5527633 
5363311 
5477112 
5372841 
5407789 
5520289 
5433205 
5510237 
5564090 
5290811 
5371852 
5327217 
5479924 
5292634 
5484768 
5468883 
5472372 
5397529 
5486382 
5450549 
5391696 
5346175 
6009297 
5374612 
5454560 
5387633 
5493050 
5470654 
5368936 
5420654 
5547736 
5447424 
5423935 
5472425 
5394977 
5361696 
5402476 
5426227 
5477321 
5439612 
5420862 
5452477 
5477841 
5406018 
5437112 
5424665 
5949193 
5442893 
5511226 
5386383 
5471435 
5413727 
5388363 
5440393 
5541695 
5414665 
5445914 
5487008 
5500706 
5421852 
5472320 
5417008 
5322373 
5474456 
5542893 
5411175 
5522997 
5384821 
5492424 
5374143 
5392842 
5365446 
5411748 
5371800 
5488570 
5390081 
5468467 
5463206 
5457060 
5429300 
5539925 
5375759 
5497164 
5414300 
5452165 
5430394 
6185443 
5285446 
5316488 
5262999 
5323780 
5257321 
5281332 
5382478 
5349092 
5394769 
5375498 
5246800 
5375081 
5287894 
5275342 
5221801 
5316176 
5312478 
5453675 
5340810 
5487320 
5389926 
5516175 
5399925 
5442789 
5432633 
5484456 
5354717 
5286280 
5012740 
5072062 
4992375 
5180968 
4983156 
5068520 
5516747 
5462217 
5419040 
5354665 
5295343 
5433414 
5409977 
5444613 
5464248 
5463050 
5395967 
5483571 
6814503 
5540289 
5446592 
5494300 
5489976 
5453831 
5539821 
5423415 
5395550 
5422790 
5391853 
5467217 
5375602 
5385238 
5435706 
5507112 
5419248 
5442373 
5287894 
5400238 
5347478 
5466592 
5405394 
5553102 
5402008 
5429352 
5486227 
5453467 
5394717 
5505550 
5434144 
5437686 
5407112 
5429144 
5454717 
5449196 
5395290 
5529716 
5393414 
5492946 
5422061 
5406332 
5380081 
5390914 
5356592 
5536070 
5487112 
5451748 
5506227 
5480133 
5405706 
5434509 
5268884 
5322999 
5219145 
5127218 
5197999 
5228884 
5076593 
5132478 
5276332 
5382426 
5333520 
5350238 
5647997 
5375707 
5405133 
5469977 
5290082 
5437165 
5480029 
5459091 
5390759 
5467165 
5404248 
5460810 
5439092 
5515446 
5504925 
5500446 
5442373 
5489612 
5434508 
5484821 
5365498 
5500914 
5408883 
5404977 
5311124 
5414040 
5407946 
5387738 
5306227 
5269301 
5202113 
5276592 
5258728 
5387321 
5411488 
5471123 
5447998 
5472008 
5391800 
5456592 
5282790 
5376332 
5315446 
5279613 
5304717 
5479456 
5444612 
6024818 
5528050 
5523310 
5530081 
5513466 
5437113 
5443571 
5398103 
5540602 
5418831 
5600809 
5464769 
5451644 
5277947 
5370134 
5435238 
5427426 
5157583 
5170083 
4984094 
5140603 
5069719 
5077895 
5011125 
5049615 
5035083 
5117427 
5149094 
5418832 
5697581 
5577894 
5188625 
5001490 
5314457 
5220759 
5151958 
5218364 
5083156 
5152010 
5177374 
5209301 
5106542 
5222479 
5135812 
5234822 
5115135 
5162218 
5191749 
5163572 
5043468 
5043885 
5001698 
5063573 
4974458 
5074823 
5000344 
5000761 
4972219 
5009980 
5094197 
5136646 
5009458 
5213520 
5088260 
5172687 
5124406 
5197478 
5093989 
5112843 
6011121 
5159666 
5342009 
5537633 
5460811 
5559144 
5270864 
5395551 
5422790 
5456175 
5373103 
5552634 
5406956 
5278416 
5365707 
5329144 
5381593 
5360707 
5303103 
5325395 
5286384 
5369770 
5342165 
5316436 
5404404 
5376541 
5429561 
5448467 
5447894 
5431384 
5424249 
5525133 
5480498 
5477477 
5518102 
5479456 
5294354 
5467426 
5410134 
5439092 
5208729 
5304979 
5471384 
5428311 
6118881 
5798309 
5330030 
5493988 
5449300 
5533831 
5626227 
5504769 
5474561 
5550915 
5414352 
5438415 
5390811 
5496488 
5396176 
5434613 
5367634 
5559717 
5451488 
5441853 
5308780 
5490915 
5558311 
5465081 
5469144 
5438675 
5486383 
5535967 
5386124 
5322478 
5283624 
5440602 
5423259 
5382322 
5290499 
5468728 
5366645 
5362843 
5356801 
5445394 
5394145 
5450030 
5447425 
5422998 
5378207 
5498519 
5323624 
5415446 
5434249 
5420395 
5434769 
5403519 
5421488 
5453676 
5411123 
5441019 
5385029 
5453936 
5453311 
5492165 
5488103 
5400863 
5391176 
6306432 
5493206 
5508311 
5519456 
5465706 
5507009 
5566488 
5461592 
5440758 
5313051 
5410602 
5421592 
5513884 
5468936 
5507269 
5382425 
5512061 
5473467 
5554196 
5415342 
5464873 
5420394 
5440029 
5450447 
5368051 
5297947 
5461124 
5422843 
5448364 
5382062 
5457114 
5449301 
5421697 
5422270 
5482635 
5392426 
5500342 
5474144 
5488779 
5410186 
5382738 
5488311 
5427217 
5450551 
5474093 
5409510 
5361697 
5301697 
5391906 
5083885 
5166854 
5072532 
5159875 
5110813 
5141958 
5118833 
5185968 
5167011 
5201021 
5134719 
5156229 
5071854 
5187792 
5119615 
5142948 
5147844 
5186750 
5194562 
5171386 
5076074 
5160240 
5117636 
5192844 
5039407 
5166646 
5099875 
5103989 
5100604 
5159719 
5148052 
5199979 
5055136 
5180240 
5180813 
5177323 
5192531 
5262375 
5118365 
5178104 
5126229 
5146333 
5039042 
5074406 
5162739 
5080397 
5008418 
5120864 
5081698 
5166542 
5145813 
5205760 
5085917 
5177948 
5140553 
5182584 
5130448 
5126386 
5090396 
5090917 
5036594 
5185812 
5137792 
5125708 
5091021 
5175917 
5121385 
5140031 
5096178 
5191021 
5147844 
5177115 
5994923 
5209823 
5027948 
5152636 
5074927 
5153886 
5014875 
5153833 
5049198 
5103833 
5104979 
5112844 
5055969 
5106021 
5125396 
5078417 
5038938 
5096542 
5144876 
5174145 
5045552 
5150500 
5076282 
5173260 
5077479 
5174510 
5186802 
5156958 
5390134 
5288573 
5283416 
5351125 
5425343 
5336489 
5472634 
5526488 
5417842 
5444718 
5397791 
5536332 
5488363 
5552530 
5945758 
5936747 
5477218 
5421593 
5332687 
5407217 
5376905 
5388781 
5561800 
5465186 
5381020 
5488832 
5367634 
5303208 
5254615 
5347061 
5414249 
5467582 
5475551 
5470967 
5367374 
5380291 
5480134 
5488676 
5461124 
5535238 
5381229 
5428833 
5441437 
5538727 
5474145 
5491332 
5348676 
5447843 
5418259 
5510186 
5411541 
5462322 
5489353 
5426280 
5456124 
5531019 
5299875 
5431071 
5368103 
5374770 
5257479 
5318468 
5281802 
5346905 
5384302 
5373781 
5353000 
5490968 
5442948 
5416645 
5363885 
5449614 
5396697 
5437218 
5329250 
5436645 
5444457 
5446697 
5359927 
5431228 
5407270 
5454979 
5501228 
5437166 
5448624 
5451749 
5459978 
5530968 
5445083 
5492531 
5460916 
5441801 
5373677 
5473260 
5461854 
5399354 
5327896 
5448468 
5425552 
5456020 
5418416 
5361385 
5397479 
5431854 
5267740 
5255604 
5266177 
5354354 
5373416 
5438781 
5467062 
5542321 
5509353 
5539926 
5489145 
5438155 
5440760 
5538676 
5454510 
5409145 
5448885 
5457374 
5411593 
5422686 
5379718 
6112737 
5567634 
5556124 
5488364 
5624925 
5463260 
5498624 
5441229 
5504978 
5457843 
5416176 
5435811 
5464198 
5576488 
5472895 
5372895 
5482686 
5440707 
5190761 
5008626 
5100605 
5115188 
5325760 
5539769 
5549249 
5540811 
5443312 
5263677 
5426385 
5344875 
5426593 
5475342 
5495448 
5421645 
5529457 
5499770 
5791540 
5898675 
5294770 
5179406 
5323781 
5203104 
5262323 
5265084 
5162844 
5216386 
5153365 
5160761 
5254614 
5174042 
5196386 
5103626 
5180240 
5121907 
5130969 
5124354 
5131438 
4982584 
5073157 
5033261 
5275240 
5062063 
5184719 
5072376 
5239875 
5078470 
5207166 
5166125 
5192636 
5244250 
5219876 
5177636 
5201542 
5023939 
6063778 
5168157 
5102740 
5048678 
5071439 
5003105 
5102479 
5053626 
5071387 
5045553 
5167167 
5099511 
5234511 
5086282 
5194771 
5115293 
5255448 
5138001 
5201021 
5170292 
5240240 
5021387 
5092949 
5128782 
5175449 
5138990 
5291749 
5153053 
5087115 
5054980 
5229354 
5095136 
5109303 
5181594 
5147272 
5113730 
5076074 
5061022 
5120084 
5338052 
6157163 
5449302 
5339250 
5303521 
5355031 
5451906 
5513416 
5464822 
5518312 
5415864 
5472947 
5386645 
5392479 
5301698 
5345084 
5285396 
5401750 
5433365 
5355396 
5555395 
5436385 
5297375 
5350135 
5315397 
5309875 
5335917 
5358261 
5363416 
5483989 
5436125 
5458416 
5421229 
5463260 
5414615 
5444094 
5362896 
5749196 
5373625 
5421489 
5442270 
5467218 
5324824 
5379510 
5269876 
5432010 
5397219 
5433416 
5597270 
5374979 
5261333 
5312636 
5240084 
5452271 
5343104 
5276594 
5340032 
5388833 
5380708 
5462323 
5411750 
5257792 
5435135 
5289355 
5198313 
5440239 
5473104 
5528208 
5513833 
5477739 
5372427 
5503729 
5511125 
5465760 
5508676 
5540864 
5440865 
5492896 
5436594 
5503052 
5619510 
5415344 
5454615 
5444094 
5529458 
5409823 
5287219 
5438209 
5404354 
5359354 
5360344 
5406385 
5407947 
5409249 
5369823 
5439926 
5406229 
5389302 
5391750 
5319979 
5274042 
5449041 
5454042 
5386177 
5493000 
5446698 
5540604 
5424562 
5437323 
5402062 
5428782 
5442792 
5741748 
5361125 
5147168 
5246178 
5134667 
5029355 
4988627 
5137012 
5249459 
5052220 
5138209 
5103991 
5031907 
5129616 
5088001 
5128886 
4960242 
5074564 
5475031 
5485500 
5399770 
5486906 
5418052 
5574250 
5483260 
5439198 
5315083 
5481750 
5625708 
5579145 
5411437 
5446542 
5453052 
5508572 
5419459 
5512374 
5447114 
5551802 
5453052 
5443104 
5452740 
5475552 
5467791 
5491801 
5467687 
5490500 
5414094 
5509719 
5527895 
5456281 
5416385 
5472583 
5400344 
5435917 
5421229 
5489041 
5434927 
5413104 
5368729 
5389875 
5368260 
5338000 
5387323 
5357583 
5246438 
5360448 
5266177 
5374614 
5443156 
5441124 
5349666 
5397010 
5505083 
5467740 
5414093 
5438781 
5408000 
6373882 
5459927 
5533052 
5420344 
5413469 
5387115 
5484146 
5453260 
5549302 
5383053 
5419615 
5436438 
5435865 
5425708 
5433260 
5449719 
5475500 
5508729 
5529510 
5338470 
5427584 
5421125 
5455500 
5404824 
5440917 
5338209 
5491021 
5411126 
5397897 
5387636 
5446542 
5389146 
5469823 
5413574 
6160862 
5719249 
5542583 
5460761 
5422792 
5390969 
5502011 
5352688 
5539511 
5407115 
5504251 
5310032 
5351386 
5352636 
5451751 
5279199 
5303001 
5423574 
5413000 
5433677 
5494146 
5383261 
5435344 
5452739 
5273990 
5274408 
5369824 
5419459 
5490032 
5476646 
5439198 
5369927 
5494719 
5459407 
5449302 
5392532 
5496229 
5450969 
5453886 
5424667 
5451125 
5372168 
5434615 
5367011 
5455032 
5357688 
5478626 
5392063 
5544406 
5417115 
5531489 
5466542 
5422271 
5399771 
5482948 
5401074 
5533052 
5361751 
5460292 
5460500 
5461906 
5311543 
5479562 
5397376 
5403156 
5329563 
5344615 
5291647 
5430292 
5279095 
5333365 
5458521 
5404667 
5342532 
5472427 
5491489 
5501646 
5486438 
5408886 
5305500 
5402375 
5448417 
5556854 
5388209 
5490865 
5449042 
5526854 
5517583 
5480240 
5396230 
5512271 
5400501 
5410709 
5376542 
5408938 
5355032 
5558572 
5347897 
5313261 
5256543 
5303210 
5300188 
5337792 
5371178 
5490188 
5359719 
5491959 
5540708 
5502635 
5439511 
5491907 
5405136 
5471073 
5415240 
5423469 
5398417 
5495968 
5435917 
5448782 
5393052 
5483781 
5433834 
5523625 
5494146 
5629666 
5395552 
5467687 
5363730 
5451854 
5369407 
5456282 
5430604 
5470605 
5582843 
5570760 
5408729 
5526958 
5369303 
5325188 
5419407 
5454876 
6401173 
5526594 
5501541 
5548833 
5404094 
5422531 
5443104 
5491490 
5397480 
5524666 
5420396 
6014821 
5577062 
5430031 
5628885 
5417583 
5350656 
5611803 
5434042 
5417011 
5412637 
5485917 
5370240 
5473469 
5357168 
5486855 
5406125 
5482011 
5389616 
5353262 
5375605 
5532376 
5417324 
5456803 
5435604 
5518781 
5384511 
5424355 
5540604 
5425292 
5459043 
5425189 
5528782 
5534147 
5457688 
5469094 
5405657 
5528104 
5517063 
5536542 
5533938 
5409459 
6365028 
5441959 
5291439 
5384407 
5274251 
5327532 
5289980 
5481282 
5479251 
5403469 
5407428 
5481386 
5405553 
5445970 
5482480 
5414668 
5412480 
5458782 
5347167 
5404303 
5330084 
5339303 
5316491 
5463000 
5370970 
5422012 
5432428 
5354980 
5386959 
5507949 
5357792 
5360813 
5448834 
5379824 
5414407 
5475761 
5450241 
5497428 
5426334 
5458157 
5290918 
5335762 
5307897 
5376751 
5419980 
5478730 
5364564 
5381439 
5513521 
5507584 
5408782 
5479563 
5498522 
5508261 
5422376 
5472584 
5378001 
5438834 
5371074 
5485084 
5378470 
5529094 
5524927 
5398939 
5305554 
5436699 
5372011 
5416438 
5379459 
5347220 
5226127 
5443730 
5315710 
5373782 
5401074 
5468470 
5364251 
5409668 
5338262 
5342532 
5287428 
5371022 
5536802 
5451855 
5436282 
5488053 
5371855 
5587844 
5361074 
5379355 
5306334 
5315189 
5228783 
5384147 
5412064 
5375710 
5452584 
5474928 
5392376 
5487896 
5471230 
5472115 
5437375 
5482740 
5363001 
5476698 
5392272 
5438730 
5502428 
5436699 
5462844 
5486021 
5419355 
5525553 
5466907 
5519458 
5440917 
5406803 
5417011 
5472324 
5369667 
5360189 
5336439 
5362584 
5534042 
5411751 
5484250 
5440917 
5326543 
5399408 
5468730 
5466021 
5440553 
5468990 
5417584 
5454719 
5174877 
5347116 
5303938 
5455813 
5397688 
5455553 
5360866 
5463991 
5353314 
5441646 
5398521 
5427167 
5423990 
5432532 
5381804 
5454199 
5497949 
5495188 
5310085 
5416491 
5321751 
5406127 
5312637 
5427116 
5307585 
5347325 
5270763 
5290345 
5445032 
5374928 
5432949 
5523886 
5459512 
5442533 
5448782 
5431387 
5415241 
5488938 
5404981 
5479512 
5421022 
5426856 
5426960 
5434928 
5433886 
5499876 
5389512 
5521491 
5480658 
5573782 
5547897 
5381074 
5236960 
5284095 
5298262 
5301283 
5216753 
5343054 
5402950 
5438887 
5496595 
5508573 
5385709 
5451438 
5403053 
5517063 
5407741 
5493574 
5361335 
5474303 
5455762 
5380554 
5414772 
5474668 
5429928 
5512220 
5343835 
5474043 
5427637 
5472897 
5490345 
5481282 
5411282 
5472168 
5464043 
5418001 
5348315 
5447845 
5407689 
5495344 
5485032 
5529771 
6288883 
5461855 
5419356 
5429876 
5407793 
5359981 
5276908 
5468626 
5610292 
5406022 
5420188 
5478991 
5467689 
5448939 
5424095 
5408366 
5404095 
5411595 
5485866 
5559303 
5486960 
5466751 
5347325 
5454199 
5511646 
5473157 
5434981 
5377637 
5354252 
5393678 
5440501 
5471751 
5458105 
5459616 
5385918 
5507532 
5371127 
5426023 
5433470 
5512949 
5524459 
5577115 
5341595 
5436022 
5338991 
5143992 
5155659 
5137638 
5089981 
5164564 
5061076 
5402584 
5170555 
5175190 
5109825 
5055242 
5314824 
5474615 
5366283 
5487949 
5508574 
5381543 
5467272 
5495345 
5367897 
5476126 
5387793 
5469772 
5441960 
5504563 
5350502 
5473938 
5363730 
5506959 
5486283 
5504303 
5405293 
5412584 
5445657 
5465865 
5462532 
5292637 
5315085 
5386439 
5296752 
5336595 
5236491 
5304200 
5290085 
5251127 
5400189 
5438314 
5707480 
5538574 
5407533 
5431803 
5427220 
5353262 
5289564 
5337429 
5374929 
5430293 
5384616 
5466907 
5468991 
5511074 
5410763 
5447689 
5437064 
5495241 
5379721 
5434251 
5426647 
5565501 
5496804 
5469252 
5451908 
5510605 
5458157 
5467116 
5395398 
5459616 
5413002 
5463314 
5479356 
5483522 
5446544 
5512585 
5444252 
5511491 
5358107 
5447324 
5401022 
5437637 
5394981 
5492481 
5416022 
5550293 
5480033 
5521595 
5467689 
5662793 
5377273 
5363940 
5294825 
5415971 
5442533 
5475085 
5435658 
5569095 
5376647 
5550449 
5411804 
5528522 
5434929 
5448418 
5508939 
5493731 
5507117 
5520189 
5206753 
5307325 
5314877 
5352534 
5303315 
5387273 
5392638 
5649355 
5511439 
5476804 
5324981 
5383627 
5334930 
5423731 
5401439 
5491283 
5406388 
5472533 
5366283 
5473939 
5367117 
5490866 
5385970 
5454512 
5339408 
5702271 
6011021 
5522794 
5565918 
5744615 
5562063 
5555814 
5475033 
5396909 
5444460 
5528158 
5430502 
5442324 
5492898 
5560553 
5468210 
5419356 
5410554 
5485814 
5113888 
5019878 
4958889 
5022534 
5022430 
5176908 
5016493 
5207638 
5119044 
5391804 
5347845 
5301648 
5279565 
5409773 
5356492 
5419356 
5465606 
5468523 
5388627 
5433835 
5432481 
5489356 
5339669 
6254822 
5345137 
5470189 
5351960 
5287117 
5241856 
5437637 
5469876 
5504303 
5517324 
5456595 
5386388 
5494720 
5415346 
5460502 
5329044 
5494877 
5353263 
5459252 
5415502 
5454512 
5432065 
5493157 
5470970 
5666751 
5426178 
5528782 
5349096 
5300919 
5298679 
5286179 
5276231 
5337325 
5303628 
5425242 
5496647 
