14100201 
13897575 
13824130 
13925756 
13843820 
9106335 
8813491 
8889438 
8834171 
8946735 
8699261 
8785364 
8890844 
8861049 
8827504 
8854798 
8846464 
8882093 
8382612 
8368861 
8223012 
8245567 
8245723 
8256245 
8273330 
8245462 
8265048 
8311616 
8268277 
8382144 
8202072 
8340264 
8127689 
7814948 
7792029 
7839586 
7651024 
7796300 
7749784 
7772756 
7676392 
8116439 
7640450 
7719156 
7738951 
7740096 
7727595 
7729001 
7768589 
7809739 
7758328 
7444804 
7298174 
7362608 
7360629 
7435480 
7353024 
7305779 
7274161 
7288642 
8116126 
7388444 
7299581 
7355680 
7287808 
7339637 
7384798 
7349534 
7406363 
7429385 
7298955 
7407769 
7397039 
7403186 
7437252 
7258274 
7245824 
7263587 
7369692 
7411623 
7326615 
7369015 
7218634 
7309268 
7231552 
7227646 
7245720 
7324010 
7306195 
7435534 
7602745 
7644361 
7567062 
7696451 
7626965 
7641497 
7597482 
7648946 
7634361 
7662854 
7579095 
7631340 
7590606 
7658322 
7602691 
7647436 
7613995 
7655353 
7605035 
7674365 
7597534 
7659572 
7686710 
7617693 
7552009 
7674417 
7601337 
7680981 
7643321 
7621183 
7592326 
7992525 
7670406 
7676918 
7621391 
7680720 
7689888 
7692544 
7617380 
7709213 
7605816 
7678689 
7696139 
7663583 
7704056 
7684731 
7624672 
7693639 
7707702 
7638580 
7664208 
7691658 
7664886 
7680720 
7618213 
7647748 
7636653 
7610870 
7539664 
7605035 
7600920 
7641497 
7662489 
7656968 
7604358 
7644101 
7623371 
7663323 
7545393 
7620766 
7507993 
7699837 
7556749 
7571126 
7493513 
7692336 
7517161 
7632695 
7653478 
7627850 
7586804 
7647800 
7603004 
7651290 
7560082 
7621964 
7466009 
7699941 
7649102 
7742289 
7630350 
7513619 
7643581 
7669886 
7564249 
7635976 
7587637 
7721193 
7673272 
7615245 
7625610 
7637539 
7620141 
7878710 
7789690 
7713797 
7611233 
7688586 
7621026 
8063991 
7795681 
7662750 
7654989 
7625089 
7684419 
7742602 
7694159 
7593680 
7678584 
7645612 
7848499 
7725308 
7671240 
7634622 
7607587 
7702389 
7556801 
7669469 
7647383 
7676972 
7598530 
7658953 
7661296 
7644159 
7611031 
7657286 
7622334 
7704635 
7602956 
7665984 
7635982 
7621344 
7650201 
7717136 
7699270 
7661609 
7586705 
7668276 
7649784 
7655463 
7592070 
7655567 
7576392 
7643638 
7678121 
7681559 
7597228 
7683486 
7595299 
7732867 
7634835 
7639992 
7540451 
7612073 
7640045 
7715261 
7641347 
7644524 
7592279 
7707552 
7618167 
7638586 
7558838 
7624835 
8425338 
7736253 
7633794 
7610822 
7721407 
7657911 
7586028 
7622907 
7607749 
7679007 
7610614 
7594936 
7634263 
7681455 
8037847 
7720001 
7627803 
7683538 
7680413 
7713855 
7648639 
7612489 
7635513 
7720313 
7628376 
7659525 
7603894 
7598373 
7666610 
7633950 
7577225 
7696300 
7646763 
7681923 
7698332 
7622803 
7645149 
7651139 
7612020 
7615511 
7641034 
7683174 
7572849 
7554149 
7617854 
7667964 
7591185 
7550087 
7649368 
7668224 
7533001 
7603269 
7556702 
7665776 
7666141 
7659890 
7649107 
7636554 
7600925 
7656921 
7684477 
7654630 
7604780 
7640669 
7585559 
7688904 
7436949 
7620824 
7668172 
7621657 
7626449 
7720626 
7682809 
7685622 
7609416 
7665307 
7626136 
7690779 
7630252 
7659890 
7576808 
7698488 
7619365 
7653587 
7644628 
7714375 
7594103 
7666566 
7622704 
7693702 
7579575 
7679637 
7869398 
7652968 
7235318 
7363977 
7225578 
7187292 
7609994 
7601556 
7573897 
7477480 
7478834 
7665156 
7661719 
7649843 
7619162 
7649008 
7607494 
7528632 
7573532 
7296262 
7357987 
7355852 
7274333 
7296158 
7319182 
7355591 
7300377 
7314962 
7225890 
7243340 
7254747 
7264748 
7234381 
7306420 
7361686 
7659166 
7672813 
7989827 
7691774 
7709745 
7663333 
7862834 
7642550 
7687086 
7611609 
8168753 
7920809 
7846374 
7565979 
7671616 
7623850 
7635726 
7547071 
7605619 
7627965 
7688076 
7695785 
7685419 
7704223 
7684586 
7636664 
7711933 
7595045 
7690212 
7589992 
7636091 
7654790 
7719434 
7619735 
7583377 
7603795 
7506025 
7705525 
7668595 
7545664 
7678439 
7597336 
7584627 
7558479 
7812777 
8137917 
7677242 
7515922 
7637029 
7513577 
7689743 
7711672 
7768918 
7541497 
7624787 
7682658 
7647655 
7608223 
7670313 
7500711 
7681616 
7679794 
7658333 
7622443 
7741363 
7457999 
7556655 
7523891 
7661198 
7644008 
7659218 
7662135 
7669949 
7582439 
7700160 
7754125 
7640519 
7537017 
8648493 
7672449 
7702139 
7595513 
7708442 
7641456 
7652342 
7618745 
7648280 
7647447 
7626506 
7661667 
7675993 
7601564 
7702300 
7663964 
7693602 
7566245 
7651306 
7615833 
7667454 
7592810 
7731835 
7659641 
7663234 
7604999 
7682560 
7600623 
7641461 
7618490 
7649170 
7639534 
7659223 
7603749 
7663599 
7645420 
7629220 
7625574 
7709386 
7576975 
7653234 
7568641 
7673496 
7586299 
7606770 
7964882 
7711417 
7610260 
7660526 
7557546 
7750692 
7660265 
7672089 
7610885 
7661047 
7601821 
7661464 
7618282 
7811532 
7720168 
7645577 
7500456 
7607290 
7506342 
7600675 
7613282 
7651202 
7463942 
7709646 
7586611 
7684122 
7635002 
7784602 
7546399 
7669225 
7624792 
7633179 
7576246 
7646254 
7603592 
7669850 
7587549 
7696988 
7615417 
7645055 
7617032 
7615729 
7594945 
7667454 
7600883 
7675632 
7624844 
7674225 
7672610 
7693863 
7598384 
7640107 
7613958 
7706000 
7605519 
7685476 
7580049 
7583798 
7515614 
7487642 
7383308 
7649379 
7568276 
7674329 
7567026 
7672715 
7601145 
7600154 
7607291 
7600259 
7539522 
7649066 
7607395 
7658234 
7610155 
7625470 
7555826 
7649796 
7601666 
8079270 
7752567 
7653754 
7583069 
7645681 
7565411 
7698863 
7647243 
7711677 
7690165 
7636773 
7607760 
7648702 
7637971 
7667610 
7726783 
7698967 
7555879 
7650785 
7568330 
7666628 
7596357 
7636727 
7625839 
7670845 
7621985 
7707411 
7583179 
7696941 
7657667 
7654592 
7599118 
7637247 
7636987 
7647457 
7664437 
7628705 
7566041 
7628860 
7599483 
7675064 
7637091 
7674804 
7590835 
7655999 
7575782 
7659853 
7630215 
7682148 
7664907 
7694180 
7599482 
7655583 
7659228 
7660323 
7615943 
7686784 
7634852 
7674647 
7602608 
7683867 
7668709 
7695431 
7609328 
7688659 
7604952 
7821851 
7609744 
7666313 
7606046 
7678346 
7679595 
7650113 
7585887 
7679283 
7649124 
7697514 
7658708 
8108862 
7563489 
7619016 
8461973 
7697671 
7637300 
7744395 
7663396 
7740279 
7536454 
7663604 
7544424 
7640528 
7602348 
7637143 
7577605 
7664021 
7663292 
7707828 
7573595 
7672511 
7593701 
7682513 
7595836 
7566354 
7517391 
7475876 
7395293 
7552967 
7648655 
7641622 
7614432 
7636882 
7525151 
7641727 
7561614 
7607868 
7559270 
7691055 
7642300 
7646363 
7603285 
7590731 
7599639 
7588023 
7394408 
7701264 
7689076 
7655218 
7523850 
7673710 
7546664 
7594274 
7507702 
7661885 
7631622 
7631048 
7608025 
7656885 
7680898 
7646051 
7599743 
7590263 
7584689 
7856229 
7684909 
7612817 
7624277 
7657249 
7631674 
7696993 
7681366 
7681681 
7654132 
7678454 
7646108 
7622615 
7682414 
7662255 
7931711 
7701269 
7643555 
7723199 
7619281 
7760703 
7637201 
7667516 
7646472 
7644701 
7617823 
7610061 
7675017 
7756588 
7390663 
7487392 
7186473 
7353159 
7206579 
7572140 
7568963 
7710177 
7591518 
7718407 
7680434 
7700176 
7619907 
7735805 
7638294 
7668402 
7591726 
7634388 
7661370 
7654077 
7616469 
7698144 
7638659 
7618500 
7552034 
7654077 
7596466 
7687622 
7652722 
7623969 
7577766 
7665015 
7678247 
7647514 
7628502 
7679548 
7551827 
7662203 
7602248 
7688769 
7542867 
7658973 
7573078 
7642096 
7621625 
7757057 
7631575 
7641054 
7611520 
7697051 
7543127 
7647357 
7588861 
7633502 
7591258 
7696321 
7706166 
7664339 
7576464 
7574954 
7579069 
7665797 
7531043 
7648191 
7733982 
8153351 
7664703 
7660536 
7624699 
7667568 
7631210 
7639649 
7629127 
7691321 
7529896 
7645535 
7618865 
7589018 
7524792 
7720231 
7595997 
7678559 
7659807 
7609489 
7567818 
7661630 
7524167 
7631992 
7652879 
7677621 
7593653 
7659234 
7587299 
7601675 
7585684 
7720751 
7648659 
7744764 
7604332 
7684809 
7597665 
7684862 
7656421 
7693560 
7653712 
7700645 
7658296 
7651525 
7551827 
7651942 
7624075 
7681067 
7642779 
7691222 
7587460 
8560693 
7667937 
7668406 
7569750 
7659031 
7598243 
7665021 
7592929 
7694190 
7634288 
7688044 
7610952 
7733205 
7569021 
7677575 
7644654 
7642778 
7618869 
7645904 
7604181 
7634705 
7614442 
7656270 
7660697 
7623297 
7690232 
7640018 
7629132 
7841030 
7627361 
7604545 
7648404 
7620588 
7697681 
7802223 
7566000 
7699556 
7571573 
7672573 
7635955 
7671376 
7600743 
7774565 
7606421 
7731642 
7559384 
7702629 
7945156 
8190288 
8065795 
8176484 
7978441 
7723778 
7644237 
7637101 
7602357 
7683356 
7673459 
7675491 
7638247 
7591576 
7584491 
7659239 
7553498 
7294302 
7501461 
7692108 
7665750 
7659291 
7579178 
7640227 
7610432 
7637310 
7662156 
7652415 
7654446 
7652416 
7594284 
7632830 
7621943 
7654395 
7570219 
7682314 
7622620 
7611578 
7595690 
7554488 
7503231 
7476562 
7522400 
7861136 
7695962 
7680282 
7628871 
7638559 
7651582 
7734195 
7638455 
7694503 
7618557 
7662937 
7605899 
7634184 
7556623 
7666792 
7475990 
8263004 
7611161 
7404627 
7378479 
7404002 
7129440 
7652311 
7717162 
7689034 
7666010 
7691639 
7632934 
7719298 
7587252 
7578553 
7558395 
7662261 
7637257 
7592721 
7574544 
7703835 
7586632 
7654243 
7619343 
7678308 
7558295 
7687111 
7561994 
7645388 
7619396 
7680340 
7585694 
7687685 
7662838 
7677371 
7665182 
7667839 
7658931 
7689820 
7607883 
7678048 
7597726 
7632783 
7650597 
7635648 
7672162 
7652629 
7613406 
7666536 
7621635 
7630855 
7548762 
7655702 
7580380 
7666328 
7649555 
7639606 
7659504 
7703780 
7630855 
7653983 
7648409 
7645544 
7652889 
7647628 
7594549 
7647472 
7728157 
7718052 
7579339 
7657108 
7493027 
7647264 
7613197 
7648045 
7585902 
7630126 
7538032 
7706957 
8002043 
7759203 
7631428 
7681538 
7655702 
7729408 
7674401 
7689247 
7597518 
7648045 
7446407 
7692477 
7640023 
7672423 
7655701 
7582308 
7607988 
7695290 
7620698 
7643773 
8530644 
7698571 
7588715 
7664452 
7627157 
7679141 
7633511 
7647003 
7600644 
7698728 
7685393 
7646378 
7568088 
7598820 
7635335 
7658775 
7587777 
7567359 
7461410 
7692998 
7577984 
7655545 
7612988 
7657056 
7583610 
7631532 
7566890 
7693362 
7617624 
7665442 
7509592 
7538710 
7554232 
7699144 
7546054 
7606790 
7615177 
7718521 
7659817 
7662473 
7676121 
7619187 
7644816 
7597882 
7583975 
7662994 
7653306 
7685862 
7544856 
7680080 
7694769 
7678831 
7586171 
7681283 
7606900 
7675866 
7552779 
7609191 
7725141 
8025696 
7692169 
7697222 
7647476 
14080441 
7492198 
7452142 
7465321 
7413961 
7309574 
7412763 
7442974 
7431775 
7438599 
7396667 
7311918 
7411669 
7354006 
7425525 
7556841 
7591064 
7641487 
7711181 
7552205 
7654352 
7561425 
7646851 
7609972 
7701910 
7570333 
7694565 
7512149 
7674563 
7491052 
7649560 
7598564 
7688523 
7624088 
7709203 
7569760 
7417191 
7346037 
7281341 
7485115 
7597106 
7528140 
7667843 
7614452 
7676751 
7647581 
7666489 
7628985 
7679199 
7866720 
7726808 
7644142 
7677324 
7615859 
7692794 
7641070 
7646748 
7470633 
7699305 
7618046 
7635705 
7528453 
7665708 
7554080 
7652581 
7649404 
7666958 
7611483 
7643101 
7628307 
7760771 
7639143 
7708369 
7564706 
7670448 
7612889 
7696544 
7558404 
7652113 
7594919 
7634090 
7716911 
7694826 
7598721 
7583095 
7500741 
7775616 
7615806 
7645601 
7621640 
7662635 
7625547 
7735455 
7499595 
7607160 
7589918 
7648987 
7558404 
7485688 
7463653 
7625651 
7608045 
7681127 
7630026 
7632423 
7622577 
7617213 
7628255 
7691648 
7668469 
7630287 
7718943 
7737539 
7592366 
7693523 
7674199 
7642581 
7662270 
7713421 
7740933 
7674047 
7648784 
7651440 
7616541 
7643991 
7668942 
7690507 
7634303 
7654669 
7664150 
7718687 
7636595 
7683215 
7593360 
7656857 
7565545 
7626645 
7661806 
7702383 
7551689 
7645242 
8445488 
7728323 
7586276 
7638678 
7664202 
7706707 
7596591 
7633000 
7613519 
7669098 
7643053 
7629458 
7624198 
7618572 
7655764 
7727125 
7561795 
7659097 
7625604 
7622010 
7579661 
7645763 
7656857 
7608050 
7560909 
7710197 
7617530 
7611592 
7537364 
7677954 
7646647 
7632897 
7637585 
7656336 
7621489 
7630709 
7589975 
7666546 
7652170 
7639095 
7620551 
7672328 
7629823 
7663890 
7569555 
7657899 
7615759 
7642793 
7594037 
7720875 
7650503 
7659045 
7564607 
7650868 
7658524 
7689257 
7653472 
7644252 
7636230 
7657847 
7584714 
7704311 
7515904 
7744732 
7588829 
7638418 
7757494 
7653107 
7665452 
7693476 
7617009 
7668942 
7531739 
7641231 
7571691 
7656285 
7600549 
7643001 
7875424 
7678006 
7706967 
7690767 
7591850 
7687277 
7637271 
7631959 
7625239 
7632271 
7632896 
7637689 
7522362 
7693789 
7572525 
7580547 
7639407 
7690091 
7667327 
7651753 
7523301 
7675974 
7670765 
7628834 
7597059 
7652899 
7569608 
7642220 
7620447 
7610655 
7623470 
7675513 
7646236 
7647538 
7621545 
7660717 
7617482 
7585083 
7602429 
7668530 
7648684 
7686813 
7570654 
7689782 
7671708 
7637798 
7639672 
7676552 
7654518 
7652174 
7595293 
7645298 
7650090 
7634880 
7567633 
7328126 
7160191 
7325106 
7328335 
7323803 
7268224 
7368808 
7387769 
7308020 
7307916 
7284945 
7314375 
7333648 
7286612 
7160452 
7250566 
7303437 
7319271 
7578780 
7548881 
7680510 
7619410 
7664624 
7579145 
7759738 
7608002 
7709577 
7570967 
7582114 
7595397 
7641652 
7555809 
7556225 
7578468 
7699940 
7694523 
7633943 
7620816 
7652226 
7636287 
7689731 
7615451 
7666863 
7630973 
7660092 
7635453 
7714056 
7638943 
7666603 
7580187 
7628057 
7625296 
7659206 
7601700 
7635402 
7633474 
7642225 
7587375 
7633161 
7583989 
7671134 
7589198 
7696971 
7657851 
7655039 
7589563 
7631911 
7612325 
7655977 
7630452 
7655352 
7668426 
8564465 
7544402 
7565133 
7568310 
7488822 
7345004 
7670354 
7577374 
7643840 
7566800 
7655560 
7567424 
7710514 
7679781 
7674052 
7585656 
7634308 
7621337 
7673114 
7606440 
7645090 
7650039 
7590969 
7548308 
7573311 
7626859 
7616336 
7511794 
7694210 
7559924 
7684366 
7629776 
7665978 
7588260 
7694887 
7542111 
7644941 
7586858 
7705726 
7623738 
7647022 
7546906 
7671556 
7581390 
7625822 
7628531 
7775318 
7623686 
7678067 
7559512 
7684214 
7586754 
7642646 
7601913 
7622436 
7647959 
7673327 
7703799 
7670775 
7633583 
7597746 
7581598 
7627176 
7616289 
7640615 
7604152 
7693329 
7532165 
7666764 
7606236 
7706351 
7581233 
7678588 
7614258 
7651814 
7590141 
7660512 
7640459 
7688277 
7686245 
8120670 
7645251 
8129056 
9191105 
7978257 
7661451 
7747138 
7665253 
7825063 
8044046 
8017273 
7721145 
7671712 
7630093 
7664524 
7578942 
7667128 
7657023 
7638114 
7571232 
7642334 
7609153 
7684110 
7580087 
7634728 
7611080 
7729323 
7545916 
7699059 
8005031 
8074884 
7599777 
8016387 
7422934 
7934294 
7666555 
7760629 
8061444 
8002271 
7607694 
7874965 
7594307 
7844075 
7673379 
7728802 
7729948 
7932211 
7742085 
7810530 
7279011 
7305733 
7294221 
7266614 
7261353 
7449343 
7355217 
7469032 
7572377 
7721457 
7696455 
7591182 
7630874 
7663117 
7618477 
7927522 
7623374 
7666555 
7604361 
7697080 
7670201 
7595818 
7605455 
7746096 
7660304 
7626915 
7620456 
7594932 
7542947 
7600089 
7757555 
7596026 
7445332 
7589463 
7309483 
7594829 
7357408 
7624368 
7422730 
7444347 
7483727 
7412832 
7597646 
8349034 
7986596 
8053636 
8030404 
7806472 
7348607 
7851008 
7995972 
7438825 
7868510 
7935393 
7346523 
7954353 
7568684 
7923881 
7726723 
7784594 
8555204 
7758133 
7908515 
8242407 
8235896 
7895336 
7722399 
7861322 
7663174 
7620774 
7701772 
7230677 
7259013 
7271827 
7304122 
7378506 
8060251 
7358764 
7363244 
7376734 
7285370 
7409343 
7472475 
7446326 
7353763 
7386267 
7258075 
7325271 
7309331 
7432626 
7341054 
7416948 
7272764 
7308394 
7358138 
7465026 
7486539 
7730943 
7942946 
7665414 
7629316 
7521803 
7640359 
7606292 
7592125 
7663904 
7566392 
7674738 
7499927 
7760790 
8218967 
8093328 
7959563 
7839288 
7964355 
8004932 
7913098 
8005818 
7906379 
8383622 
9020153 
8122862 
8178494 
8307936 
8056293 
8652924 
8136979 
8467121 
8276422 
8181359 
24993919 
8382997 
8170576 
8326636 
8757988 
8283871 
7960552 
8004307 
7932476 
8183390 
7995243 
7969668 
7983836 
7853769 
7989931 
8132082 
8017954 
8050406 
8012277 
7712971 
7252762 
7264222 
7398613 
7228019 
7329855 
7477007 
7274015 
7416791 
7421584 
7524564 
7400852 
7507531 
7590093 
7688233 
7633491 
7652604 
7653385 
7641874 
7552072 
7616611 
7593483 
7636665 
7624112 
7670628 
7668492 
7659689 
7647760 
7632498 
7618173 
7677243 
7676878 
7655417 
7604161 
7662085 
7659220 
7662710 
7669690 
7654375 
7584419 
7673075 
7639061 
7695630 
7553687 
7634529 
7584159 
7652032 
7595722 
7608016 
7609214 
7655053 
7664168 
7691828 
7597130 
7664898 
7599578 
7616923 
7561865 
7621559 
7612860 
7444872 
7514307 
7671773 
7696828 
7240577 
7222555 
7315899 
7226044 
7375958 
7292511 
7437840 
7499253 
7553531 
7605359 
7664168 
7625831 
7644062 
7661981 
7637968 
7555926 
7644114 
7542695 
7663491 
7578169 
7674794 
7569939 
7635884 
7628382 
7672451 
7657344 
7628904 
7579679 
7689223 
7585566 
7644687 
7606974 
7681358 
7586035 
7650104 
7595567 
7693599 
7615465 
7650886 
7624267 
8049786 
7979309 
8052130 
7883204 
8168185 
7868828 
8141463 
12390236 
8521455 
8144172 
8163862 
8337007 
8653449 
7841480 
8200532 
7669169 
7924043 
7868567 
7568115 
8176884 
7655625 
8280072 
7731676 
7983789 
14109706 
20656661 
8146047 
8025199 
8563126 
8259967 
8638656 
19779893 
7914927 
7975090 
8405036 
8040988 
8379152 
7758350 
7726628 
7572130 
8583915 
7867529 
8032653 
7838620 
7554316 
7865133 
7709439 
7850340 
7957593 
7523583 
9125385 
7678497 
10190977 
7782468 
8612772 
15303395 
8046666 
18782861 
11931075 
25104587 
7449877 
8236010 
8037862 
8250803 
10910539 
7992180 
10496637 
21287163 
7707876 
11825073 
7753819 
8476506 
7897169 
8231114 
7678341 
7911806 
9018445 
8473069 
7841381 
8300705 
8094744 
7916546 
8921142 
7661724 
8798055 
7905190 
8272472 
8194235 
7724649 
8219342 
8321489 
7896595 
7800907 
7703812 
7976345 
7711783 
8119329 
8303987 
8101620 
8184546 
8083388 
8135477 
7965666 
7858310 
7950664 
7791115 
7881333 
7897377 
8352274 
7777363 
7757152 
7738140 
7678393 
7632763 
7699125 
7626043 
7603228 
7576923 
7678654 
7659328 
7715585 
7583642 
7644118 
7518792 
7588279 
7494517 
7810336 
7787208 
7620938 
7606040 
7653599 
7566245 
7626824 
7701729 
7706625 
7581507 
7716158 
7702355 
7677820 
7660110 
7674538 
7735952 
7698031 
7719857 
18401411 
8025204 
7823357 
7697041 
7894460 
7841224 
7782051 
7726994 
7831228 
7673553 
7828571 
8051514 
7627559 
7557758 
7569113 
7675220 
7692409 
7634173 
7681366 
7631621 
7682200 
7669542 
7678710 
7621724 
7647196 
7594377 
7631673 
7485771 
7503169 
7460820 
7682460 
7620734 
7575105 
7585470 
7682200 
7659750 
7647665 
7647873 
7677304 
8069694 
7503793 
7363152 
7397844 
7215375 
7569010 
7375758 
7538069 
7555102 
7702567 
7655531 
7680794 
7572343 
7683919 
7599273 
7649228 
7673293 
7764918 
7752416 
7700431 
7590627 
7783930 
7603284 
7713558 
7881234 
7664177 
7631830 
7732258 
7958534 
7691784 
7635216 
7605264 
7587084 
7678189 
7594481 
7712048 
7614223 
7641831 
7604899 
7659489 
7584272 
7693660 
7588126 
7686888 
7658603 
7701421 
7562134 
7641466 
7716787 
7687356 
8424631 
7713818 
7645893 
7711370 
7672876 
7917749 
7811590 
7979318 
7864201 
7803047 
7577813 
7804662 
7736946 
7926083 
7854460 
7802683 
7619745 
7609587 
7622818 
7682773 
7629851 
7676262 
7483062 
7628080 
7624693 
7680481 
7626829 
7661312 
7588179 
7606253 
7610056 
7663760 
7597711 
7693138 
7676158 
7674543 
7569010 
7667198 
7603180 
7731320 
7618235 
7648550 
7634694 
7718611 
7589064 
7751583 
7572968 
7690742 
7577865 
7688871 
7660119 
7673089 
7601935 
7577140 
7656992 
7598914 
7586516 
7658712 
7613967 
7629073 
7647148 
7654961 
7647513 
7688247 
7602300 
7650326 
7648242 
7697050 
7654076 
7692674 
7598757 
7666421 
7587662 
7657462 
7652722 
7683299 
7622354 
7733617 
7646210 
7724136 
7647721 
7709447 
7629646 
7739919 
7578963 
7697102 
7625687 
7639908 
7666473 
7700748 
7659702 
7675276 
7628604 
7746379 
7670016 
7671265 
7542084 
7652774 
7630271 
7793415 
7641679 
7656055 
7606623 
7677673 
7688611 
7722938 
7651420 
7632094 
7631625 
7821283 
7635845 
7671526 
7695330 
7658712 
7676995 
7711166 
7665067 
7713302 
7631678 
7690018 
7452750 
7626260 
7695539 
7635636 
7610581 
7635428 
7580369 
7704707 
7637512 
7679235 
7589433 
7654076 
7844151 
7703145 
7659701 
7665432 
7656681 
7678298 
7641574 
7656368 
7612300 
7671890 
7656264 
7640689 
7591985 
7587245 
7637615 
7651420 
7584902 
7708093 
7571410 
7732262 
7608445 
7627302 
7598341 
7713354 
7653972 
7668140 
7641522 
7665431 
7603341 
7717938 
7598079 
7673974 
7736377 
7661629 
7651836 
7825242 
7594642 
7615634 
7598236 
7649753 
7644596 
7796228 
7683767 
7683455 
7630375 
7678558 
7628864 
7650222 
7592042 
7670957 
7677417 
7658507 
7690647 
7632515 
7593240 
7682834 
7665175 
7554953 
7474216 
7520835 
7670020 
7673718 
7624338 
7640225 
7560580 
7656581 
7629755 
7662258 
7630171 
7684813 
7688824 
7635380 
8433391 
7680281 
7607564 
7652465 
7672416 
7654601 
7598189 
7697679 
7605897 
7695387 
7566049 
7710754 
7587249 
7657362 
7660175 
7666843 
7581416 
7647100 
7596573 
7617253 
7620951 
7626317 
7596365 
7686324 
7636057 
7746174 
7639443 
7692471 
7639182 
7678041 
7621837 
7642568 
7648976 
7652309 
7619024 
7596626 
7636786 
7684865 
7615013 
7679968 
7594594 
7687990 
7635745 
7598084 
7588551 
7631577 
7606210 
7662362 
7567872 
7624702 
7530576 
7657727 
7641318 
7712420 
7594073 
7649392 
7631838 
7641683 
7601262 
7640746 
7559017 
7628817 
7494217 
7666999 
7593188 
7677937 
7690856 
7640537 
7658456 
7685438 
7598657 
7661477 
7559069 
7710546 
7518491 
7665956 
7576519 
7680542 
7668405 
7610898 
7607095 
7480309 
7443222 
7547089 
7829830 
7625014 
7696481 
7656164 
7598345 
7640954 
7511147 
7583863 
7637828 
7640589 
7705336 
7679187 
7622930 
7631421 
7585530 
7639755 
7583239 
7677313 
7597668 
7671531 
7651736 
7622254 
7644811 
7665231 
7566366 
7674087 
7634394 
7666846 
7597671 
7675181 
7576262 
7636999 
7569908 
7703361 
7652157 
7706330 
7431870 
7620122 
7556833 
7627414 
7603714 
7611423 
7550322 
7684140 
7657366 
7648042 
7588452 
7665179 
7600745 
7697527 
7576992 
7636843 
7581628 
7628977 
7677264 
7667159 
7619653 
7660491 
7649344 
7695652 
7626217 
7650595 
7588608 
7673983 
7641530 
7661846 
7610746 
7653407 
7551989 
7654970 
7559281 
7677160 
7604755 
7679244 
7673670 
7688464 
7616632 
7663877 
7694714 
7715654 
7602568 
7652730 
7585378 
7701017 
7641635 
7643302 
7632623 
7642573 
7584180 
7651688 
7692266 
7624133 
7603557 
7622726 
7636582 
7651063 
7586160 
7691589 
7615069 
7563917 
7547405 
7702371 
7619341 
7668930 
7591785 
7695235 
7605224 
7677733 
7621476 
7650178 
7665284 
7689870 
7636894 
7671899 
7596421 
7685755 
7631061 
7628925 
7695131 
7657887 
7612413 
8450481 
7675493 
7650490 
7613454 
7573450 
7578659 
7507869 
7421661 
7673045 
7645177 
7622987 
7597202 
7656897 
7666534 
7658200 
7614288 
7591942 
7575950 
7641009 
7615017 
7820771 
7624810 
7659241 
7586994 
7650907 
7545061 
7577773 
7610068 
7658616 
7629602 
7694141 
7646532 
7674504 
7608875 
7765925 
7612052 
7692271 
7568818 
7691229 
7584653 
7662579 
7616740 
7633096 
7638513 
7640545 
7636898 
7647108 
7405309 
7312641 
7139808 
7253312 
7380514 
7367075 
7457346 
7537200 
7543450 
7622626 
7609916 
7638930 
7584133 
7664089 
7666434 
7649453 
7654037 
7659558 
7628043 
7722065 
7574600 
7691541 
7645181 
7619658 
7579444 
7658777 
7629867 
7683154 
7660965 
7688260 
7640389 
7582049 
7620699 
7704094 
7697114 
7646067 
7690916 
7652995 
7617573 
7674820 
7604395 
7706803 
7564026 
7634816 
7657995 
7683415 
7601322 
7640961 
7857863 
7569860 
7660704 
7698729 
7643462 
7558661 
7610124 
7715658 
7597415 
7616636 
7493340 
7526521 
7532928 
7665496 
7701698 
7746079 
7622314 
7742537 
7485892 
7652004 
7598248 
7691905 
7608979 
7576215 
7624866 
7676955 
7643306 
7683259 
7649400 
7696958 
7667372 
7669299 
7621011 
7633149 
7620908 
7664298 
7650807 
7628148 
7618824 
7670809 
7609343 
7610021 
7597051 
7530376 
7584705 
7630075 
7622627 
7610437 
7927923 
7677737 
7717481 
7654922 
7659766 
7663360 
7629189 
7662110 
7611480 
7671695 
7588091 
7683206 
7724722 
7660183 
7578298 
7653203 
7572464 
7669142 
7593977 
7594394 
7598041 
7648884 
7618307 
7686805 
7635757 
7646487 
7617630 
7641696 
7594554 
7680085 
7605024 
7667688 
7644195 
7697483 
7564707 
7563925 
7554549 
7627162 
7595336 
7646175 
7533505 
7714881 
7551059 
7678262 
7631069 
7692431 
7598460 
7663417 
7619349 
7668209 
7621589 
7670761 
7584761 
7680346 
7644091 
7711652 
7599920 
7723267 
7601117 
7616379 
7547205 
7619818 
8470856 
7597002 
7628673 
7611067 
7605337 
7679929 
7732748 
7706547 
7680658 
7667114 
7656697 
7633569 
7618203 
7577521 
7592001 
7694254 
7573353 
7723736 
7680502 
7698473 
7633048 
7633569 
7592106 
7657218 
7605024 
7645654 
7542933 
7563352 
7655239 
7657165 
7636330 
7643466 
7548090 
7741967 
7547673 
7646592 
7579969 
7617890 
7583563 
7637684 
7622839 
7576947 
7624558 
7754677 
7634402 
7695764 
7608879 
7677637 
7639768 
7676752 
7625964 
7592626 
7674355 
7654665 
7674251 
7629715 
7533713 
7641330 
7672845 
7664719 
7616328 
7654770 
7669354 
7662583 
7663885 
7606118 
7481155 
7719152 
7640497 
7641643 
7623203 
7654562 
7639663 
7692222 
7612265 
7704776 
7596846 
7713266 
7665240 
7652686 
7664093 
7656696 
7590907 
7796401 
7825415 
10938704 
9267254 
8247758 
14832406 
8496489 
7980229 
7658316 
8100400 
8036955 
8335012 
9255591 
7910846 
9108646 
9478846 
8301830 
7897095 
7589557 
8071334 
8396113 
8286673 
7579140 
8016484 
7479857 
7680871 
8059874 
7432559 
8337720 
11898721 
8303758 
7931525 
8364546 
8902684 
8161605 
11101125 
8010910 
7911836 
7946371 
7791040 
7724470 
7733533 
7788332 
7807032 
7743638 
7793853 
7734366 
7732491 
7679620 
8274171 
7959862 
7835421 
8080867 
8068573 
7610914 
8394654 
7820939 
7388544 
8226769 
7890166 
7808125 
8107641 
7481367 
8432419 
8400697 
8088003 
8538317 
8027371 
8581603 
9593444 
8557955 
8185566 
14571854 
7722438 
7860163 
7512882 
11135348 
9015093 
7586067 
7710874 
7784633 
8292194 
7779840 
8208954 
8822206 
7862611 
8059041 
8708130 
8155355 
8234895 
8263962 
7954706 
7860007 
7851932 
7955486 
7651961 
7573045 
7760255 
7451989 
8297195 
7717541 
7370781 
7804636 
7316504 
8224790 
8070240 
7967468 
7932098 
7602580 
7989709 
7777288 
7527779 
8247033 
7652429 
7807292 
8070709 
9153495 
7923087 
7553512 
8485915 
8076127 
8691513 
8783087 
7509391 
8302664 
7825054 
7990910 
8295011 
7902724 
7930071 
7566278 
7453972 
7261553 
7100232 
7295359 
7589092 
7561068 
7532055 
7738537 
7624722 
7675717 
7658841 
7652538 
7706815 
7659882 
7592427 
7659622 
7693115 
7640766 
7628629 
7675405 
7464286 
7684000 
7619981 
7542107 
7621231 
7698794 
7764010 
7711972 
7678531 
7718691 
7647068 
7645349 
7689313 
7663841 
7663789 
7564662 
7779532 
18754918 
7696502 
7783751 
7498509 
7541014 
7556745 
7573726 
7436782 
7930228 
19814317 
7781042 
7804066 
7564455 
7430376 
7422666 
7251083 
7333333 
7403393 
7306506 
7169824 
7328696 
7230663 
7271710 
7234206 
7349012 
7420791 
7470224 
7501113 
7461056 
7297234 
7398184 
7225038 
7299214 
7350365 
7350991 
7279732 
7482413 
7614460 
7380161 
7293328 
7307809 
7238165 
7301141 
7288170 
7579612 
7608105 
7700303 
7653840 
7708795 
8268810 
7781408 
7984766 
7770990 
7687021 
7981066 
7573518 
8315534 
7497675 
7789220 
8207240 
7819745 
9550319 
7623992 
7572007 
7569871 
7433501 
7515594 
7414696 
7575862 
7515333 
7456004 
7348178 
8143795 
10113042 
13222688 
7934446 
8407993 
12593134 
14448774 
7759373 
7409123 
7093095 
7393653 
7455223 
7304009 
7376205 
7369069 
7241762 
7349380 
7266089 
7492678 
7268432 
7278381 
7289477 
7264422 
7272235 
7298697 
7329950 
7312656 
7278798 
7447464 
7500075 
7440589 
7412565 
7935648 
7503200 
8039619 
7892726 
7654261 
7305729 
8365544 
7351671 
7353078 
7304531 
8234539 
7300050 
7474499 
7790943 
7790839 
7822406 
7746615 
7572636 
7785735 
7626288 
7853086 
7924554 
7946014 
7687129 
7733176 
7707340 
7895435 
7929137 
7804070 
7718956 
7642228 
7600608 
7732916 
7749064 
7543935 
7465227 
7695411 
7599306 
7703693 
7914135 
7770368 
7950599 
7832094 
7711611 
7864442 
7964611 
7724269 
7732707 
7601702 
7582585 
7614307 
7601598 
7612589 
7677961 
7613943 
8440033 
7619152 
7636029 
7651552 
7623319 
7681555 
7691400 
7724113 
7650041 
7617329 
7632070 
7642644 
7643321 
7684368 
7648634 
7633894 
7650771 
7637591 
7663949 
7714163 
7675200 
7689681 
7625351 
7654834 
7641811 
7668064 
7606650 
7704788 
7604984 
7641446 
7658115 
7718643 
7592638 
7680045 
7547633 
7519660 
7573365 
7680879 
7600295 
7631185 
8028785 
7689369 
7603056 
7519088 
7671814 
7706402 
7657386 
7616391 
7558832 
7693432 
7586753 
7635091 
7583106 
7625143 
7628060 
7542841 
7626085 
7637543 
7630303 
7644888 
7621343 
7683330 
7586704 
7645618 
7640773 
7655150 
7582224 
7624417 
7411734 
7604363 
7610040 
7703906 
7605404 
7595038 
7604571 
7647857 
7577901 
7693435 
7665151 
7680361 
7525133 
7723596 
7591340 
7670360 
7581547 
7731357 
7662703 
7607539 
7478618 
7699635 
7455594 
7681142 
7673173 
7678330 
7608269 
7651504 
7608269 
7695779 
7564618 
7595716 
7576390 
7677183 
7623843 
7669683 
7577223 
7644679 
7647336 
7635512 
7680361 
7739847 
7675413 
7637231 
7592017 
7700884 
7611394 
7652076 
7647857 
7674839 
7728596 
7661452 
7606238 
7747973 
7637178 
7586339 
7565139 
7568628 
7634939 
7652181 
7604362 
7592017 
7639210 
7671662 
7608164 
7648222 
7648378 
7661713 
7596444 
7658744 
7613426 
7678069 
7624417 
7706927 
7565035 
7656191 
7634835 
7704114 
7620145 
7667756 
7578890 
7608217 
7577067 
7649576 
7674319 
7704583 
7723439 
7610040 
7538156 
7684893 
7658796 
7671610 
7581390 
7653014 
7643325 
7685258 
7597278 
7653639 
7559982 
7620302 
7538521 
7624104 
7769070 
7745681 
7584985 
7661921 
7657806 
7749797 
7639523 
7626240 
7610040 
7703646 
7639106 
7765267 
7575765 
7643325 
7664526 
7674736 
7675308 
7638742 
7598168 
7660883 
7696617 
7676562 
7612440 
7633849 
7563216 
7728860 
7583166 
7666509 
7532378 
7756259 
7660415 
7716880 
7575821 
7542119 
8432748 
7626504 
7658435 
7767302 
7695731 
7659998 
7643225 
7313914 
7508001 
7654112 
7584207 
7706098 
7648277 
7580613 
7582436 
7607491 
7674948 
7658540 
7581811 
7655414 
7554412 
7627286 
7643433 
7645569 
7656612 
7613847 
7592072 
7655049 
7696512 
7633276 
7723338 
7604262 
7666769 
7666821 
7651143 
7711723 
7593271 
7647809 
7590875 
7652341 
7667291 
10420231 
7793399 
8188969 
7924613 
7906434 
18737600 
8016865 
8070621 
8071558 
7467891 
8838475 
7522429 
7692450 
7495239 
7518157 
7969358 
9887666 
8180374 
10563165 
8926298 
39746155 
23204864 
19735431 
12493713 
9179975 
7314695 
7598011 
7494040 
7773293 
7662290 
7714275 
7655205 
7688543 
7644996 
7661509 
7619107 
7675521 
7649632 
7695158 
7587489 
7757926 
7656820 
7698909 
7622337 
7642496 
7409602 
7668123 
8341435 
7840697 
7628119 
8035929 
7629578 
8013270 
8028271 
7713182 
7590874 
7437314 
7606397 
7648225 
7367671 
10770692 
9372816 
15277810 
8163136 
7705580 
7952381 
21809757 
8074427 
7925659 
7927534 
8096721 
7983948 
8034996 
8103076 
8528493 
7974987 
7543373 
7664950 
7536809 
7969571 
16400604 
9938145 
8390039 
7988844 
8215851 
8099483 
8230019 
7909199 
7797466 
7588898 
7938369 
8013169 
7465082 
8649602 
8202099 
8305966 
8390247 
8462443 
7873882 
7229949 
7443308 
7810645 
7427785 
7976238 
8770138 
8211839 
8194182 
8553392 
8368213 
7878622 
8031453 
8206318 
7789600 
8215486 
7716571 
8477238 
7895551 
8497291 
7623018 
8394154 
8296954 
16074002 
7848254 
7528735 
10701728 
10311420 
9609615 
18287345 
7621038 
7478520 
7737355 
7868204 
7536393 
7641666 
7572751 
8091669 
7456487 
7487637 
7562855 
7785746 
7705736 
7747356 
7646563 
16545622 
37667221 
34114754 
55055186 
18875855 
8183972 
8270857 
8261325 
8410249 
7868621 
8031036 
7812155 
7936181 
7918887 
7803300 
8001450 
7877632 
7852681 
8120110 
8057915 
8257161 
14167681 
7755121 
7672037 
7407787 
7366427 
7402994 
7460345 
7265165 
7362416 
7329495 
7737671 
7891128 
7726575 
7530927 
7552075 
7540407 
14086629 
7774551 
8076619 
8048959 
7840183 
7949364 
7982180 
7811013 
9018037 
10769815 
7856800 
7743296 
8269924 
7835912 
8495212 
8252422 
8191425 
7731107 
7605363 
7527437 
7493787 
7613280 
7530406 
7884928 
7961552 
8003798 
7803356 
7922798 
8039323 
8496983 
8846140 
10943222 
8666588 
8017445 
9220822 
7665891 
7929725 
7762882 
8426193 
7708917 
7775332 
8130272 
7632293 
8006506 
8171474 
15620100 
9099349 
7710740 
7421903 
7381013 
7439666 
7381377 
7417892 
7372261 
7845861 
8075942 
7734025 
7864926 
7719075 
7778405 
7729753 
7764757 
7874459 
7491078 
7472325 
7526864 
7608905 
7525666 
7602393 
7580152 
7676830 
7680945 
7707250 
7311889 
7738765 
7436227 
8053595 
7529937 
7817055 
7773821 
7741265 
9143208 
7349081 
7289907 
7353093 
7324026 
7313973 
7289126 
7313035 
7050138 
7387940 
7225576 
7234224 
7306785 
7231202 
7271051 
7264540 
7423361 
7364292 
7267248 
7359343 
7353457 
7325745 
7225421 
7348196 
7549783 
7692561 
7452219 
19703159 
8007291 
7917488 
7949315 
7790494 
7740747 
7846750 
7760438 
7805599 
7796848 
7851908 
7815549 
16213669 
7968276 
7809142 
7706629 
7707410 
7965254 
7839354 
7634797 
7824351 
7559892 
7813674 
7646205 
7729340 
7973902 
7739914 
7733195 
7777523 
7844198 
7993435 
7855554 
7789035 
7507021 
7657665 
7691523 
7688606 
7600938 
7641881 
7483164 
7901549 
7758927 
7516189 
7627036 
7792265 
7625264 
7767313 
7608544 
8306234 
9457626 
18511401 
7804245 
8652527 
8336290 
8161269 
7767366 
7784711 
7442221 
9878303 
7611826 
7780648 
7628703 
7514001 
7433158 
8066101 
7639538 
7537962 
7440658 
7483893 
7872743 
7555308 
7461547 
8206952 
7651674 
8078081 
15833726 
8228204 
7822268 
8037139 
7957806 
7928688 
9022937 
7822789 
7903424 
7566924 
7390235 
7448992 
7354398 
7482695 
7342782 
8055161 
7893059 
8055891 
7842635 
7803151 
7741946 
7714807 
7704493 
7741165 
7703972 
7833988 
7655842 
7798151 
7678032 
8164602 
8097980 
7733924 
7783565 
9497527 
7590677 
9128315 
7240894 
7567653 
7432584 
8010468 
7463630 
7793410 
7407634 
7381745 
7313143 
7425136 
7270481 
7352314 
7292985 
7319502 
7274808 
7319449 
7150470 
7530465 
7767369 
7786746 
7836648 
7845869 
7824512 
7869465 
7839670 
7935515 
7879310 
7779662 
7824928 
7916867 
7827012 
7894573 
7899208 
8022088 
7803884 
7752471 
8315875 
7877747 
7662460 
7794976 
7626571 
7726166 
7952340 
7617716 
7615996 
7705070 
7562917 
7597452 
7586097 
7684077 
7687308 
7700590 
7602348 
7673451 
7637926 
7758774 
7635061 
7649542 
7638030 
7623445 
7509108 
7628550 
7569845 
7713300 
7633915 
7724551 
7732156 
7698975 
7684807 
7714342 
7628289 
7723614 
7653761 
7756482 
7694183 
7719811 
7622091 
7804249 
7621465 
7736689 
7668190 
7701215 
7682358 
7714967 
7660324 
7670950 
7631051 
7714966 
7663450 
7680536 
7541560 
7695277 
7665065 
7647979 
7579429 
7691422 
7628862 
7673347 
7588128 
7725958 
7645740 
7774245 
7510150 
7670951 
7675014 
7720385 
7576356 
7662252 
7577762 
7718718 
7617872 
7715019 
7708716 
7749138 
7621778 
7673139 
7628550 
7662512 
7753148 
7600526 
7937130 
7634540 
7566615 
7558646 
7573907 
7865662 
7658554 
7700225 
7526298 
7636936 
7507650 
7728770 
7641052 
7849410 
7637353 
7911918 
7894625 
7967603 
7891864 
7873581 
7855245 
7907543 
7843733 
7846029 
7828214 
7923642 
7894315 
7778989 
7774145 
7779510 
7657827 
7718877 
7629074 
7671476 
7625532 
7649181 
7692467 
7721012 
7697520 
7725805 
7660433 
7722732 
7611936 
7635481 
7651733 
7688196 
7628605 
7728774 
7601622 
7686686 
7657984 
7663349 
7566358 
7667933 
7688821 
8538718 
7635221 
7551617 
7622563 
7665277 
7601987 
7671891 
7608550 
7743933 
7582245 
7701792 
7622354 
7686581 
7620896 
7752579 
7592559 
7669808 
7621209 
7474524 
7676737 
7689237 
7729243 
7682258 
7868739 
7694812 
7670798 
7669184 
7620479 
7694604 
7640534 
7727159 
7644441 
7693926 
7600008 
7605426 
7648399 
7790605 
7582037 
7675955 
7698250 
7643815 
7578078 
7609593 
7928955 
7807743 
7770394 
7793678 
7776228 
8129918 
7796490 
7920933 
7693405 
7692207 
8102206 
7823786 
7406443 
7422174 
7297835 
7247985 
7441968 
7593966 
7585215 
7749089 
7617458 
7663557 
7591465 
7729503 
7578495 
7652515 
7621365 
7694656 
7676372 
7664287 
7577089 
7701270 
7640534 
7661943 
7591621 
7695228 
7697729 
7655119 
7620323 
7613552 
7665068 
7520363 
7598757 
7689811 
7737994 
7676997 
7619385 
7595477 
7518383 
7693718 
7589381 
7714085 
7607665 
7678403 
7584434 
7663979 
7596730 
7668041 
8140079 
7985685 
7675385 
7667884 
7617722 
7706118 
7618034 
7683407 
7605012 
7649861 
7716119 
7645643 
7628297 
7699660 
7620482 
7668093 
7568965 
7727631 
7624910 
7681896 
7614023 
7727840 
7637776 
7725548 
7669916 
7694919 
7598032 
7668458 
7633140 
7674761 
7605429 
7684866 
7625535 
7630900 
7609648 
7677990 
7675281 
7693721 
7640381 
7653768 
7611159 
7628400 
7515834 
7688356 
7668770 
7647204 
7652622 
7694762 
7500208 
8053453 
7960733 
8063194 
7861606 
7897132 
7756906 
7965057 
7967140 
8024179 
7971933 
8016366 
7863534 
7987924 
8314736 
8149872 
7699034 
7698409 
7617565 
7705442 
7624598 
7738727 
7631214 
7641475 
7617097 
7677365 
7609127 
7670020 
7614805 
7635849 
8089082 
7649028 
7554954 
7641736 
7566778 
7734768 
7615898 
7657466 
7611367 
7684918 
7583499 
7656581 
7569695 
7668457 
7677834 
7710911 
7631630 
7685856 
7583655 
7681428 
7605481 
7685491 
7651841 
7617775 
7605169 
7660905 
8481424 
7695649 
7650903 
7697211 
7658873 
7722110 
7621525 
7690804 
7614857 
7667103 
7595688 
7647622 
7655435 
7555318 
7448430 
7689554 
7569539 
7679084 
7595219 
7566205 
7648507 
7618920 
7596001 
7698257 
7604493 
7733781 
7642468 
7676535 
7639083 
7687787 
7575272 
7616215 
7615069 
7690286 
7668149 
7692734 
7585794 
7640020 
7635748 
7658720 
7588139 
7652001 
7546049 
7660230 
7589024 
7655751 
7638144 
7660387 
7609027 
7662367 
7661950 
7601942 
7776495 
8186234 
7689140 
7734355 
7613402 
7698620 
7697267 
7680233 
7607412 
7591629 
7570115 
7662314 
7655595 
7687577 
7702944 
7665023 
7600379 
7614756 
7657417 
7683306 
7667940 
7664293 
7509899 
7691901 
7636165 
7851140 
7529172 
7519172 
7412752 
7628976 
7645385 
7638666 
7641426 
7643197 
7550008 
7667315 
7603557 
7660178 
7570167 
7709299 
7603557 
7606474 
7608454 
7583658 
7480989 
7758524 
7637155 
7727114 
7569907 
7644812 
7564229 
7670961 
7601264 
7656064 
7659397 
7681483 
7592670 
7674555 
7591733 
7695131 
7669086 
7693360 
7624081 
7684661 
7639915 
7657366 
7614183 
7622934 
7666325 
7677785 
7625174 
7651792 
7561833 
7678358 
7644343 
7669555 
7561104 
7646166 
7565531 
8168992 
7620902 
7742741 
7640124 
7690755 
7600327 
7721436 
7662105 
7670961 
7599389 
7656011 
7613610 
7608662 
7539382 
7686275 
7630071 
7658824 
7712998 
7713623 
7669399 
7635697 
7636270 
7657836 
7562357 
7615124 
7595695 
7678257 
7614082 
7666901 
7561836 
7710448 
7613509 
7672788 
7570640 
7640179 
7606946 
7675912 
7600487 
7681122 
7560013 
7656535 
7578505 
7662682 
7591996 
7650076 
7550324 
7687581 
7635126 
7669558 
7609133 
7691592 
7616166 
7717429 
7602883 
7638773 
7571369 
7737483 
7621114 
7620906 
7561315 
7646586 
7597569 
7625698 
7651274 
7713157 
7617833 
7642263 
7618146 
7705448 
7613509 
7608926 
7639815 
7599914 
8400796 
7623041 
7581422 
7662526 
7826036 
7720658 
8010434 
7636169 
7678934 
7689508 
7551053 
7667787 
7549283 
7661015 
7595903 
7658254 
7692999 
7718002 
7591787 
7673673 
7616791 
7664765 
7624865 
7689665 
7569441 
7659505 
7611998 
7641117 
7634033 
7705969 
7553397 
7685810 
7618874 
7613822 
7581005 
7684247 
7619656 
7632001 
7682007 
7712585 
7637158 
7704563 
7634657 
7665131 
7642888 
7693051 
7596163 
7683101 
7612675 
7681695 
7638773 
7672683 
7651066 
7614916 
7608040 
7620542 
7584651 
7621375 
7599029 
7664714 
7589495 
7729826 
7603300 
7692947 
7557616 
7604446 
7581735 
7656379 
7602414 
7633304 
7655442 
7651691 
7485107 
7731233 
7867864 
7643721 
7601580 
7669662 
7534385 
8079403 
7841562 
7665082 
7623618 
7657476 
7940949 
7756968 
7657477 
7687949 
7643881 
7636015 
7676698 
7713734 
7638411 
7649559 
7573455 
7627942 
7607313 
7597365 
7647528 
7611793 
7636015 
7629661 
7583300 
7640339 
7573142 
7621951 
7635651 
7658257 
7619086 
7691387 
7569548 
7680500 
7558870 
7661226 
7527043 
7612783 
7627576 
7682792 
7591114 
7668884 
7643620 
7705972 
7606585 
7646694 
7567674 
7664769 
7606793 
7638568 
7618617 
7649454 
7622941 
7654090 
7616378 
7703993 
7677219 
7842968 
7628045 
7693366 
7651330 
7697012 
7492299 
7597937 
7487455 
7484642 
7473755 
7653517 
7620544 
7664300 
7588301 
7681177 
7653414 
7649298 
7606793 
7711546 
7628983 
7660341 
7585748 
7698680 
7601011 
7674197 
7534909 
7627524 
7562465 
7901622 
7677062 
7719307 
7637057 
7681646 
7630494 
7684355 
7595385 
7654976 
7627525 
7639557 
7636172 
7706754 
7604657 
7671072 
7605334 
7635963 
7533347 
7615492 
7602886 
7712275 
7576373 
7716234 
7584134 
7633410 
7651069 
7624816 
7622108 
7642005 
7692793 
7605178 
7603303 
7636120 
7652788 
7644974 
7753634 
7823643 
7605282 
7666019 
7543191 
7660915 
7642058 
8850960 
7622316 
7681385 
7622784 
7658102 
7640811 
7658625 
7599764 
7685504 
7624247 
7692276 
7640967 
7685295 
7586429 
7687952 
7598410 
7628361 
7572521 
7678264 
7607630 
7680816 
7623934 
7691963 
7639508 
7682639 
7586117 
7695922 
7569760 
7682014 
7615443 
7689827 
7622371 
7614453 
7582261 
7639248 
7623621 
8210622 
7685504 
7727697 
7659980 
7660188 
7609088 
7684878 
7624298 
7719935 
7624975 
7692588 
7657063 
7711653 
7620079 
7673575 
7668731 
7668418 
7613151 
7674201 
7576324 
7710299 
7530536 
7689254 
7570906 
7787965 
7713840 
7685921 
7618725 
7635393 
7512722 
7739104 
7572834 
7689567 
7608150 
7719675 
7536787 
7707121 
7645968 
7698630 
7682587 
7656229 
7626277 
7610286 
7566322 
7682847 
7646020 
7671075 
7587002 
7665240 
7707069 
7683212 
7610130 
7659875 
7603150 
7673420 
7648468 
7648260 
7603931 
7622475 
7555383 
7593722 
7482718 
7645342 
7649822 
7629872 
7334418 
7592263 
7282224 
7300664 
7315613 
7397446 
7348846 
7417865 
7258627 
7365984 
7375882 
7322437 
7307956 
7414949 
8149104 
7697484 
7607786 
7719154 
7599347 
7629350 
7617787 
7692901 
7554185 
7692432 
7662480 
7711133 
7658157 
7703632 
7542465 
7496001 
7579866 
7663053 
7611224 
7676752 
7582418 
7674409 
7636491 
7654721 
7665869 
7674568 
7586172 
7635240 
7598673 
7644460 
7662379 
7634771 
7624562 
7681913 
7641700 
7728325 
7642689 
7644043 
7655711 
7703217 
7607945 
7689205 
7567783 
7639407 
7642846 
7674985 
7584036 
7666754 
7540176 
7691237 
7555126 
7611227 
7611643 
7646596 
7611435 
7675558 
7615551 
7769893 
7617217 
7643783 
7646804 
7654148 
7607112 
7668943 
7604924 
7672641 
7545177 
7674099 
7652742 
7720511 
7588411 
7742233 
7642741 
7696967 
7600965 
7670088 
7637011 
7740983 
7627687 
8025133 
7735826 
7706603 
7667067 
7640502 
7651440 
7693268 
7616175 
7709729 
7573097 
7722439 
8813254 
7569451 
7673214 
7652586 
7592319 
7518559 
7493191 
7586328 
7544968 
7633469 
7679048 
7651440 
7609872 
7641022 
7640398 
7679672 
7617269 
7602371 
7596121 
7635969 
7621384 
7709208 
7614353 
7638262 
7658942 
7657534 
7662796 
7730878 
7693581 
7588047 
7599246 
7663108 
7678163 
7662796 
7636855 
7657431 
7625864 
7636438 
7610497 
7715563 
7656389 
7579869 
7526320 
7611643 
7477721 
7542676 
7558928 
7609560 
7651441 
7692278 
7633938 
7603049 
7542624 
7587890 
7641856 
7682486 
7544604 
7773748 
7561064 
7712803 
7633313 
7541792 
7491007 
7615970 
7559557 
7628940 
7633160 
8272095 
7997112 
7701346 
7610918 
7574402 
7578413 
7704210 
7558046 
7674467 
7568829 
7657069 
7669101 
7664414 
7590081 
7732183 
7670248 
7706971 
7645765 
7669935 
7634409 
7626909 
7595238 
7630294 
7676342 
7732026 
7681916 
7639410 
7630451 
7762291 
7600500 
7725099 
7649828 
7696553 
7654151 
7639984 
7588311 
7634305 
7645713 
7692958 
7483870 
7610449 
7497309 
7683530 
7564037 
7746090 
7634462 
7636910 
7443448 
7675144 
7628993 
7757654 
7629930 
7699106 
7596749 
7665976 
7615032 
7590186 
7587112 
7636338 
7469180 
7463138 
7436676 
7693688 
7670977 
7603364 
7633576 
7703377 
7623836 
7657850 
7611959 
7647484 
7635035 
7646911 
7593206 
7740152 
7587217 
7677541 
7592998 
7667174 
7792607 
7774323 
7584352 
7547159 
7538409 
7768281 
7765729 
7647380 
7622742 
7633107 
7596957 
7646703 
7668737 
7673426 
7723692 
7671446 
7698376 
7714785 
7722129 
7674519 
7574507 
7718743 
7612636 
7691032 
7606333 
7609302 
7647588 
7619773 
7659517 
7716191 
7631284 
7677488 
7605396 
7684051 
7690979 
7654725 
7617741 
7695355 
7663007 
7679989 
7668320 
7721609 
7581278 
7678687 
7623315 
7668008 
7561016 
7639258 
7647435 
7618525 
7580917 
7712861 
7588000 
7711767 
7582531 
7665303 
7458713 
7590553 
7631860 
8810604 
7717288 
7729737 
7620661 
7689212 
7608211 
7725206 
7636497 
7670407 
7589771 
7729946 
7580239 
7688066 
7640664 
7654415 
7567946 
7658270 
7617015 
7682857 
8457903 
7842357 
7687076 
7687596 
7634413 
7648061 
7642748 
7684836 
7642174 
7656863 
7636652 
7740989 
7517992 
7609827 
7662593 
7619307 
7663740 
7678794 
7483300 
7659729 
7629985 
7635090 
7607847 
7680096 
7692650 
7873141 
7635246 
7711401 
7636392 
7668063 
7629360 
7676397 
7674157 
7633423 
7572165 
7662593 
7616234 
7633632 
7619411 
7730518 
7598419 
7667854 
7617223 
7633944 
7601179 
7674105 
7609045 
7644206 
7660615 
7701088 
7619359 
7724424 
7630611 
7672542 
7623318 
7674106 
7636132 
7662437 
7582219 
7660979 
7663114 
7674627 
7667334 
7753126 
7642800 
7650873 
7607170 
7489290 
7542422 
7530858 
7204879 
7368129 
7409019 
7636236 
7643164 
7666552 
7621182 
7690305 
7616494 
7815530 
7635871 
7575030 
7493874 
7547162 
7592272 
7747188 
7666240 
7578885 
7719372 
7670303 
7753283 
7741510 
7554455 
7664208 
7512731 
7547735 
7512210 
8543695 
7593366 
7688121 
7651241 
7604464 
7652543 
7670514 
7646918 
7637385 
7620768 
7661086 
7551280 
7623373 
7524610 
7595608 
7460956 
7619623 
7693329 
7672650 
7645876 
7715207 
7581701 
7650772 
7646345 
7653949 
7559354 
7872936 
7614934 
7702706 
7549301 
7716562 
7505389 
7538674 
7664472 
7678068 
7615663 
7624936 
7563261 
7519922 
7566022 
7634676 
7665149 
7707915 
7600974 
7661346 
7630092 
7667285 
7630821 
7654158 
7667336 
7616184 
7679265 
7608840 
7551385 
7670879 
7664368 
7696559 
7608892 
7627227 
7533413 
7673223 
7861789 
7738700 
7666451 
7731407 
7617591 
7660409 
7676244 
7751462 
7586337 
7761307 
7642073 
7617903 
7551124 
7726095 
7673327 
7655877 
7586857 
7731981 
7545134 
7499867 
7542998 
7693851 
7648741 
7610142 
7611183 
7727032 
7603006 
7755994 
8815244 
7766724 
7606339 
7653741 
7588472 
7600713 
7646240 
7641031 
7586962 
7687652 
7607121 
7656658 
7824232 
7694319 
7573575 
7603214 
7635666 
7701508 
7614309 
7651866 
7581753 
7649990 
7610507 
7639573 
7525600 
7492731 
7519088 
7626811 
7614414 
7717604 
7622487 
7613059 
7635249 
7736148 
7584878 
7791779 
7628738 
7680932 
7620247 
7658846 
7588785 
7684683 
7589671 
7633792 
7591393 
7730733 
7524925 
7624052 
7585714 
7547845 
7551335 
7580089 
7491588 
7665465 
7541386 
7671715 
7616396 
7672757 
7596185 
7789491 
7604363 
7590038 
7613114 
7680570 
7641138 
7709585 
7628428 
7691509 
7607488 
7695572 
7643639 
7666298 
7562899 
7759226 
7621761 
7682446 
7571181 
7556596 
7573682 
7637283 
7661714 
7681091 
7572275 
7731306 
7626241 
7755163 
7596445 
7681769 
7608374 
7712554 
7623637 
7662235 
7533469 
7679008 
7626553 
7715575 
7634939 
7456167 
7554825 
7694739 
7612332 
7787980 
7626345 
7721566 
7534406 
7693124 
7585714 
7669579 
7620042 
7651974 
7583058 
7507892 
7613010 
7618218 
7591809 
7602019 
7525030 
7666558 
7545345 
7688332 
7586860 
7656974 
7556284 
7637180 
7519092 
7844915 
7645723 
7713074 
7633429 
7680571 
7593841 
7658640 
7602175 
7701719 
7612698 
7696979 
7639264 
7685415 
7657807 
7657390 
7550710 
7709012 
7584517 
7703229 
7599362 
7804858 
7598528 
7651400 
7623792 
7707501 
7596445 
7711929 
7642701 
7582485 
7437623 
7620510 
7556805 
7696406 
7585298 
7700938 
7604102 
7710678 
7594987 
7686821 
7569723 
7778500 
7633377 
7730785 
7631189 
7632335 
7710314 
7760476 
7532948 
7646452 
7504403 
7553994 
7407830 
7559307 
7592021 
7677864 
7544201 
7546598 
7567590 
7643277 
7395328 
7578269 
7640100 
7725684 
7630150 
7733497 
7563631 
7600147 
7592333 
7685835 
7634526 
7690939 
7582748 
7668853 
7576966 
7685574 
7627546 
7656455 
7642339 
7704483 
8820043 
7709848 
7668854 
7676042 
7612231 
7715161 
7637078 
7697659 
7653018 
7590874 
7674166 
7708702 
7628015 
7694742 
7646298 
7667864 
7671353 
7697450 
7588843 
7639995 
7613846 
7695210 
7590823 
7681771 
7597126 
7661301 
7537691 
7528470 
7527168 
7644683 
7635828 
7655726 
7637286 
7679271 
7574309 
7670052 
7602907 
7623586 
7604783 
7626868 
7552536 
7673645 
7634578 
7610408 
7530606 
7691408 
7595875 
7627911 
7631244 
7629785 
7615877 
7674270 
7576914 
7681980 
7602907 
7748499 
7641975 
7628327 
7627077 
7767511 
7553213 
7639891 
7633484 
7686095 
7607596 
7727924 
7643746 
7651507 
7568475 
7726830 
7617128 
7668802 
7584206 
7697503 
7574935 
7657758 
7676615 
7729121 
7622597 
7601917 
7503884 
7482475 
7224161 
7326621 
7367043 
7492632 
7490184 
7620670 
7574519 
7674688 
7597906 
7665988 
7643798 
7699483 
7592698 
7710161 
7587124 
7550244 
7458514 
7703129 
7563579 
7630412 
7522745 
7560821 
7642499 
7655573 
7659532 
7539204 
7549778 
7590669 
7672607 
7642030 
7642551 
7654479 
7579417 
7681462 
7610099 
7629060 
7583845 
7613276 
7565926 
7658126 
7609317 
7648541 
7605931 
7700839 
7686463 
7642029 
7584418 
7668647 
7686150 
7665053 
7576344 
7675003 
7618225 
7649478 
7675940 
7656302 
7663803 
7670263 
7701620 
7550820 
7663543 
7730739 
7563009 
7708497 
7639217 
7688130 
7644842 
7738760 
7632602 
7685889 
7655521 
7639738 
7573843 
7686463 
7605670 
7669012 
7609369 
7765275 
7557383 
7554206 
7488208 
7735896 
7604368 
7666252 
7574521 
7639582 
7607233 
7597440 
7586137 
7683024 
7619110 
7712195 
7555820 
7673597 
7711154 
7630205 
7679586 
7666981 
7618902 
7639269 
7592648 
7607858 
7620517 
7651510 
7587804 
7639269 
7584523 
7662918 
7621350 
7606087 
7586293 
7700735 
7601139 
7641197 
7694328 
7760326 
7589679 
7662241 
7594524 
7645051 
7665835 
7616245 
7610827 
8926466 
7664480 
7644009 
7635466 
7726416 
7692609 
7697870 
7608536 
7638331 
7536860 
7580980 
7553424 
7633175 
7567593 
7660625 
7689640 
7693235 
7725738 
7691567 
7666043 
7794966 
7597597 
7679274 
7596034 
7632706 
7658647 
7659793 
7583741 
7651775 
7685215 
8067765 
7503942 
7666566 
7623384 
7705687 
7507848 
7496910 
7588275 
7622394 
7589421 
7662817 
7626093 
7611872 
7643178 
7719335 
7649481 
7654221 
7613174 
7639324 
7615518 
7637918 
7635053 
7721730 
7623384 
7672140 
7611664 
7669484 
7638803 
7676725 
7619425 
7660889 
7636979 
7721678 
7605882 
7669068 
7627656 
7680736 
7596037 
7641980 
7590568 
7682767 
7635626 
7674381 
7540769 
7703082 
7578743 
7523059 
7485501 
7545509 
7568793 
7637918 
7632344 
7656357 
7626822 
7642866 
7659222 
7696363 
7583484 
7636303 
7505192 
7547749 
7607445 
7635053 
7618539 
7651721 
7594891 
7690008 
7604110 
7616456 
7665108 
7696571 
7638491 
7634635 
7595256 
7700581 
7672349 
7621925 
7606767 
7755901 
7677870 
7676412 
7607340 
7683392 
7509098 
7676464 
7636719 
7669432 
7653701 
7739805 
7699227 
7660420 
7720844 
7654535 
7583744 
7690737 
7603538 
7687924 
7670942 
7766788 
7692664 
7698394 
7594579 
7687560 
7592338 
7703863 
7604580 
7649273 
7552073 
7544572 
7651460 
7729388 
7534675 
7669328 
7622186 
7680266 
7660577 
7675266 
7610570 
7644012 
7600152 
7724908 
7677298 
7667765 
7644116 
7650367 
7637293 
7690268 
7649585 
7634273 
7661100 
7665997 
7657401 
7668445 
7700480 
7731161 
7621459 
7647661 
7632764 
7695375 
7601144 
7607135 
7478472 
7584267 
7618855 
7762832 
7678915 
7664590 
7611459 
7639274 
7699334 
7631617 
7574891 
7660580 
7588695 
7651203 
7784033 
7695949 
7655474 
7676467 
7653704 
7638336 
7646307 
7681050 
7704699 
7652245 
7556086 
7666674 
7721421 
7701366 
7650682 
7676519 
7623126 
7638493 
7615000 
7663652 
8799842 
7704335 
7630367 
7682978 
7553222 
7669070 
8135120 
8070320 
7826643 
8109388 
7818777 
7862116 
7527698 
7810130 
7593174 
7599946 
7601353 
7658756 
7632659 
7733401 
7616771 
7673863 
7663548 
8105637 
7840342 
7885296 
7823517 
7722201 
7756008 
7610365 
7650839 
7658339 
7569370 
7625106 
7633492 
7698814 
7649953 
7703501 
7706940 
7660631 
7668913 
7699699 
7605208 
7659277 
7586612 
7603749 
7597186 
7606822 
7414922 
7605624 
7579944 
7693448 
7628336 
7646672 
7573381 
7689072 
7671778 
7673446 
7591456 
7652818 
7599790 
7655423 
7589425 
7535094 
7540772 
7562858 
7623648 
7725848 
7638337 
7632711 
7620158 
7650057 
7670216 
7707617 
7571661 
7678342 
7665788 
7722983 
7613333 
7655057 
7750071 
7694854 
7604895 
7632973 
7645790 
7622868 
7692982 
7712672 
7715381 
7657561 
7668031 
7707620 
7610992 
7676626 
7540774 
7685429 
7633703 
7661207 
7660217 
7649331 
7671521 
7725382 
7604168 
7620525 
7642767 
7615211 
7583332 
7710953 
7590000 
7708349 
7613128 
7615837 
7540305 
7593542 
7567602 
7598542 
7639330 
7683918 
7625005 
7618337 
7603647 
7578019 
7618233 
7648445 
7588802 
7660374 
7656310 
7697670 
7647455 
7636047 
7593855 
7770544 
7627609 
7705119 
7593594 
7691107 
7618233 
7657405 
7619118 
7674542 
7512125 
7683450 
7783723 
7714808 
7642871 
7689649 
7676001 
7645997 
7584739 
7690481 
7578123 
7678918 
7634954 
7684803 
7617660 
7617920 
7646674 
7630265 
7626202 
7656206 
7616826 
7695117 
7641308 
7672459 
7666260 
7660947 
7645944 
7706317 
7595678 
7661624 
7668395 
7670427 
7586093 
7680428 
7553120 
7738457 
7437792 
7579999 
7504520 
7601877 
7596616 
7679126 
7614534 
7574321 
7553641 
7673187 
7591041 
7755178 
7579894 
7658238 
7599428 
7730695 
7592969 
7609325 
7594740 
7640267 
7615784 
7760387 
7659228 
7698765 
7640528 
7632610 
7594219 
7581821 
7585468 
8759996 
7591563 
7549630 
7571924 
7775910 
7330851 
7358876 
7377160 
7417842 
7370910 
7439568 
7304600 
7286526 
7407114 
7615214 
7621673 
7592087 
7660741 
7633394 
7594742 
7625789 
7703976 
7661418 
7618756 
7668085 
7597295 
7659490 
7646781 
7649698 
7648552 
7683036 
7580210 
7704132 
7555779 
7672878 
7570365 
7639332 
7609588 
7624747 
7647302 
7586408 
7554112 
7665898 
7569271 
7723614 
7517233 
7664231 
7710018 
7652198 
7590054 
7657043 
7574428 
7646312 
7578126 
7586356 
7687828 
7660897 
7624329 
7606672 
7624851 
7674024 
7547184 
7596514 
7670378 
7635737 
7698871 
7652875 
7633863 
7674389 
7656938 
7723770 
7631883 
7733146 
7615527 
7707414 
7631831 
7730854 
7642666 
7771119 
7680431 
7725801 
7609432 
7677097 
7624799 
7691057 
7612558 
7637144 
7637717 
7667096 
7634383 
7645843 
7597399 
7692308 
7632092 
7649958 
7637248 
7657511 
7582501 
7619537 
7597139 
7703090 
7592451 
7699288 
7587293 
7684598 
7615683 
7677045 
7603129 
7590054 
7557967 
7679806 
7618027 
7612662 
7582762 
7618079 
7617402 
7646364 
7685380 
7677149 
7633185 
7624642 
7629070 
7704705 
7562864 
7668398 
7565207 
7612298 
7662200 
7659855 
7745023 
7694026 
7576147 
7641363 
7627455 
7756170 
7603181 
7686161 
7663710 
7680118 
7609641 
7626939 
7521766 
7556355 
7475615 
7503119 
7505150 
7641470 
7717782 
7669599 
7585264 
7708771 
7636782 
7608497 
7586202 
7653347 
7671265 
7660275 
7603444 
7685487 
7671682 
7603340 
7619488 
7689081 
7533748 
7687987 
7657097 
7707208 
7564742 
7668973 
7622926 
7637147 
7623082 
7651576 
7609122 
7653608 
7620686 
7707729 
7622770 
7736118 
7598600 
7679235 
7610216 
7649857 
7631885 
7660119 
7642929 
7662462 
7520778 
7586931 
7424619 
7661629 
7631313 
7614436 
7702155 
7691789 
7583911 
7655847 
7573962 
7656159 
7722627 
7644700 
7650898 
7717053 
7603809 
7632354 
8815947 
7680121 
7477282 
7687674 
7648398 
7616103 
7593026 
7657879 
7651628 
7703406 
7608497 
7714553 
7611050 
7578180 
7598809 
7725544 
7660171 
7682413 
7663348 
7646940 
7349557 
7342004 
7463791 
7589901 
7558959 
7601621 
7644700 
7698613 
7647773 
7691841 
7617352 
7725127 
7682465 
7659962 
7584588 
7665067 
7530518 
7661317 
7590527 
7674704 
7460249 
7709865 
7581723 
7698978 
7619175 
7679339 
7644387 
7645012 
7623968 
7673662 
7735649 
7658608 
7665015 
7713720 
7644960 
7669495 
7645116 
7674548 
7593287 
7688143 
7602038 
7665327 
7658399 
7670329 
7609747 
7638189 
7704191 
7785971 
7606259 
7701481 
7614594 
7640847 
7571255 
7556045 
7613187 
7996989 
7590841 
7607822 
7636316 
7674133 
7585737 
7687104 
7595477 
7668091 
7607718 
7631627 
7585632 
7673664 
7624179 
7682781 
7585164 
7704815 
7613188 
7658090 
7650224 
7677988 
7621730 
7658090 
7582506 
7660850 
7627930 
7660954 
7584539 
7693250 
7539740 
7650120 
9158703 
8006677 
10086377 
7842854 
7404254 
7691063 
7679186 
12206917 
7927448 
8321614 
7702575 
8112784 
7694032 
8303851 
7741225 
7846344 
7821496 
7833790 
7955472 
7781803 
7778157 
7701376 
7927969 
8202484 
7867440 
8267389 
7473586 
7328306 
7366540 
7360394 
7308356 
7318878 
7191310 
7459574 
7208552 
7606104 
7564900 
7716014 
7648609 
7730026 
7684187 
7570005 
7577819 
7719973 
7478639 
7701689 
7712993 
7802588 
7683614 
7828164 
7693875 
7791909 
7725285 
7709607 
7669758 
7812121 
7517185 
7716378 
7526926 
7737059 
7638817 
7745341 
7656266 
7795347 
7700960 
7748258 
7655381 
7689604 
7624492 
7645536 
7713722 
7781439 
7743829 
7790034 
7721640 
7740704 
7771385 
7761853 
7704450 
7811599 
7955004 
7829518 
8005687 
7703877 
7811547 
7762166 
8045744 
7884318 
7894477 
7872495 
7728831 
7920991 
7783786 
7801184 
7682158 
7747010 
7618035 
7797798 
9085833 
8042101 
7654967 
8011889 
7930784 
7935368 
7684970 
7650852 
7619650 
7704921 
7636527 
7717892 
7641371 
7678720 
7621316 
7649705 
7654134 
7656894 
7636996 
7731122 
7456086 
8392356 
7592563 
7675386 
7659082 
7666687 
7600220 
7716016 
7640799 
7697993 
7515938 
7659863 
7613451 
7665853 
7616836 
7622515 
7647049 
7680387 
7650383 
7634391 
7672313 
7654706 
7617306 
7698410 
7626473 
7658665 
7670593 
7683251 
7633922 
7728570 
7677938 
7728570 
7571102 
7634912 
7640121 
7660697 
7589854 
7661009 
7598866 
7752896 
7577248 
7640641 
7625328 
7707370 
7614389 
7644913 
7631057 
7649602 
7608710 
7708672 
7817593 
7789776 
8093098 
7925679 
8422828 
8825590 
8558159 
9329771 
8675986 
8347871 
8555554 
8781261 
7929065 
10944567 
8527217 
11772958 
7612461 
7875777 
7878173 
7616628 
7427072 
7413320 
7286481 
7336696 
7333206 
7783421 
7277209 
8122737 
7642726 
7779619 
7553808 
7798996 
7722736 
7804361 
7672417 
7584489 
7460202 
7637516 
7647049 
7665802 
7649653 
7747479 
7633974 
7636995 
7773368 
7720131 
7611159 
7969747 
7607462 
7588972 
7763889 
7704455 
7832649 
7849161 
7870311 
7841191 
7689713 
7685233 
7888177 
7649395 
7788268 
7733209 
7446347 
7725552 
7641269 
7778476 
7589701 
7684869 
7652417 
7700132 
7649500 
7695443 
7774569 
7603348 
7615901 
7632778 
7646479 
7719874 
7607046 
7648719 
7564384 
7585324 
7573708 
7608922 
7692370 
7670076 
7580845 
7663980 
7656949 
7659709 
7609025 
7673149 
7607151 
7652312 
7623767 
7670076 
7641947 
7672002 
7659709 
7669450 
7609025 
7682420 
7531671 
7720134 
7886823 
7680233 
7687838 
7684765 
7713206 
7753836 
7627518 
7646270 
7630799 
7689088 
7633351 
7606577 
7610744 
7691328 
7638717 
7660335 
7666116 
7674347 
7678983 
7670544 
7710862 
7724302 
7927348 
7880989 
7841713 
7767067 
7808062 
8401994 
7766338 
8422726 
8735529 
12999321 
8754281 
8986604 
10435076 
7615745 
10295683 
9818432 
8321880 
8056428 
8559724 
9109276 
8889246 
17077828 
8380013 
8087422 
8158838 
8209104 
7949227 
8337351 
8215147 
8418872 
16679130 
8053615 
8105446 
8379179 
9095316 
8881590 
7903491 
7892969 
7895470 
7959644 
7930005 
8003505 
7941466 
7942038 
7895366 
12011799 
8075027 
8029240 
7870729 
8226662 
8098989 
7939906 
7968243 
7677006 
7548134 
7568606 
7705499 
8724801 
7859894 
7788531 
7630490 
7558032 
7476927 
7634657 
7650283 
7702166 
7693779 
7702635 
7522923 
7553291 
8272345 
8087529 
7864271 
7972149 
7739358 
7818067 
7841506 
7996840 
9325245 
10569680 
11476363 
7727116 
7920267 
8156340 
19086693 
7758840 
7723887 
7712375 
7736754 
7760715 
7736024 
7863384 
7820774 
7973712 
7867864 
8543527 
8392413 
8330582 
16526250 
12610732 
8817365 
10192078 
8374442 
8379703 
9482870 
8222912 
8269324 
8192126 
8126440 
8237184 
8799655 
8210410 
8389131 
8189261 
8338135 
8484561 
7975639 
8116648 
8142744 
8019030 
8724957 
8500552 
8086592 
8319643 
8159570 
8209732 
8107896 
8087945 
8268986 
9273033 
8174336 
11437664 
8085160 
8324769 
8138863 
11753323 
8124903 
8282681 
7713972 
7580000 
7672718 
7477541 
7451653 
7496240 
7469311 
7990722 
8228561 
8524374 
15635990 
7552496 
7690116 
7960250 
7491553 
8193349 
7787575 
7798878 
7534370 
9087874 
7782887 
8186525 
7737465 
7445089 
7351172 
7425577 
7450986 
7459455 
7464266 
7788729 
7576708 
7764876 
7545252 
7452912 
7293390 
7382968 
7298129 
7415362 
7219330 
7343022 
7187457 
7315627 
7390208 
7309482 
7281671 
7269901 
7248444 
7291774 
7527596 
7666391 
7450361 
7477703 
7471818 
7433017 
7403852 
7720868 
7812582 
7675193 
7622644 
7564105 
7543897 
7495514 
7622227 
7671756 
7617592 
7683161 
7659516 
7798156 
7697744 
7699307 
7544523 
7534315 
7671183 
7583010 
7491452 
7718941 
8876175 
7643164 
7637695 
7665506 
7591083 
8015176 
8643426 
8384117 
7670610 
7842112 
7900442 
7983198 
7956429 
7917837 
7758106 
7935337 
7842164 
7810083 
7730659 
7817895 
7694203 
7439267 
7367031 
7521503 
7727586 
7625977 
7623061 
7693577 
7642121 
7719566 
7655299 
7722587 
7730555 
7693056 
7625352 
7671391 
7681807 
7765137 
7541919 
7563271 
7593530 
7716805 
7722743 
7681338 
7673475 
7679047 
7619258 
7666444 
7652538 
8031790 
7748627 
8026946 
8069757 
7765188 
7591604 
7710452 
7847632 
8103974 
7557595 
7651496 
7423747 
7265005 
7599416 
7468329 
7520618 
7867058 
7591343 
7443486 
7731961 
7856955 
7758887 
7867162 
8068403 
8097724 
7938878 
7590874 
7417394 
8113817 
7721181 
7789666 
7493707 
7137155 
7309962 
7403186 
7333606 
7440059 
7311003 
7399436 
7373187 
7416623 
7633123 
7851706 
7864570 
7881288 
7574011 
7420789 
7533232 
7553231 
7524169 
8070029 
7467245 
8171690 
7593124 
7961127 
7943368 
7855404 
7790355 
8072737 
7953785 
8329183 
7549116 
8290695 
7983314 
8132057 
8029250 
7852331 
8118933 
8018521 
7938212 
7816030 
7500160 
7959722 
7737910 
7530471 
7897016 
7470891 
7728639 
7801031 
7444017 
7742232 
7437819 
7417612 
7737649 
7325429 
7692443 
7811760 
7708588 
7489588 
7348189 
7619425 
7339700 
7327721 
7402301 
7399228 
7279129 
7672079 
7704526 
7550679 
7712911 
7533752 
7749367 
7713223 
7390634 
7540315 
7547397 
7788740 
7587344 
7603333 
7658591 
7382510 
7296264 
7443340 
7252307 
7492921 
7446256 
7306732 
7211944 
7304493 
7503858 
7614530 
7482818 
7825509 
8932331 
8090600 
7699630 
11730999 
12452214 
25427580 
7902745 
7927952 
7923786 
7616352 
7790250 
7618488 
7403498 
7893839 
8443449 
10291536 
8005188 
7844727 
7985085 
7965398 
8067112 
7857382 
7976960 
25105772 
12431850 
8552193 
10575533 
8297101 
8078413 
9041284 
7927128 
7982908 
8363307 
9434768 
8508822 
7623499 
7500327 
7529023 
7194456 
7351427 
7645476 
7343720 
7421789 
7492723 
7964628 
7466214 
7522149 
7380905 
7635112 
7739899 
8054988 
8387317 
7986659 
8056811 
12828151 
18171079 
7833228 
7904058 
7844842 
7913745 
7781563 
8063009 
7669694 
7961712 
7914110 
7778700 
7630321 
7833957 
7632508 
7694172 
7641831 
7738024 
7636571 
8022386 
8460594 
8476532 
7834790 
8096602 
7815729 
8005668 
7810157 
7846612 
7609124 
7790053 
7766669 
7927807 
7874632 
7893434 
7792761 
7862549 
7716358 
7662091 
7702036 
7771095 
7624696 
7696985 
7647090 
7681100 
7613394 
7740732 
7673391 
7694120 
7674746 
7675058 
7632769 
7655944 
7666101 
7685110 
7592510 
7711515 
7621467 
7544700 
7561834 
7502253 
7491264 
7664590 
7645476 
7730369 
7586677 
7707922 
7613290 
7722191 
7671933 
7682194 
7632664 
7641779 
7597979 
7675996 
7635737 
7683131 
7610583 
7678235 
7596625 
7726722 
7594176 
7710838 
7677610 
7669225 
7974524 
8622775 
8182170 
7826874 
7566990 
7656830 
7642560 
7887653 
7721618 
7686933 
7683964 
7711568 
7594021 
7705526 
7662663 
7580219 
7633862 
7636779 
7627873 
7683551 
7585651 
7689495 
7608354 
7659497 
7650018 
8176713 
8452117 
7924172 
7667205 
7742931 
7654132 
7632467 
7577834 
7681996 
7690537 
7797771 
7556793 
7742982 
7886466 
8578049 
8197545 
8123174 
8367955 
19552031 
15941882 
8867515 
7872925 
7681996 
7697203 
8177599 
7823864 
7667049 
8081926 
7704338 
10066680 
7975733 
8000888 
7699911 
7598406 
8096456 
8446232 
7923703 
7740223 
7753867 
7752930 
7664913 
7703610 
7748399 
7745951 
7935682 
7769700 
7829541 
7895996 
8136245 
8014428 
26631346 
8585913 
9593628 
9788880 
8462534 
7713869 
7631529 
8977927 
7790220 
8550654 
11511510 
8672888 
9988818 
8868400 
8322852 
9146565 
8443003 
8262959 
8950376 
8426545 
8230409 
7936151 
8263896 
8245043 
8104789 
9705394 
8270979 
8139319 
8224367 
8269625 
8483730 
10051576 
8285510 
8185462 
8523416 
7817042 
7836364 
7896101 
7850374 
7802250 
7914069 
7876674 
9053183 
8128590 
8343424 
7741888 
7768450 
7772460 
7767148 
7683454 
7764544 
7711526 
7981409 
7559137 
7666736 
7583823 
7534346 
7555439 
7628352 
7527732 
7764544 
7679756 
7635907 
7688366 
7775908 
7663986 
7735024 
7912256 
7908871 
7995794 
7911006 
7645341 
8000326 
7736952 
8023971 
8602591 
7699610 
7253327 
8251305 
7423997 
7659351 
7573313 
7741483 
7610135 
7701380 
7536387 
7690652 
7517170 
7646852 
7704453 
7419726 
7341761 
7475609 
7364103 
7430507 
7273378 
7362176 
7472068 
7647997 
7613051 
7572480 
7401862 
7716172 
7371499 
7628988 
7359729 
7487484 
7459256 
7355614 
7316814 
7564667 
7300825 
8243700 
8325364 
7538940 
7883404 
8134226 
8266876 
7686746 
7643206 
7687631 
7738410 
8302916 
7325095 
7578574 
7593625 
7389206 
7449620 
7507743 
9302456 
7435246 
7315356 
7344156 
7359572 
7446756 
7848405 
7287388 
7613155 
7479567 
7960275 
12007754 
10077110 
7865331 
7575188 
7559460 
7529200 
7892518 
7632425 
7588313 
7367802 
7525763 
7694975 
7498108 
7693255 
7713776 
7665497 
7708723 
7594250 
7689349 
7718567 
7650497 
7677059 
7691797 
7632894 
7647112 
7653934 
7650237 
7606280 
7958296 
7772523 
7572480 
7872623 
7941162 
7689871 
8106675 
7697579 
8058656 
7965119 
7914131 
8045167 
7839707 
8258491 
7850072 
7660705 
7958192 
7680705 
8388069 
8156360 
8170423 
10310068 
8855706 
28935178 
8545001 
11145516 
7650091 
7697328 
8349071 
7811230 
8197360 
8009763 
7914663 
8325844 
8003409 
8081739 
7981275 
8040491 
9261116 
8896340 
8206421 
8043147 
7924403 
7840291 
7975754 
8363446 
10506688 
11668930 
22055728 
8326364 
7778731 
7954609 
8081010 
8234597 
8469483 
8307511 
8387612 
10254251 
8385216 
8042731 
23717584 
19699214 
7692746 
7409685 
7452496 
7965026 
7899039 
7853259 
9944889 
7873935 
7941693 
7871905 
7741077 
8330479 
15423457 
9910516 
8775824 
8350842 
8128300 
8153871 
7860811 
7917267 
9223305 
7876800 
7932214 
7939349 
8025283 
8181683 
8392663 
8262044 
7861436 
7754774 
8730097 
7665246 
7791856 
7629780 
7800293 
7790606 
8073458 
8043824 
8173298 
8517919 
7447183 
7981067 
8014711 
8267461 
8167881 
7597906 
7530096 
7832531 
7995389 
7881383 
8059345 
7470567 
8393965 
8131529 
8233296 
8226576 
7836541 
8539793 
8074760 
8203089 
8525574 
7800345 
8586145 
7846541 
8530522 
8181214 
8607342 
8697859 
7732535 
8308552 
8160122 
8225691 
7946329 
7896070 
7790255 
17887335 
8091593 
8133519 
8459860 
10109218 
21111890 
11871073 
7698485 
7737181 
7650050 
7645987 
7736817 
7618280 
7862957 
7674319 
7956547 
20108963 
9660174 
9034003 
14368418 
7859519 
7603333 
7897852 
7531044 
7696402 
7838635 
7757909 
8027534 
7765096 
7574323 
7556408 
7510524 
9660904 
8061751 
7998264 
7410423 
7439485 
7523596 
7366936 
7424277 
7460057 
7418496 
7332406 
7360321 
7458130 
7400840 
7810876 
8021076 
20470979 
20520561 
23991615 
30537387 
16261101 
8322053 
8241848 
8089874 
8345281 
9193735 
7798845 
7831917 
8049824 
7921497 
7984671 
7716505 
7714213 
7539429 
7235743 
7178402 
7269544 
7330270 
7100489 
7297356 
7289387 
7321364 
7249961 
7291939 
7303658 
7575938 
7506096 
7691142 
7686402 
7717547 
7652862 
7598854 
7577500 
7725463 
7656038 
7711401 
7617602 
7733379 
7612186 
7693589 
7612030 
7706713 
7561043 
7730566 
7516774 
7492035 
7687651 
7682027 
7728587 
7851603 
7739108 
7670725 
7681194 
7690568 
7702183 
7731400 
7766243 
7639737 
7613072 
7683642 
7732764 
7682194 
7759066 
7657351 
7671257 
7632143 
7577197 
7667195 
7502877 
7586677 
7607457 
7677350 
7590583 
7763804 
7593551 
7688443 
7487930 
8832356 
7630008 
7902081 
7895675 
7946141 
7887342 
7928018 
8000046 
7890102 
7865311 
7952183 
7885363 
7917809 
7728390 
7828698 
7619488 
7766252 
7617353 
7762347 
7629227 
7754431 
7694381 
7674069 
7641831 
7700943 
7555480 
7754743 
7619748 
7674485 
7605218 
7706932 
7744223 
7710265 
7692922 
7692818 
7323458 
7294188 
7170444 
7374862 
7237107 
7289501 
7302834 
7248513 
7397622 
7344186 
7271220 
7520012 
7215389 
7580166 
7592978 
7714484 
7715005 
7688704 
7637560 
7662247 
7569126 
7704640 
7638810 
7702089 
7711567 
7696777 
7643133 
7622196 
7754066 
7718807 
7640372 
7715526 
7579281 
7682506 
7590427 
7673235 
7636935 
7678964 
7606728 
7676048 
7574125 
7663549 
7620008 
7702193 
7400851 
7542408 
7616207 
7673496 
7595322 
7673027 
8039366 
8043950 
7587718 
7696516 
7587718 
7679746 
7520377 
7568553 
7538033 
7639019 
7619228 
7684069 
7682558 
7633966 
7587197 
7686204 
7629123 
7706255 
7635841 
7676204 
7624175 
7632820 
7575532 
7663444 
7664747 
7696203 
7525169 
7672350 
7633292 
7663252 
7653508 
7697568 
7616894 
7619602 
7611060 
7679339 
7634445 
7660903 
7665121 
7686735 
7594343 
7685745 
7539709 
7698453 
7598561 
7666215 
7619550 
7665330 
7518564 
7587937 
7585645 
7673194 
7619914 
7758294 
7639445 
7638924 
7615019 
7697151 
7587312 
7681735 
7606894 
7691422 
7564031 
7688453 
7658142 
7683297 
7631580 
7667412 
7619446 
7650642 
7632987 
7662830 
7619342 
7664079 
7636476 
7649653 
7624549 
7631945 
7593873 
7845791 
7627153 
7663507 
7666840 
7634602 
7647518 
7752044 
7585697 
7639862 
7655173 
7716630 
7563042 
7647674 
7775638 
7726733 
7697932 
7667309 
7647309 
7655851 
7611582 
7542990 
7446848 
7488670 
7529761 
7674964 
7623665 
7678714 
7614498 
7807824 
7652517 
7650798 
7639810 
7509450 
7535543 
7666944 
7589395 
7702359 
7593197 
7674860 
7518200 
7733556 
8776901 
7684808 
7669392 
7632414 
7634133 
7666371 
7631580 
7680485 
7586531 
7635955 
7618664 
7668455 
7659288 
7940371 
7609863 
7755794 
7612155 
7643091 
7503617 
7662465 
7596113 
7683766 
7635279 
7669079 
7736629 
7708765 
7615539 
7689443 
7677882 
7632935 
7650955 
7629915 
7607519 
7474243 
7598822 
7700797 
7581947 
8444987 
7674183 
7460028 
7628003 
7621227 
7640549 
7663048 
7675287 
7677162 
7616904 
7688464 
7580708 
7686849 
7661173 
7628153 
7587321 
7664298 
7569041 
7666902 
7632632 
7704140 
7607009 
7599352 
7783356 
7802574 
7648830 
7678360 
7669975 
7703828 
7609769 
7641851 
7588468 
7669767 
7623049 
7688776 
7607790 
7565239 
7687734 
7633674 
7624299 
7660496 
7613050 
7662944 
7565291 
7654299 
7606071 
7655548 
7604092 
7674922 
7656069 
7721171 
7602008 
7679193 
7565499 
7605394 
7664245 
7694297 
7609612 
7693099 
7609300 
7706692 
7639247 
7692474 
7626122 
7669975 
7612789 
7756169 
7677058 
7733462 
7552948 
7704661 
7659298 
7689661 
7575916 
7648621 
7599405 
7679766 
7534928 
7642893 
7894394 
7651225 
7619872 
7700859 
7612738 
7771638 
7662787 
7664402 
7629456 
7663256 
7602009 
7701692 
7641278 
7643987 
7625081 
7687734 
7675808 
7687683 
7570707 
7651122 
7594925 
7698671 
7492221 
7630966 
7660131 
7640809 
7654872 
7688255 
7715389 
7708411 
7642788 
7660288 
7624143 
7639819 
7611956 
7681746 
7671694 
7611123 
7637685 
7687734 
7619456 
7654975 
7576124 
7663257 
7609664 
7656798 
7555292 
7656121 
7603102 
7782470 
7685807 
7671225 
7634508 
7669089 
7612284 
7687224 
7621601 
7679047 
7619779 
7701285 
7569884 
7576968 
7536969 
7595144 
7555510 
7601550 
7699515 
7658735 
7557176 
7667485 
7619518 
7619153 
7462024 
7646965 
7574572 
7652486 
7633528 
7574154 
7962682 
8110334 
7555302 
7696182 
7554259 
7729618 
7653163 
7715556 
7592592 
7685974 
7552177 
8964053 
7673006 
7750086 
7608737 
7677849 
7615247 
7626185 
7619257 
7668631 
7616185 
7755190 
7641236 
7653892 
7552541 
7583582 
7666339 
7672954 
7339736 
7252291 
7150629 
7164117 
7167712 
7422702 
7555875 
7650819 
7615195 
7854822 
7683369 
7637173 
7751441 
7722796 
7621080 
7689411 
7590092 
7695973 
7596654 
7630611 
7565614 
7716545 
7653267 
7706754 
7587748 
7694307 
7665610 
7637434 
7615663 
7663787 
7618997 
7662901 
7589571 
7655819 
7571030 
7659100 
7635872 
7670453 
7659517 
7676547 
7586342 
7697588 
7618476 
7698682 
7684672 
7652277 
7648580 
7683213 
7614154 
7671183 
7580145 
8006848 
7650298 
7669672 
7657538 
7649673 
7639673 
7788002 
7611342 
7750034 
7613894 
7618945 
7598113 
7698213 
7542176 
7658788 
7504366 
7676391 
7651653 
7719775 
7638007 
7652173 
7586394 
7612279 
7556968 
7608998 
7537854 
7616549 
7674207 
7683646 
7699785 
7677755 
7573696 
7716035 
7582030 
7664526 
7622757 
7708900 
7636090 
7663953 
7634684 
7653693 
7634631 
7620309 
7730514 
7688432 
7600675 
7606039 
7503177 
7532291 
7395890 
7508126 
7557811 
7653381 
7582863 
7536770 
7589581 
7664839 
7584320 
7660256 
7607601 
7654423 
7562915 
7651558 
7600726 
7760096 
7586977 
7665881 
7562811 
7667912 
7610778 
7645933 
7575675 
7683953 
7615570 
7657391 
7578384 
7688327 
7584633 
7700931 
8030139 
7711504 
7631610 
7694994 
7695098 
7761658 
7671244 
7664370 
7577081 
7640881 
7627548 
7705046 
7645777 
7692807 
7634840 
7714160 
7613642 
7550468 
7684734 
7617445 
7562342 
7667079 
7652288 
7656037 
7640620 
7724472 
7626716 
7659631 
7661922 
7748743 
7653485 
7672859 
7654839 
7667911 
7561874 
7665411 
7630256 
7707598 
7625465 
7684004 
7668901 
7653173 
7606924 
7693535 
7587081 
7652287 
7630777 
7670204 
7627340 
7687598 
7542343 
7703848 
7652391 
7662026 
7557759 
7654527 
7655255 
7641245 
8825841 
7674473 
7653381 
7696869 
7488908 
7683536 
7665308 
7670880 
7629371 
7691244 
7551770 
7647912 
7617913 
7663954 
7625830 
7660932 
7625360 
7738169 
7644214 
7714212 
7940246 
7853385 
7674587 
7652454 
7595319 
7561206 
7677869 
7676567 
7609278 
7668391 
7536624 
7709118 
7667192 
7639328 
7622402 
7667244 
7654067 
7657766 
7592716 
7662869 
7655005 
7671619 
7558394 
7494959 
7466939 
7662348 
7572768 
7564331 
7918955 
7710316 
7615267 
7691202 
7566466 
7615996 
7603497 
7656724 
7622975 
7567039 
7621829 
7676046 
7440794 
7504281 
7427617 
7586154 
7630995 
7670213 
7593913 
7678077 
7605736 
7680161 
7596674 
7646151 
7598914 
7654380 
7628340 
7575269 
7655995 
7653808 
7617246 
7651203 
7645422 
7638755 
7660370 
7657245 
7595059 
7657036 
7728753 
7680682 
7697191 
7659484 
7639121 
7572039 
7488709 
7474959 
7436523 
7571935 
7605319 
7689535 
7706254 
8099209 
7503500 
7666515 
7627819 
7666463 
7672765 
7657244 
7610579 
7644380 
7658391 
7702452 
7622819 
7702087 
7655005 
7654797 
7594173 
7699118 
7610788 
7618027 
7624798 
7639121 
7611726 
7687920 
7679223 
7647818 
7623808 
7681567 
7653235 
7654745 
7594747 
7655058 
7634902 
7684743 
7497146 
7717503 
7646516 
7679900 
7608757 
7667244 
7617559 
7679536 
7567352 
7677453 
7531885 
7639225 
7624017 
7688858 
7594956 
7652297 
7685316 
7626309 
7633599 
7700889 
7655849 
7735376 
7603350 
7664234 
7651213 
7656265 
7597048 
7671525 
7588403 
7653453 
7614495 
7670170 
7562726 
7686368 
7633870 
7691993 
7665691 
7623766 
7664390 
7640016 
7588559 
7757408 
7440595 
7483042 
7527467 
8325775 
7984380 
7711368 
7613090 
7678243 
7623974 
7634599 
7665692 
7735846 
7650015 
7650275 
7523509 
7639963 
7650172 
7664598 
7668505 
7709284 
7698867 
7703451 
7626734 
7692462 
7598454 
7656942 
7640432 
7646473 
7665119 
7648557 
8800394 
7730794 
7611423 
7647880 
7511894 
7561789 
7584080 
7608714 
7676629 
7648557 
7577153 
7684910 
7654390 
7776887 
7741314 
7712096 
7636214 
7664702 
7599444 
7709440 
7628505 
7679753 
7618818 
7659181 
7617308 
7612985 
7699232 
7671942 
7645328 
7634442 
7662723 
7652775 
7620746 
7667462 
7660380 
7727096 
7661421 
7646734 
7615069 
7635537 
7544081 
7705326 
7698243 
7671369 
7671160 
7644547 
7635588 
7636682 
7675118 
7726991 
7666629 
8002035 
8112344 
7773344 
7653400 
7640276 
7650796 
7850008 
7668712 
7703972 
7631110 
7672671 
7595225 
7721992 
7623037 
7666005 
7552935 
7624964 
7608923 
7679962 
7685743 
7644442 
7577153 
7636422 
7661890 
7791625 
7666265 
7622047 
7657571 
7631067 
7609922 
7652890 
7630755 
7642213 
7582319 
7667108 
7625703 
7700700 
7621172 
7677732 
7566277 
7654764 
7637786 
7657942 
7635234 
7681222 
7641796 
7697159 
7581434 
7725231 
7555705 
7563621 
7654608 
7723095 
7607579 
7615963 
7510549 
7713669 
7616016 
7565600 
7617683 
7584818 
7629452 
7631379 
7613099 
7628203 
7575235 
7610443 
7630286 
7735856 
7668931 
7653671 
7615234 
7666691 
7583308 
7672837 
7560601 
7529091 
7445240 
7510550 
7844915 
7761428 
7625286 
7730647 
7497947 
7685076 
7721325 
7389512 
7196445 
7448260 
7320556 
7390710 
7368940 
7415865 
7341232 
7347221 
7224048 
7533831 
7452687 
7565287 
7576017 
7623411 
7565601 
7644296 
7634192 
7696169 
7621797 
7670337 
7713721 
7638671 
7553257 
7644973 
7592631 
7644920 
7553934 
7688877 
7519665 
7593673 
7621067 
7662212 
7639921 
7678931 
7554507 
7693461 
7712575 
7662681 
7703252 
7691898 
7625755 
7633202 
7619609 
7669087 
7616693 
7632733 
7590079 
7660337 
7602995 
7679972 
7578517 
7699346 
7614036 
7704971 
7642005 
7611953 
7607631 
7639661 
7623880 
7662629 
7573256 
7773458 
7686117 
7693096 
7632160 
7655128 
7607422 
8855561 
7650442 
7638827 
7599037 
7816902 
7619209 
7711439 
7629827 
7657274 
7519413 
7837268 
7678158 
7695971 
7565506 
7727116 
7628368 
7612223 
7643264 
7696075 
7619774 
7644253 
7633733 
7650659 
7561808 
7691231 
7739667 
7682065 
7481394 
7683366 
7645607 
7682482 
7551288 
7688002 
7630765 
7684565 
7655920 
7750657 
7620087 
7519362 
7466446 
7665972 
7576183 
7706543 
7635868 
7750552 
7667429 
7672273 
7600765 
7736542 
7621545 
7734771 
7676231 
7677117 
7609515 
7662117 
7619046 
7678731 
7706908 
7621129 
7636597 
7601338 
7558527 
7581026 
7483893 
7564308 
7519882 
7665295 
7621858 
7667898 
7618160 
7688002 
7595401 
7690919 
7607484 
7694564 
7598942 
7669305 
7666492 
7691492 
7766802 
7708054 
7596859 
8210123 
8116896 
7690033 
7655816 
7742428 
7581808 
7771229 
7647899 
7617535 
7561808 
7713314 
7615401 
7733522 
7670659 
7665087 
7570089 
7634462 
7658472 
7706179 
7647638 
7743052 
7626390 
7728677 
7701908 
7660555 
7581130 
7693262 
7654982 
7672847 
7595505 
7678732 
7600869 
7634201 
7564255 
7733782 
7714408 
7668576 
7621181 
7668941 
7637587 
7676805 
7634774 
7621650 
7656805 
7631181 
7572328 
7738729 
7616077 
7576182 
7651701 
7762791 
7618629 
7584359 
7612446 
7649835 
7632128 
7654679 
7662179 
7710511 
7631815 
7743478 
7536818 
7695147 
7666085 
7634628 
7512443 
7684366 
7554213 
7665877 
7646086 
7703115 
7516350 
7652076 
7646450 
7612753 
7574786 
7704834 
7578692 
7594525 
7783634 
7552390 
7525464 
7651086 
7476195 
7859569 
7580098 
7704105 
7665616 
7661762 
7528797 
7689522 
7619055 
7748062 
7623847 
7689782 
7616295 
7687647 
7622857 
7677543 
7621295 
7642492 
7623586 
7709886 
7573953 
7703324 
7599368 
7752802 
7533276 
7666502 
7578744 
7751760 
7601868 
7606608 
7667440 
7627441 
7624888 
7727802 
7640200 
7673481 
7672752 
7707386 
7599837 
7748270 
8757617 
7563432 
7565359 
7644888 
7638013 
7650409 
7661919 
7690928 
7672596 
7733114 
7519111 
7654523 
7620931 
7645565 
7611868 
7684887 
7604473 
7690407 
7643950 
7712959 
7651607 
7639472 
7582806 
7674887 
7640565 
7668793 
7587754 
7686137 
7643586 
7686606 
7678377 
7689157 
7630513 
7687908 
8157113 
7743374 
7646815 
7699990 
7678429 
7672023 
7635305 
7680044 
7672751 
7687439 
7651398 
7677075 
7625097 
7673168 
7675200 
7654054 
7579526 
7683012 
7622336 
7686502 
7638898 
7642908 
7631450 
7696969 
7671137 
7689470 
7790200 
7621617 
7628960 
7675470 
7607555 
7633856 
7641200 
7613648 
7634898 
7766144 
7627918 
7689375 
7611878 
7686406 
7480579 
7661408 
7598232 
7615314 
7588024 
7761144 
7566931 
7637970 
7640731 
7633491 
7544796 
7669948 
7629481 
7665678 
7502610 
7681823 
7484433 
7519849 
7359384 
7405321 
7360269 
7428132 
7222304 
7235325 
7260794 
7390686 
7435736 
7458392 
7585212 
7606669 
7668594 
7626304 
7614846 
7676355 
7657292 
7682448 
7605940 
7677396 
7604534 
7652033 
7612555 
7625575 
7691667 
7669116 
7655313 
7689636 
7626148 
7654064 
7662084 
7696094 
7626252 
7688647 
7628283 
7749790 
7607086 
7654845 
7653179 
7673282 
7596930 
7643178 
7593388 
7678126 
7505318 
7502818 
7602607 
7647501 
7596774 
7680782 
7655522 
7647918 
7625523 
7644273 
7569118 
7712552 
7630418 
7659793 
7605732 
7657553 
7651877 
7702656 
7605003 
7654741 
7619898 
7672189 
7644429 
7694480 
7609846 
7668595 
7628595 
7654429 
7606253 
7658439 
7642710 
7675053 
7607972 
7636981 
7648491 
7696771 
7645210 
7692969 
7658543 
7670105 
7615471 
7647761 
7579535 
7690053 
7655262 
7666928 
7627762 
7688594 
7694115 
7690000 
7646928 
7610107 
7609221 
7718698 
7588753 
7670890 
7590379 
7722614 
7598293 
7693552 
7649907 
7665219 
7623553 
7697718 
7472880 
7690374 
7503192 
7704593 
7639803 
8901593 
7594283 
7612407 
7627615 
7640532 
7617460 
7627667 
7624960 
7655115 
7614387 
7658760 
7587982 
7705270 
7640167 
7691780 
7623658 
7665427 
7465693 
7647407 
7629855 
7663135 
7599178 
7656469 
7604387 
7683343 
7668187 
7685739 
7638917 
7702666 
7464287 
7556472 
7548347 
7724280 
7583606 
7597199 
7584492 
7565065 
7551420 
7655532 
7642250 
7729280 
7609908 
7632094 
7598866 
7658969 
7570429 
7750164 
7632407 
7664490 
7594022 
7660323 
7548555 
7678447 
7654490 
7677927 
7559961 
7736675 
7586627 
7648396 
7608553 
7618345 
7626626 
7645375 
7677719 
7640167 
7644594 
7666885 
7628449 
7593814 
7638970 
7707561 
7652406 
7643761 
7561992 
7846829 
7638084 
7635272 
7601106 
7671000 
7627876 
7696832 
7636157 
7748862 
7669073 
7703603 
7574232 
7665167 
7616522 
7698082 
7589075 
7687405 
7587304 
7704749 
7569856 
7726519 
7588346 
7655115 
7613605 
7696728 
7606001 
7671572 
7550117 
7721779 
7628761 
7634126 
7644698 
7780060 
7677666 
7662042 
7568972 
7759122 
7675010 
7651312 
7651937 
7736935 
7643188 
7697041 
7621838 
7639819 
7643509 
7717102 
7621688 
7676947 
7649864 
7584449 
7446796 
7681166 
7686269 
7658874 
7612678 
7668457 
7659655 
7632573 
7590178 
7655280 
7610854 
7661217 
7609865 
7705539 
7553564 
7620385 
7622157 
7679134 
7580907 
7612781 
7490962 
7592366 
7406641 
7588719 
7581688 
7679082 
7576480 
7664812 
7639083 
7686530 
7641687 
7662051 
7611584 
7660020 
7657207 
7622781 
7600022 
7524763 
7570543 
7587470 
7523825 
7589917 
7511222 
7664447 
7646583 
7717310 
7645124 
7676738 
7564970 
7755903 
7611792 
7659447 
7582261 
7663093 
7640697 
7675124 
7522524 
7704290 
7640853 
7766631 
7644500 
7652260 
7633562 
7593563 
7565386 
7655905 
7593511 
7661530 
7636687 
7707779 
7641375 
7661947 
7660697 
7734237 
7638822 
7652260 
7571168 
7648458 
7663979 
7679499 
8851605 
7674811 
7616844 
7631583 
7612730 
7663874 
7625385 
7689603 
7639968 
7657207 
7673873 
7677467 
7681373 
7705591 
7643353 
7670645 
7600855 
7677623 
7658613 
7676894 
7635489 
7633718 
7594553 
7625594 
7589345 
7689030 
7619344 
7631844 
7560387 
7644917 
7602729 
7650437 
7642572 
7669290 
7634760 
7682832 
7584032 
7674707 
7615230 
7608251 
7753715 
7663769 
7563148 
7651284 
7490918 
7636645 
7649925 
7693101 
7655863 
7656696 
7629041 
7662998 
7932887 
7812890 
7893669 
7731851 
7204259 
7613416 
7545813 
7672216 
7633363 
7723829 
7408004 
7288163 
7551074 
7679976 
7687893 
7665029 
7644404 
7686695 
7652061 
7736433 
7645134 
7644092 
7568573 
7709976 
7568469 
7624874 
7656123 
7706122 
7614093 
7754923 
7591906 
7718257 
7688674 
7697841 
7701643 
7749402 
7612165 
7628415 
7554042 
7489147 
7487169 
7567895 
7585969 
7646436 
7569980 
7718621 
8352617 
7973147 
7609353 
7697945 
7645447 
7675602 
7864764 
8852084 
8827814 
8185902 
8505843 
9858467 
14732364 
16011396 
7728725 
7719091 
7776433 
7619978 
7789818 
7707580 
8125278 
7656488 
10252833 
12680381 
8523759 
8054291 
8133143 
8218767 
20118331 
10091848 
8247151 
11913315 
9283272 
9072913 
8722348 
9332959 
8696671 
7940700 
7628051 
7718309 
7756486 
7661123 
7578885 
7803567 
7684456 
7670185 
7430920 
7667581 
8859115 
7648988 
7838983 
20525145 
7654248 
7486700 
7618936 
7552428 
7428889 
7425556 
7463211 
7519876 
7498002 
7511387 
7460034 
8665631 
8494905 
13119861 
11020641 
8279087 
8263984 
8181798 
8243983 
8198464 
28089897 
8140652 
9289065 
16944728 
8032999 
8331117 
8148829 
7964928 
7544156 
7468116 
7410357 
7510823 
7403117 
22006543 
7724255 
8319503 
7713944 
7715141 
7716704 
8081956 
7749880 
7482751 
7469938 
7768734 
7735609 
7579519 
7211247 
7332233 
7186194 
7169372 
7116456 
7540250 
7782327 
7703631 
8889438 
7696392 
7656392 
7682954 
7884930 
7761078 
7604883 
7710922 
7567593 
7697225 
7650455 
7740140 
7473949 
7582905 
7672330 
7636601 
7670142 
7691861 
7617539 
7671496 
7720246 
7787328 
7692850 
7729412 
7639518 
7584935 
7630248 
7651236 
7648580 
7673163 
7645143 
7543530 
7628945 
7598946 
7489521 
7633529 
7596133 
7619310 
7595873 
7694204 
7625196 
7667850 
8063207 
8440959 
8089664 
7743735 
7911282 
7759203 
7768369 
7697902 
7655767 
7660664 
7682746 
7681861 
7583113 
7674153 
7647590 
7729359 
7635300 
7696704 
7522333 
7636550 
7644622 
7685976 
7569467 
7701652 
7981646 
7713110 
7716756 
7826754 
7877690 
8001229 
7862482 
7871335 
7826441 
7889461 
7809514 
7891648 
7805139 
7858940 
7920918 
7699256 
7639271 
7785930 
7748796 
7716661 
7629475 
7746712 
7568279 
7810461 
7745150 
7751452 
7524529 
7695255 
7594997 
7673120 
7641871 
7690724 
7609528 
7683797 
7619528 
7654110 
7682443 
7758847 
7698015 
7554164 
7645673 
8031446 
8579872 
7783951 
7736348 
7759629 
7668328 
8868460 
7956969 
7893168 
7601663 
7911656 
7391407 
7466145 
7194120 
7334325 
7347449 
7440313 
8192328 
7907125 
7535467 
7552393 
7548904 
7545415 
7501770 
7425834 
7285212 
7234900 
7893480 
8098268 
7902334 
7809888 
7645099 
7756244 
7809523 
7863116 
7897386 
7987385 
7914365 
7729213 
7858012 
7624163 
7858637 
7853897 
7571247 
7492186 
7718900 
7496614 
8180401 
7861189 
7234639 
8095403 
7780617 
7900459 
8069257 
7675672 
7896084 
7715984 
7728953 
7967645 
7894990 
7911448 
7875824 
8168318 
7943896 
8531227 
8250035 
15565298 
22767803 
7864367 
7792649 
7957072 
7780930 
8259358 
7738118 
7754785 
8251649 
8508311 
7981603 
8402012 
8123892 
8363366 
7619007 
7744473 
8117017 
7755983 
8082642 
7847804 
8286024 
7962228 
7376721 
8687005 
7849731 
7993530 
8304305 
7915511 
8467948 
7327607 
8051445 
9055748 
7398756 
7852294 
7456207 
8029737 
8260044 
7470373 
8333585 
7738596 
7820470 
8327075 
7662973 
10340576 
8042393 
8677432 
7955832 
8662224 
8304888 
7761825 
8831804 
7902291 
8807325 
8409052 
8008070 
8273847 
7747867 
8386032 
9387731 
12975628 
9171329 
7856980 
7850053 
7865574 
8418896 
7982915 
8649725 
8071402 
7869115 
8264680 
7609172 
8763316 
8072601 
8401761 
8473218 
7785367 
8828835 
7829116 
7889896 
7858646 
7342042 
8591808 
7924426 
8083642 
7965102 
7444904 
8663787 
7541986 
7790211 
7951092 
7206264 
7611620 
8295252 
7850105 
7669431 
7729847 
7751930 
7614849 
7586412 
7731045 
7556413 
7686566 
7492039 
7659431 
7584329 
7605422 
7538132 
7623131 
7577818 
7661411 
7616932 
7712555 
7604797 
7705004 
7668807 
7614745 
7807554 
7982289 
7639171 
8215619 
8308585 
8299939 
7846667 
7724639 
7737711 
7658754 
7699326 
7789533 
8054007 
8079840 
7454071 
7403760 
7445322 
7397457 
7358500 
7516570 
7413291 
7381885 
7504851 
7402978 
8187338 
7341156 
7174650 
7394593 
7261262 
7347146 
7559381 
7634432 
7477977 
7571829 
7456050 
7614328 
7589537 
7501622 
7656254 
7666463 
7538549 
7754274 
7639486 
7643767 
7480746 
7570275 
7553349 
7670430 
7709231 
7648295 
7637982 
7700064 
7605588 
7700169 
7659285 
7688242 
7564651 
7743762 
7638191 
7657097 
7637566 
7684284 
7596056 
7728554 
7595119 
7647097 
7616890 
7877926 
7999226 
8437551 
7743241 
7740324 
7730742 
7687253 
7554390 
8128598 
7992767 
7773918 
7631108 
7914332 
7575744 
7843343 
7698867 
7692825 
7567671 
7716210 
7615535 
7693138 
7639754 
7763917 
7576057 
7693554 
7625743 
7882092 
7619805 
7695273 
7594755 
7556057 
7639649 
7702043 
7569078 
7627879 
7586577 
7643608 
7475902 
7690533 
7611316 
7725741 
7650690 
7660222 
7636264 
7679284 
7607931 
7672826 
7448976 
7528245 
7543297 
7632826 
7589078 
7691680 
8858898 
7758137 
7634233 
7622046 
7604389 
7671992 
7554807 
7581005 
7478246 
7403768 
7461215 
7720950 
8465884 
8230523 
8692963 
7682877 
7742200 
7714231 
7615170 
7686575 
7783240 
7708398 
7573296 
7654596 
7584234 
7687825 
7598452 
7687461 
7571213 
7659753 
7688554 
7741782 
7577515 
7688763 
7578036 
7653399 
7634858 
8083443 
7686524 
7687617 
7627983 
7692097 
7592306 
7679284 
7624233 
7671628 
7600274 
7631003 
7651160 
7657826 
7605640 
7692565 
7687724 
7648929 
7604659 
7914340 
7644866 
7675960 
7642314 
7676637 
7617887 
7700543 
7582107 
7697783 
7563045 
7653669 
7613773 
7642471 
7647731 
7682939 
7653252 
7669189 
7529816 
7617158 
7494869 
7638668 
7549659 
10500962 
7876113 
7821425 
7284820 
7332841 
7210603 
7405496 
7234248 
7254873 
7346486 
7339507 
7245602 
7311851 
7198156 
7446693 
7271487 
7507473 
7172427 
7242477 
7302008 
7289561 
7202270 
7426172 
7295445 
7278466 
7322424 
7319768 
7187686 
7278311 
7559608 
7715907 
7670543 
7684189 
7592524 
