1328281 
1271927 
1342032 
1262604 
1347917 
1259011 
1267083 
1330000 
1231718 
1301041 
1292968 
1314062 
1479114 
1113906 
1286927 
1253802 
1325990 
1246406 
1245781 
1279583 
1248386 
1317344 
1215781 
1338385 
1211459 
1251198 
1319167 
1243646 
1264375 
1251250 
1325989 
1555052 
2138698 
1265156 
1260104 
1240156 
1318385 
1212187 
1230052 
1245885 
1263594 
1366823 
1222448 
1242240 
1246094 
1324635 
1255468 
1308490 
1250156 
1317865 
1326406 
1312552 
1271615 
1188072 
1208386 
1207292 
1184270 
1200677 
1185313 
1189219 
1192240 
1186458 
1198177 
1189844 
1228697 
1286563 
1198333 
1206771 
1212500 
1229844 
1239584 
1218385 
1183386 
1252136 
1212188 
1364011 
1217187 
1202865 
1292761 
1209479 
1292343 
1294063 
1214948 
1231927 
1217917 
1193750 
1276406 
1224427 
1251458 
1262344 
1219739 
1201145 
1199635 
1205781 
1205208 
1213906 
1230885 
1242708 
1361875 
1215208 
1232083 
1244531 
1232969 
1366563 
1208750 
1243281 
1250313 
1219375 
1360417 
1219687 
1297135 
1152187 
1254896 
1405573 
1177240 
1225261 
1228385 
1222605 
1226823 
1346562 
1195416 
1373542 
1191615 
1149375 
1196042 
1194375 
1240469 
1228073 
1238490 
1199323 
1234636 
1138750 
1281146 
1190417 
1184271 
1184844 
1156719 
1227344 
1211667 
1178907 
1146562 
1226198 
1187708 
1189167 
1206354 
1182708 
1301406 
1927605 
1201354 
1207708 
1121354 
1167656 
1182604 
1169792 
1212240 
1267344 
1141563 
1215833 
1175313 
1189375 
1217084 
1224896 
1217396 
1183177 
1159688 
1151979 
1147448 
1138802 
1213073 
1295886 
1188854 
1211198 
1163437 
1149062 
1177448 
1138230 
1179635 
1266927 
1240052 
1132552 
1154166 
1145990 
1198125 
1141562 
1209479 
1348646 
1094167 
1218229 
1134480 
1403333 
1215156 
1336198 
1113698 
1219323 
1136302 
1150781 
1147500 
1148177 
1210261 
1338854 
1125990 
1151354 
1148385 
1139427 
1145260 
1146771 
1220677 
1325365 
1097604 
1233229 
1127552 
1177864 
1199531 
1284635 
1369479 
1340052 
1292500 
1317396 
1340885 
1254375 
1240833 
1327916 
1233958 
1310886 
2997917 
1400729 
1313334 
1189219 
1210729 
1179062 
1145468 
1132969 
1129895 
1171302 
1127291 
1121823 
1139583 
1115261 
1135990 
1113802 
1127864 
1161615 
1130781 
1116146 
1151718 
1123593 
1117187 
1128021 
1132187 
1112500 
1164010 
1131042 
1132760 
1129584 
1115312 
1124479 
1123750 
1125417 
1121563 
1115365 
1125000 
1147447 
1129062 
1122188 
1116771 
1129583 
1125469 
1122864 
1110886 
1115364 
1131823 
1130000 
1494218 
2331927 
1471979 
1360104 
1330521 
1270469 
1236093 
1293958 
1198541 
1273490 
1232656 
1247240 
1228125 
1236042 
1264635 
1629063 
10292761 
1838958 
13969062 
4050885 
7195625 
1254115 
1410416 
1506198 
1387344 
1345989 
1406510 
1266823 
1413073 
1469687 
1347916 
3689844 
1365156 
1393437 
1931198 
1954011 
1110938 
1110729 
1208177 
1178281 
1161354 
1157917 
1179531 
1166041 
1495625 
1216458 
1155937 
1156718 
1165209 
1153802 
1162240 
1153333 
1168594 
1162604 
1167708 
1161614 
1304375 
1199062 
1138542 
1145208 
1159792 
1174532 
1163333 
1159531 
1184948 
1156511 
1134739 
1179114 
1176459 
1171562 
1509791 
1172916 
1182865 
1193437 
1461666 
2719167 
1232604 
1246250 
1173073 
1176771 
1236354 
1171250 
1092083 
1720677 
1102188 
1158854 
1174635 
1158802 
1147865 
1167656 
1103177 
1158021 
1182396 
1140209 
1125729 
1504583 
2350677 
1569010 
1506354 
1325417 
1220000 
1247135 
5203594 
1276094 
1231250 
1249062 
1214635 
1215625 
1317552 
1267500 
1186719 
1230885 
1450677 
1246511 
1168542 
1172187 
1134896 
1152969 
1173437 
1150364 
1142812 
1249792 
1243542 
1226667 
1227864 
1216510 
1225052 
1215937 
1215573 
1207708 
1219011 
1231042 
1207135 
1218906 
1282031 
1212656 
1332604 
1265000 
1153229 
1276250 
1244740 
1290104 
1450937 
1300469 
1179739 
1256666 
1447448 
2405938 
3174323 
1808906 
1379739 
1380417 
1323906 
1385417 
1391563 
1363073 
1625209 
1392969 
1432084 
5609791 
1218854 
1253021 
1157500 
1187813 
1267708 
1238750 
1256979 
1239792 
1185938 
1194739 
1221719 
1194948 
1170573 
1196615 
9344844 
1510364 
1240781 
1252552 
1203958 
1214480 
1216510 
1225469 
1250834 
1133229 
1225312 
1219323 
1280521 
1316823 
1253854 
1134531 
1189166 
1190157 
1200469 
1175000 
1176042 
1181771 
1181823 
1190937 
1205573 
1189792 
1484219 
1260157 
1308229 
1288855 
1356614 
1385625 
1168854 
2389844 
1330417 
3635730 
1341771 
1064114 
10224375 
1250730 
1152135 
1137500 
1114166 
1138386 
1100156 
1128334 
1099219 
1136302 
1124792 
1269739 
1167135 
1129323 
1128021 
1149114 
1134791 
1150000 
1155677 
1180885 
1134479 
1126407 
1119740 
1117031 
1141667 
1118959 
1166667 
1130000 
1097292 
1122187 
1117865 
1116511 
1103958 
1132292 
1358697 
1195521 
1168073 
1127760 
1182917 
1169219 
1323334 
1288073 
1176927 
1190052 
1198073 
1202447 
1179844 
1183281 
1170209 
1192396 
1157240 
1249114 
1173437 
1190104 
1207917 
1203698 
1182187 
1206250 
1136979 
1293333 
1128021 
1153541 
1194271 
1197343 
1175416 
1181459 
1206093 
1316458 
19129688 
1099011 
1134740 
1208802 
1342343 
1219063 
1145208 
1122187 
1158437 
1138854 
1145000 
1146302 
1150365 
1133020 
1095417 
1170989 
1148854 
1156667 
1149063 
1094792 
1097031 
1111094 
1119271 
1096875 
1096146 
1095312 
1095000 
1093229 
1096615 
1091354 
1109740 
1112448 
1090781 
1101562 
1107031 
1108541 
1129011 
1106562 
1103021 
1098386 
17122343 
1150937 
1175625 
1157656 
1125886 
1140104 
1121979 
1111771 
1123802 
1121302 
1143490 
1117865 
1101614 
1096979 
1137709 
1130053 
1111666 
1117604 
1112292 
1102709 
1129843 
1085260 
1121302 
1135104 
1092813 
1149635 
1082604 
1116823 
1086719 
1125989 
1126666 
1109115 
1117448 
1163230 
1117656 
1073125 
1162448 
1146198 
1090468 
1132969 
1132917 
1123073 
1252552 
1134947 
1067135 
1208438 
1226875 
1199740 
1098125 
1090417 
1188385 
1105886 
1105833 
1106927 
1115729 
1114843 
1158906 
1145990 
1205260 
1196250 
1096614 
1129323 
1109375 
1147135 
1112604 
1104271 
1097396 
1112031 
1305468 
1104166 
1198593 
1154896 
1105729 
1116927 
1112135 
1118802 
1132864 
1594271 
1162292 
1158490 
1163020 
1198854 
1165625 
1259062 
1085625 
1124323 
1109167 
1102969 
1241822 
1175990 
1185469 
1387708 
1189479 
1251563 
1284532 
1152031 
1256979 
1304844 
1234948 
1232709 
1060104 
1097188 
1131198 
1107552 
1121667 
1120573 
1164479 
1179166 
1092188 
1144948 
1140625 
1095573 
1121406 
1172916 
1203750 
1140468 
1168542 
1157032 
1134479 
1211979 
1198125 
1117136 
1156354 
1171511 
1155990 
1124270 
1111407 
1191875 
1184687 
1195990 
1115573 
1215938 
1140834 
1151198 
1154219 
1152448 
1141771 
1159427 
1170365 
1112917 
1150104 
1139844 
1145677 
1164688 
1151511 
1175417 
1142031 
1257761 
1233802 
1080261 
1204740 
1096250 
1172448 
1142031 
1153906 
1240625 
1305937 
1090313 
1212709 
1144635 
1156303 
1147031 
1169062 
1147812 
1191667 
1372760 
1081094 
1197291 
1101823 
1160052 
1154739 
1327240 
1358438 
1304114 
1303177 
1185937 
1322292 
1151146 
1279844 
1102084 
1136406 
1205312 
1105990 
1196927 
1208281 
1250417 
1175989 
1186823 
1122604 
1090937 
1203438 
1147240 
1134323 
1175208 
1248906 
1209271 
1196771 
1167761 
1160521 
1158594 
1111198 
1185938 
1165781 
1285833 
1157135 
1241875 
1122604 
1160104 
1148073 
1174166 
1208750 
1171770 
1170625 
1235885 
1151354 
1183906 
1182708 
1135469 
1250677 
1243229 
1141146 
1201666 
1169218 
1150938 
1162396 
1657031 
1343958 
1433854 
1055833 
1137135 
1277448 
1240313 
1232604 
1143646 
1241979 
1247135 
1167500 
1189948 
1204687 
1125053 
1141666 
1156510 
1246979 
1243282 
1152291 
1193907 
1127916 
1166354 
1185937 
1207084 
1314375 
1119687 
1197396 
1190208 
1126875 
1151198 
1154896 
1187500 
1442083 
1098958 
1169063 
1178229 
1171250 
1138750 
1172813 
1191875 
1304219 
1110052 
1178542 
1150312 
1159115 
1152291 
1152084 
1269583 
1444166 
1043385 
1276459 
1087917 
1202448 
1140834 
1259063 
1496562 
976094 
1290000 
1089479 
1170573 
1152500 
1275885 
1500938 
1075104 
1171614 
1145781 
1101615 
1150833 
1259427 
1432343 
1081979 
1222084 
1124739 
1140782 
1153698 
1196666 
1378281 
1068541 
1285573 
1109271 
1141615 
1136302 
1162136 
1148802 
1262344 
1504167 
1045938 
1182761 
1155156 
1149896 
1140885 
1263855 
983281 
1295833 
1119375 
1164740 
1178959 
1153854 
1153750 
1277552 
1414271 
1072552 
1243490 
1145261 
1165782 
1193125 
1366667 
1078697 
1289739 
1126250 
1190208 
1157917 
1199011 
1294011 
1080833 
1356563 
1086511 
1193125 
1140937 
1149947 
1157761 
1184375 
1459219 
1175937 
1321042 
1660833 
1342552 
1219844 
1222291 
1244479 
1196250 
1280989 
1194375 
1234219 
1386563 
1158229 
1246667 
1289844 
1179584 
1246979 
1236563 
1225625 
1052188 
1119375 
1097239 
1122552 
1105105 
1109114 
1242812 
1250052 
1136771 
1243802 
1236823 
1141406 
1263542 
1114010 
1455938 
1202240 
1201198 
1132604 
1163542 
1157032 
1151458 
1108958 
1247448 
1190312 
1179011 
1185052 
1112916 
1148854 
1154479 
5044271 
1424166 
1215885 
1428438 
1449844 
1345520 
1992396 
1116927 
1129167 
1118542 
1102135 
1094427 
1242969 
1126770 
1139115 
1155312 
1160782 
1160209 
1165729 
1273125 
1237552 
1131510 
1217240 
1087240 
1154271 
1148489 
1149740 
1243541 
1246303 
1181823 
1194844 
1111562 
1147916 
1150000 
1187969 
1315104 
1091875 
1202865 
1148594 
1227917 
1193698 
1213490 
1368281 
1260417 
1231719 
1149636 
1164583 
1201406 
1301302 
1164062 
1171719 
1173542 
1235416 
1192188 
1170104 
1313333 
1109271 
1196250 
1143594 
1126250 
1144531 
1157136 
1145625 
1190833 
1303854 
1090208 
1203854 
1120104 
1823073 
1152344 
1306354 
1293698 
1106979 
1115521 
1172292 
1233125 
1152292 
1319062 
1163698 
1241198 
1178333 
1349218 
1494375 
1292187 
1392291 
1235729 
1056406 
1139011 
1134167 
1085729 
1109531 
1127760 
2068281 
1138750 
1138281 
1080833 
1103594 
1110052 
1132604 
1122500 
1234948 
1059323 
1269948 
1306042 
1158489 
1079896 
1159635 
1149532 
1168646 
1141719 
1120156 
1155989 
1153333 
1106823 
1165364 
1144323 
1151771 
1150416 
1149635 
1150521 
1199843 
1256563 
1098333 
1150677 
1149375 
1235573 
1139740 
1165781 
1278802 
1285104 
1071303 
1196511 
1114115 
1147083 
1147656 
1137552 
1173906 
1166302 
1296042 
1078073 
1210469 
1112865 
1424896 
1159792 
1128750 
1535469 
1110885 
1288750 
1080312 
2058437 
1193802 
1266302 
1144896 
1259375 
1275104 
1227552 
1230677 
1226407 
1164531 
1203385 
1384114 
1166666 
1173750 
1244739 
1167240 
1255521 
1291041 
1197135 
1311823 
1247709 
1292552 
1326354 
1164584 
1266510 
1194323 
1201667 
1533698 
1188906 
11089792 
1145469 
1168385 
1147916 
1144375 
1141875 
1161719 
1147031 
1155312 
1146406 
1173958 
1132656 
1148438 
1179635 
1169271 
1299531 
1211927 
1134323 
1105000 
1116407 
1099635 
1140625 
1105938 
1166770 
1184844 
1140833 
1173125 
1258646 
1183282 
1121302 
1166927 
1138437 
1181823 
2218542 
1448229 
1190000 
1234740 
7988594 
1123906 
1238230 
1280938 
3378334 
17558542 
2911198 
1191042 
1116250 
1154844 
1803698 
1144427 
1127448 
1147709 
1136718 
1147812 
1219166 
11974531 
3897813 
4004114 
4050312 
3976927 
6340625 
1449844 
1189063 
1149167 
1171666 
1134270 
1255105 
5296302 
1960833 
1256302 
1258438 
1161355 
1314010 
1146875 
1181302 
1164844 
1177240 
1206614 
1183125 
1242292 
1322917 
1232708 
2011666 
1478073 
1259271 
1288438 
1213646 
1187083 
1197500 
1236094 
34051145 
1316718 
1204479 
1406094 
4583594 
1491927 
1198177 
1199687 
1282448 
10537604 
1228542 
1186771 
1468177 
1397083 
1368229 
1199167 
1186823 
1172135 
1199167 
1166302 
1170156 
1274010 
1256041 
1282500 
1155989 
1296562 
1230156 
1313646 
1110834 
1118594 
1141667 
1114010 
1317917 
1091510 
1089479 
1089791 
1108021 
1052916 
1103073 
1125833 
4309323 
1424636 
1298542 
7587344 
1176511 
1137344 
1167188 
1122188 
1134323 
1223437 
1158541 
1090053 
1116771 
1146771 
1107917 
1104844 
1111354 
1119011 
1129375 
1163072 
1261250 
1143541 
1198542 
1199323 
1198646 
1193698 
1192500 
1196562 
1195677 
1199115 
1320729 
1177708 
1188906 
1302136 
1192135 
6544583 
1209688 
1185781 
1077604 
1269948 
1133854 
1110000 
1096458 
1097865 
1098959 
1101666 
1094011 
1105885 
1101458 
1178333 
1101302 
1106458 
1102864 
1113542 
1100260 
1107188 
1143073 
1065781 
1094271 
1094531 
1098594 
1097552 
1083072 
1115052 
1099062 
1119584 
1113125 
1128646 
1108438 
1052083 
1103854 
1106719 
1107865 
1094427 
1097969 
1120052 
1268698 
1136250 
1131093 
1117656 
1116510 
1154583 
1063750 
1135677 
1113698 
1125781 
1129323 
1116459 
1122552 
1153698 
1095730 
1108958 
1120781 
1111823 
1100677 
1117708 
1125677 
1114636 
1123698 
1116928 
1108386 
1127448 
1145312 
1148698 
1120312 
1114948 
1100781 
1113490 
1101250 
1111614 
1152709 
1110521 
1111198 
1133490 
1084010 
1121979 
1104375 
1107448 
1110208 
1102657 
1083334 
1119948 
1081979 
1089166 
1105156 
1098802 
1084323 
1084739 
1104323 
1106042 
1097239 
1087448 
1081406 
1097083 
1102448 
1118333 
1109062 
1087240 
1099011 
1097448 
1076302 
1102604 
1102083 
1081459 
1096354 
1089844 
1126927 
1104167 
1110990 
1160729 
1169062 
1111146 
1103177 
1127709 
1106875 
1089531 
1134583 
1119843 
1119896 
1077760 
1158021 
1128854 
1143333 
1107188 
1111197 
1108386 
1127031 
1115313 
1114271 
1097448 
1121406 
1123959 
1153438 
1129688 
1129062 
1165209 
1152448 
1090521 
1106250 
1131979 
1135937 
1140521 
1115000 
1105677 
1103541 
1187969 
1188906 
1194375 
1190573 
1044948 
1116302 
1106614 
1110364 
1105729 
1109114 
1101302 
1108697 
1113490 
1196927 
1319062 
1254427 
1203229 
1137031 
1101615 
2369271 
1671771 
1269635 
1289688 
2101510 
1259115 
1200104 
1081979 
1217188 
1089740 
1120052 
1122032 
1129114 
1121145 
1260052 
1266667 
1265000 
1696719 
1118021 
1107500 
1101719 
1120573 
1153072 
1163333 
1114791 
1133229 
1161198 
1204323 
1300260 
1349531 
2235573 
1162031 
1087760 
1082500 
1104166 
1229271 
1190104 
1121458 
1118490 
1133802 
1175781 
1281510 
1571927 
1182760 
1159635 
1175364 
1099375 
1151302 
1126042 
1204011 
1121458 
1126562 
1108438 
1202240 
1131718 
1223178 
1216927 
1269271 
2186562 
1186042 
1098281 
1172761 
1104219 
1102813 
1095625 
1126198 
1117187 
1099740 
1527864 
1420833 
1248229 
1323125 
1189271 
1248281 
1157135 
1095990 
1111667 
1116510 
1095729 
1117968 
1118646 
1198437 
1277552 
1264323 
1615052 
1237709 
1101302 
1123282 
1128020 
1151771 
1108177 
1113281 
1099271 
1125417 
1170261 
1199635 
1342865 
1207604 
2183125 
1189219 
1092656 
1124635 
1300260 
1092656 
1135364 
1107552 
1115937 
1114948 
1180469 
1281823 
1260156 
1212239 
1137760 
1168906 
1123281 
1107552 
1140260 
1123542 
1102605 
1116666 
1091406 
1299740 
1286667 
1324062 
1471979 
1173802 
1252604 
1104792 
1149792 
1176666 
1133646 
1139323 
1144218 
1162812 
1147553 
1436354 
1356771 
1722187 
1155521 
1101146 
1129323 
1143125 
1087396 
1168698 
1063698 
1188229 
1096250 
1233333 
1181719 
1247865 
1280834 
1160156 
1111510 
1148334 
1094688 
1094219 
1103542 
1141979 
1100677 
1089948 
1154167 
1129166 
1172813 
1319740 
1242604 
1488646 
1234531 
1127604 
1106146 
1119323 
1118750 
1123594 
1127708 
1137292 
1204323 
1127083 
1306980 
1231042 
1484531 
1163281 
1125730 
1132604 
1138438 
1116927 
1125156 
1125416 
1123073 
1110521 
1105833 
1150312 
1199583 
1226875 
1209271 
1422552 
1148073 
1125260 
1098906 
1099219 
1117865 
1132917 
1121302 
1131875 
1126927 
1163489 
1301719 
1235364 
1593698 
1158802 
1122031 
1105468 
1103333 
1105261 
1114479 
1116146 
1119271 
1089948 
1112084 
1171197 
1285260 
1227605 
2092240 
1167709 
1183334 
1110417 
1108177 
1091511 
1151823 
1130886 
1190156 
1123854 
1231563 
1177135 
1408750 
1323073 
1240208 
1214792 
1074427 
1177604 
1168750 
1108646 
1195833 
1098281 
1229115 
1153385 
1132240 
1314010 
1103906 
1095000 
1119948 
1106458 
1102708 
1123125 
1194114 
1095938 
1105521 
1110729 
1089166 
1099427 
1143229 
1417865 
1088750 
1097500 
1093489 
1120625 
1072188 
1102864 
1335782 
1146875 
1374740 
1213907 
3362552 
1199219 
1142657 
1122135 
1166719 
1083750 
1105468 
1121667 
1111823 
1159114 
1144323 
1201771 
1297917 
1262031 
8621563 
1201094 
1146823 
1185104 
1144584 
1159948 
1173802 
1196406 
1308177 
1174688 
1195053 
1159010 
1134427 
1210261 
1131875 
1116042 
1120416 
1147187 
1149740 
1137604 
1222552 
1272396 
1700938 
2270156 
1746770 
1423437 
1251198 
13987083 
1434011 
1162656 
1145000 
1098802 
1168645 
1162396 
1194062 
1161198 
1259167 
1238386 
1476302 
1638907 
2955729 
1280469 
1138698 
1233125 
1186354 
1138021 
1241250 
1124062 
1208281 
1387448 
1367500 
1277083 
1117084 
1132656 
1105781 
1119010 
1099375 
1097032 
1099010 
1095625 
1088125 
1096459 
1137344 
1298385 
1260312 
1744948 
1177032 
1066875 
1135365 
1131146 
1109843 
1211511 
1043177 
1097917 
1138073 
1221093 
1229219 
1239218 
1254322 
1468646 
1141927 
1125052 
1100469 
1104323 
1104583 
1099740 
1089635 
1101041 
1097656 
1261823 
1289063 
1242708 
1155573 
1120729 
1142500 
1082760 
1097761 
1099844 
1091979 
1095521 
1167969 
1165000 
1185208 
1201563 
1295312 
2183125 
1162135 
1111042 
1172395 
1156198 
1137865 
1133177 
1155469 
1144166 
1107188 
1109375 
1173073 
1306875 
2517552 
1278282 
1095729 
1107344 
1102188 
1109375 
1097500 
1100573 
1099844 
1104479 
1109271 
2242083 
1392708 
2164166 
1186250 
1113958 
1120261 
1100677 
1162135 
1089011 
1119114 
1114114 
1131250 
1173958 
1266250 
2629583 
1185937 
1152916 
1113802 
1125729 
1100417 
1135104 
1105157 
1088021 
1224167 
1085520 
1152500 
1317709 
1234375 
1121771 
1151510 
1101458 
1102188 
1123125 
1107760 
1089323 
1065677 
1098073 
1169792 
1092240 
1121458 
1287136 
1262031 
1684114 
1108541 
1094219 
1102344 
1089583 
1137500 
1115156 
1125313 
1124948 
1136250 
1120469 
1111406 
1310104 
1257031 
1245312 
1114166 
1136094 
1155312 
1070677 
1099583 
1103958 
1129740 
1148125 
1103855 
1093073 
1102187 
1256667 
1275052 
2305937 
1159844 
1106302 
1128021 
1110573 
1096458 
1116459 
1105521 
1099480 
1121302 
1099740 
1148593 
1614062 
1269947 
1550364 
1240990 
1135312 
1129532 
1136354 
1193854 
1177605 
1093646 
1214115 
1177188 
1228229 
1242292 
1215260 
1211302 
1163958 
1124375 
1132448 
1106927 
1109740 
1080365 
1102708 
1146458 
1092969 
1086459 
1111354 
1205312 
1248698 
1220937 
1848281 
1134740 
1123385 
1128229 
1128906 
1204011 
1096562 
1143802 
1083334 
1108281 
1158698 
1287032 
1354010 
1188542 
1317968 
1128490 
1150677 
1119531 
1102344 
1136198 
1134062 
1132761 
1141354 
1109427 
1154167 
1304687 
1218959 
1295208 
1124844 
1104479 
1102136 
1143594 
1120052 
1109167 
1111510 
1135886 
1121354 
1159792 
1265313 
1319687 
1172500 
1204739 
1088697 
1122552 
1108489 
1110521 
1158385 
1105260 
1224531 
1106198 
1127083 
1186771 
1310521 
1213386 
1586094 
1116093 
1111771 
1101667 
1092917 
1120000 
1114844 
1120573 
1124480 
1140260 
1121250 
1138020 
1370885 
1199427 
1880625 
1153229 
1102709 
1098386 
1131355 
1112396 
1118542 
1104271 
1122396 
1120781 
1140885 
1180052 
1309270 
1240365 
1283385 
1187344 
1093958 
1098906 
1135729 
1104323 
1160990 
1126146 
1190573 
1067604 
1205677 
1488594 
1263073 
1238125 
1226614 
1103802 
1151562 
1102604 
1138072 
1128802 
1145573 
1151875 
1218489 
1198698 
1500885 
1304375 
1195469 
1177031 
997657 
1105208 
1093802 
1103541 
1102187 
1103907 
1139583 
1101458 
1093177 
1143073 
1371042 
1254271 
1215937 
1147032 
1155833 
1125313 
1179427 
1106198 
1094740 
1132448 
1199375 
1111354 
1153854 
1219011 
1147500 
1306510 
1215833 
1153230 
1154583 
1183958 
1201823 
1142656 
1184167 
1187448 
1159167 
1134375 
1256562 
1335469 
1224063 
1186250 
1245521 
1433646 
1337864 
11015521 
9553229 
4684219 
1154063 
1140000 
1145417 
1121250 
1133438 
1143385 
1253125 
1331563 
1146354 
1144792 
1138698 
1119427 
1330469 
2295208 
1171615 
1340521 
1218542 
1091510 
1584062 
1559635 
1123125 
1105260 
1090208 
1113802 
1322032 
1443854 
2265364 
1152239 
1161354 
1116302 
1108073 
1109896 
1130156 
1169896 
1110937 
1112552 
1127552 
1160469 
1655364 
1186250 
1160625 
1105052 
1120157 
1135365 
1128021 
1126354 
1113958 
1249948 
1442865 
1412708 
1202135 
1124739 
1375365 
1174896 
1104636 
1217187 
1169323 
1120261 
1128594 
1148958 
1428490 
1354843 
1264948 
1946302 
1160885 
1271511 
1306980 
1380156 
1343750 
1304479 
1235938 
1195990 
1083177 
1100104 
1100000 
1087396 
1088646 
1086927 
1130104 
1260677 
1285000 
1210834 
1172969 
1158802 
1220781 
1070990 
1087760 
1103906 
1101041 
1116302 
1083333 
1098645 
1173490 
1245989 
1263906 
1181407 
1852448 
1105989 
1136042 
1342032 
1094166 
1874479 
1111042 
1079583 
1089323 
1124844 
1216666 
1278489 
1207239 
1201094 
1153177 
1134531 
1090677 
1110260 
1136250 
1130677 
1119062 
1114375 
1162240 
1131458 
1381979 
1480209 
1450937 
1133750 
1124010 
1060417 
1089427 
1116927 
1155782 
1110208 
1100782 
1177135 
1100260 
1097917 
1105573 
1088073 
1105156 
1116198 
1102552 
1147656 
1101563 
1111146 
1113802 
1103177 
1140989 
1133438 
1133282 
1135990 
1130261 
1134270 
1134947 
1140833 
1143854 
1148750 
1132135 
1133178 
1138437 
1131980 
1136771 
1140156 
1141927 
1141197 
1139219 
1142864 
1142812 
1138438 
1137240 
1138490 
1145677 
1128907 
1136875 
1139219 
1135312 
1141354 
1136771 
1141823 
1139219 
1138177 
1148229 
1133854 
1135000 
1134479 
1148021 
1134532 
1138750 
1124375 
1143073 
1173489 
1143594 
1145990 
1137865 
1139115 
1140261 
1131146 
1175052 
1095937 
1139584 
1135052 
1132552 
1130990 
1130104 
1170521 
1135781 
1139270 
1144219 
1146197 
1288490 
1146510 
1101406 
1074219 
1169114 
1146614 
1140573 
1132240 
1148021 
1148437 
1142864 
1136094 
1147083 
1135937 
1133750 
1135156 
1132813 
1141458 
1144063 
1171823 
1125834 
1144427 
1152240 
1144167 
1134479 
1132552 
1170208 
1125365 
1148490 
1137760 
1149740 
1146979 
1140989 
1145365 
1140677 
1160833 
1146875 
1133490 
1148645 
1138854 
1141458 
1129583 
1142657 
1134844 
1440000 
1094687 
1127448 
1140260 
1145469 
1143646 
1179010 
1147291 
1126979 
1132291 
1129531 
1084948 
1093593 
1123282 
1085416 
1141615 
1144219 
1134688 
1127448 
1139948 
1178125 
1135313 
1135000 
1127760 
1135104 
1064271 
1111875 
1125938 
1142656 
1131979 
1142657 
1140573 
1132187 
1143698 
1147031 
1055365 
1119271 
1128125 
1112448 
1112187 
1113958 
1141406 
1120261 
1113073 
1125729 
1097448 
1156459 
1103854 
1099323 
1125208 
1136875 
1133438 
1103437 
1102344 
1125052 
1109167 
1098281 
1103646 
1095573 
1088906 
1126771 
1126667 
1122604 
1130885 
1130729 
1076303 
1167084 
1112760 
1117500 
1112240 
1128334 
1119271 
1113021 
1147396 
1092083 
1104375 
1103177 
1127239 
1132761 
1178854 
1154427 
1134584 
1156511 
1144323 
1148750 
1147760 
1150521 
1241042 
1212761 
1194948 
1137031 
1161407 
1152031 
1154375 
1141406 
1110468 
1198437 
1185469 
1179844 
1195886 
1125834 
1144740 
1152917 
1140208 
1122448 
1179167 
1247916 
1230625 
1099427 
1165573 
1151198 
1173229 
1143907 
1451094 
1120156 
1191250 
1163750 
1185208 
1181718 
1162396 
1160157 
1220781 
1164531 
1271354 
1108177 
1150677 
1148854 
1138802 
1150834 
1109479 
1211198 
1235469 
1188542 
1119792 
1141823 
1146563 
1142552 
1144792 
1224167 
1314583 
1095782 
1139531 
1171146 
1144635 
1153229 
1154167 
1142708 
1197188 
1374167 
1102969 
1142188 
1167604 
1162344 
1155572 
1146041 
1160625 
1218698 
1173073 
1104636 
1185938 
1109010 
1173750 
1142240 
1153646 
1157344 
1204844 
1319375 
1078177 
1158281 
1132500 
1149166 
1155989 
1196146 
1145000 
1146614 
1249375 
1242968 
1104479 
1165000 
1146198 
1131719 
1160104 
1156250 
1150729 
1306823 
1099791 
8933073 
11903489 
7973698 
1109010 
1129531 
1108282 
1107604 
1147708 
1106614 
1128386 
1111562 
1133334 
1131406 
1130781 
1117187 
1108229 
1161250 
1140781 
1147813 
1146614 
1130781 
1103177 
1104167 
1126667 
1110053 
1149583 
1111146 
1096771 
1398646 
1176770 
1158021 
1155677 
1157031 
1149844 
1141458 
1159791 
1129167 
1130729 
1156823 
1144375 
1130365 
1145677 
1137396 
1139271 
1155364 
1137396 
1148698 
1145260 
1158073 
1144167 
1140000 
1146511 
1151406 
1141041 
1144062 
1140104 
1148854 
1145156 
1137500 
1140416 
1140573 
1138906 
1138021 
1144896 
1287760 
1090156 
1115156 
1084479 
1115104 
1122865 
1107448 
1136615 
1131354 
1125156 
1178959 
1112083 
1151250 
1104792 
1133281 
1118907 
1115261 
1127188 
1125417 
1118125 
1163802 
1126406 
1117969 
1115208 
1119114 
1129583 
1121875 
1127969 
1133645 
1114531 
1132292 
1118958 
1139792 
1134896 
1126042 
1108021 
1142396 
1107917 
1108334 
1113073 
1119479 
1108646 
1110990 
1140990 
1111667 
1095156 
1131406 
1115521 
1130365 
1097708 
1125625 
1101042 
1136146 
1129532 
1078437 
1132135 
1118281 
1113646 
1116407 
1117240 
1131146 
1115886 
1151979 
1130678 
1134844 
1152032 
1212865 
1082292 
1138178 
1113073 
1124427 
1097187 
1130521 
1095104 
1158698 
1262135 
1259948 
1064011 
1077187 
1247500 
1077813 
1121719 
1127969 
1139010 
1105000 
1195573 
1103593 
1177500 
1130781 
1224479 
1156406 
1129375 
1178438 
1070468 
1124219 
1179948 
1189114 
1188698 
1127448 
1155209 
1134427 
1089687 
1114688 
1121719 
1151094 
1115677 
1096250 
1115573 
1128958 
1215052 
1196667 
1197500 
1098802 
1148333 
1107812 
1124583 
1116145 
1119218 
1131771 
1152448 
1251563 
1161406 
1148698 
1093073 
1108334 
1105990 
1120157 
1149270 
1092969 
1117760 
1118489 
1128802 
1216302 
1243906 
1128385 
1108125 
1195625 
1197500 
1100834 
1163594 
1281354 
1151302 
1161458 
1244739 
1303958 
1110260 
1241823 
1172343 
1200573 
1162344 
1185209 
1189688 
1193385 
1111041 
1243229 
1153333 
1258906 
1249792 
1125104 
1158646 
1162240 
1168125 
1150469 
1158333 
1245417 
1275885 
1106510 
1153333 
1156979 
1151250 
1143229 
1192136 
1284896 
1105937 
1213698 
1106875 
1155834 
1469218 
1138698 
1208490 
1183750 
1175833 
1145730 
1149895 
1148802 
1171927 
1140990 
1175208 
1252865 
1106927 
1157448 
1227500 
1166042 
1159584 
1145521 
1273698 
1311146 
1101459 
1191511 
1165521 
1138698 
1207083 
1209792 
1311615 
1081458 
1182240 
1148906 
1157500 
1151979 
1148697 
1197864 
1396146 
1076042 
1217239 
1125625 
1175989 
1153594 
1155885 
1227552 
1209270 
1310833 
1080781 
1154896 
1167239 
1160990 
1181771 
1187864 
1314792 
1090885 
1201354 
1114219 
1415781 
982552 
1189844 
1178802 
1153334 
1109271 
1172656 
1233854 
1215104 
1194219 
1201927 
1236667 
1242604 
1413021 
1137135 
1156771 
1105573 
1136354 
1098802 
1099948 
1133593 
1105469 
1116145 
1122553 
1147812 
1138438 
1135260 
1125781 
1159636 
1132187 
1163281 
1279687 
1244010 
1079895 
1156198 
1173802 
1175313 
1138385 
1182657 
1365313 
1311718 
1351614 
1137135 
1125730 
1170156 
1164583 
1093750 
1108750 
1147500 
1168958 
1168854 
1137135 
1120312 
1142500 
1119427 
1100156 
1146198 
1101927 
1234115 
1155000 
1099115 
1167447 
1126823 
1112968 
1184584 
1203489 
1256510 
1248386 
3126979 
1227344 
1105625 
1110521 
1108125 
1109011 
1092448 
1142187 
1140104 
1161927 
1120209 
1153750 
1141406 
1135312 
1125625 
1120521 
1290417 
1220416 
1200104 
1168854 
1184167 
1170729 
1163021 
1169375 
1288333 
1104375 
1162135 
1230052 
1179062 
1164792 
1146302 
7620052 
1343229 
1214583 
1285572 
1483334 
1112239 
1138438 
1194271 
1159063 
1078385 
1138386 
1092917 
1203906 
1088230 
1264166 
1178125 
1230885 
1164167 
1072500 
1201875 
1188646 
1131875 
1188229 
1101719 
1186875 
1178646 
1143594 
1091927 
1129844 
1128333 
1148229 
1150781 
1092500 
1126875 
1128646 
1134323 
1108177 
1120468 
1117500 
1125886 
1130365 
1121458 
1125729 
1130312 
1124635 
1156979 
1124062 
1131614 
1126875 
1129375 
1132500 
1171145 
1126875 
1127396 
1134115 
1140834 
1121354 
1130364 
1165782 
1150104 
1074010 
1176771 
1150989 
1156093 
1152239 
1159688 
1149947 
1150573 
1158542 
1149323 
1155000 
1126302 
1140417 
1118542 
1209375 
1193698 
1103750 
1149218 
1151927 
1133750 
1136875 
1127656 
1129896 
1214948 
1187291 
1196771 
1128281 
1146250 
1143230 
1189948 
1199739 
1140521 
1167865 
1251198 
1110209 
1161614 
1138229 
1189427 
1153854 
1146875 
1159219 
1239375 
1242135 
1090053 
1279688 
1079687 
1250625 
1098334 
1097500 
1157968 
1324479 
1189532 
1128229 
1160000 
1140000 
1149219 
1154219 
1155261 
1128438 
1159427 
1048229 
1177187 
1249375 
1270261 
1203229 
1130573 
1251719 
1107396 
1177135 
1097656 
1183125 
1118854 
1127448 
1159687 
1147135 
1128906 
1154687 
1145468 
1219114 
1203438 
1159896 
1149584 
1157292 
1162031 
1122604 
1217344 
1237083 
1220521 
1170312 
1204479 
1136718 
1207136 
1123021 
1241927 
1269062 
1144427 
1193594 
1154688 
1124687 
1153438 
1150729 
1720312 
1100312 
1162865 
1141562 
1150365 
1246823 
1234218 
1107604 
1163802 
1233489 
1154323 
1150885 
1142761 
1177448 
1185417 
1166615 
1282396 
1132865 
1120208 
1147552 
1143802 
1138334 
1237343 
1277604 
1147292 
1105938 
1189896 
1163802 
1149896 
1171979 
1336823 
1213437 
1106979 
1151250 
1148229 
1150989 
1158906 
1123125 
1136875 
1255260 
1236198 
1080677 
1165312 
1193281 
1153229 
1185156 
1179792 
1264688 
1248281 
1120417 
1136458 
1201354 
1096198 
1210938 
1156093 
1125677 
1284480 
1181979 
1115053 
1199219 
1118593 
1159323 
1176355 
1152448 
1195521 
1321198 
1108645 
1194062 
1108906 
1201719 
1143855 
1120000 
1134635 
1200469 
1308281 
1078958 
1203282 
1116771 
1152864 
1151303 
1150416 
1155260 
1181250 
1334896 
1093230 
1167344 
1138854 
1184688 
1151042 
1185417 
1162500 
1215156 
1249531 
1118802 
1169323 
1119584 
1156458 
1148438 
1155572 
1178906 
1211042 
1217552 
1583542 
1532187 
1373178 
1108178 
1173906 
1309948 
1200417 
1237187 
1232708 
1227084 
1102917 
1231979 
1188281 
1194375 
1090625 
1224583 
1193333 
1190209 
1195312 
1156302 
1165521 
1194792 
1202448 
1210313 
1225260 
1166302 
1164479 
1164479 
1194270 
1190625 
1199010 
1080417 
1207344 
1173698 
1201823 
1144270 
1201146 
1187708 
1121354 
1124531 
1136093 
1115156 
1114791 
1109843 
1115521 
1130469 
1120156 
1115990 
1166354 
1110052 
1107968 
1111771 
1114219 
1110834 
1118438 
1325938 
1126458 
1115364 
1129167 
1145417 
1161354 
1156198 
1119583 
1122813 
1128541 
1102135 
1173593 
1147656 
1149375 
1177865 
1142865 
1159739 
1154010 
1138594 
1160468 
1141459 
1277604 
1240417 
1118646 
1214479 
1209896 
1150104 
1139375 
1155677 
1156407 
1337500 
1495937 
1208490 
1226042 
1160573 
1308906 
1245937 
1294427 
2705886 
1153802 
1108750 
1105260 
1100625 
1102865 
1099375 
1113020 
1103750 
1104792 
1097656 
1106458 
1157812 
1149791 
1148854 
1111197 
1136927 
1129063 
1132812 
1152604 
1126354 
1100938 
1189896 
1149844 
1155989 
1125677 
1205885 
1097605 
1131459 
1128438 
1125989 
1125729 
1116875 
1131822 
1217500 
1238281 
2722083 
1242292 
1078907 
1208906 
1266146 
1269010 
1155833 
1145364 
1315365 
1084323 
1130468 
1105104 
1171354 
1106146 
1119063 
1118437 
1170209 
1142083 
1143281 
1161511 
1200729 
1190521 
1188281 
1212292 
1117760 
1157500 
1157136 
1119063 
1156823 
1250990 
1141354 
1164531 
1171563 
1206875 
1191927 
1184011 
1315677 
1262031 
1235521 
1284844 
1399062 
1090156 
1186979 
1223281 
1286458 
1110834 
1089479 
1109896 
1098229 
1183438 
1115729 
1152291 
1108333 
1184115 
1108386 
1125989 
1258073 
1091302 
1102135 
1121354 
1117656 
1130521 
1130781 
1082448 
1206823 
1160416 
1098646 
1131302 
1094583 
1158959 
1196407 
1189375 
1165677 
1094584 
1110521 
1233802 
1244791 
1130000 
1172448 
1157187 
1154844 
1153907 
1167031 
1470469 
1114948 
1207760 
1127604 
1195677 
1101146 
1146042 
1190156 
1327083 
1100677 
1202343 
1438438 
1123646 
1098958 
1192187 
1254166 
1235104 
1101823 
1158229 
1139896 
1162657 
1154427 
1146407 
1134167 
1311250 
1250833 
1096928 
1143646 
1158281 
1154688 
1149115 
1166875 
1141302 
1235781 
1226927 
1088177 
1207136 
1102500 
1160677 
1167968 
1159687 
1240469 
1313073 
1105208 
1208698 
1196771 
1171927 
1201042 
1114739 
1146250 
1142552 
1133281 
1185625 
1163907 
1152969 
1157552 
1369531 
3423334 
1508750 
1287292 
1140990 
1145573 
1103594 
1191667 
1128438 
1130885 
1129271 
1132292 
1116458 
1123073 
1128750 
1150729 
1117761 
1144427 
1134791 
1760000 
1292761 
1255677 
1240052 
2159375 
1232604 
1306302 
1225104 
1202761 
1267032 
1218646 
1237760 
1194063 
1203229 
1193698 
1208750 
1448125 
1216666 
1200208 
1384740 
1636042 
1770468 
1242239 
1171198 
1208542 
1151354 
1291927 
1108437 
1160000 
1161927 
1172865 
1283281 
1145937 
1118177 
1246146 
1625834 
1381615 
1685834 
1226875 
1244010 
1367917 
1272500 
1179844 
17412812 
1183542 
1138750 
5435313 
1159479 
1655729 
1122448 
1100313 
1131250 
1106302 
1113802 
1103229 
1102343 
1164427 
1088229 
1129115 
1102292 
1121042 
1125989 
1099843 
1111250 
1107552 
1203855 
1196511 
1160364 
1117761 
1152865 
1153750 
1571718 
1297500 
1271250 
1162084 
1161927 
1140000 
1236459 
1701563 
1264479 
1200365 
1207813 
1368698 
1192448 
1150625 
14041042 
1299635 
1424531 
1112500 
1151823 
1127396 
1134896 
1134010 
1145521 
1203281 
1184323 
1181510 
1137552 
1131407 
1120938 
1145573 
1135313 
1132083 
1198334 
1150208 
1433802 
1467188 
1334844 
1252969 
1193073 
1136354 
1215625 
1088229 
1131198 
1114167 
1118281 
1118334 
1118437 
1140833 
1126094 
1125729 
1108177 
1115417 
1128385 
1113437 
1142656 
1025781 
1118646 
1464896 
1172187 
1119062 
4393177 
1300000 
1250052 
1155521 
1163333 
1079844 
1087865 
1072343 
1091823 
1092760 
1087136 
1125261 
1361927 
1308906 
1297344 
1467812 
1330208 
1235261 
12863906 
1481250 
1175208 
1200313 
1162552 
1170312 
1167865 
1175572 
1178385 
1190833 
1174792 
1166666 
1182917 
1226354 
1178907 
1147657 
1173906 
1163802 
1180052 
1145365 
1219375 
1423281 
1280886 
1488334 
1457135 
1246615 
1134843 
1103594 
1144844 
1176718 
1143229 
1207344 
1172240 
1169687 
1120052 
1151718 
1109271 
1099532 
1108125 
1107292 
1108437 
1106718 
1103229 
1107187 
1107135 
1128698 
1106719 
1151354 
1100729 
1182083 
1110729 
1105781 
1096354 
1124531 
1128959 
1101562 
1233802 
1116771 
1099114 
1130365 
1174531 
1167812 
1137031 
1153385 
1149843 
1122135 
1184739 
1147552 
1132969 
1186563 
1123437 
1100313 
1117344 
1107031 
1230990 
1111563 
1112657 
1106979 
1106093 
1102812 
1095365 
1210729 
1108073 
1103229 
1105416 
1093542 
1100417 
1102552 
1191041 
1102864 
1275468 
1106146 
1121145 
1127344 
1101511 
1191458 
1100729 
1087553 
1101771 
1101771 
1102500 
1099375 
1211718 
1152552 
1126667 
1103750 
1101511 
1170417 
1121198 
1095313 
1132448 
1109792 
1119323 
1119740 
1178177 
1098437 
1162135 
1119687 
1104635 
1094948 
1132188 
1132188 
1100000 
1128906 
1109375 
1106198 
1121615 
1127969 
1148541 
1096250 
1161771 
1094896 
1105677 
1096146 
1108385 
1117187 
1091302 
1100365 
1110261 
1110313 
1090781 
1098438 
1129531 
1115520 
1096354 
1105208 
1096250 
1094791 
1109635 
1123386 
1105417 
1109791 
1111511 
1108021 
1105468 
1113906 
1119844 
1113021 
1100834 
1110729 
1110677 
1101407 
1095469 
1125729 
1122864 
1134791 
1121042 
1113229 
1103802 
1106667 
1137344 
1107864 
1122292 
1136146 
1119948 
1124323 
1115677 
1142396 
1113907 
1113958 
1111458 
1115208 
1110937 
1087291 
1158958 
1131302 
1127969 
1131823 
1127709 
1120938 
1118438 
1144063 
1101562 
1157552 
1115000 
1100260 
1159063 
1112760 
1129323 
1181198 
1117969 
1140156 
1139323 
1204844 
1192188 
1190625 
2860469 
1252083 
1128333 
1145677 
1151927 
1354427 
1210312 
1231771 
1164271 
1086927 
1236302 
1269792 
4454948 
1327917 
1205781 
1111770 
1127239 
1110469 
1108282 
1124167 
1113802 
1126146 
1126615 
1111927 
1146719 
1215521 
1180053 
1144479 
1195104 
1184271 
1161094 
1165208 
1283021 
1202604 
1197760 
1230156 
1163750 
1298802 
1125312 
1138541 
1199844 
1352813 
1163282 
1163281 
1157760 
1218645 
1179792 
1372188 
1163437 
1265052 
1196458 
1194791 
1163385 
1202761 
1294687 
1141823 
1158438 
1166667 
1213021 
1165261 
1536510 
1225156 
1123177 
1218750 
1218750 
1111354 
1273959 
1129740 
4638489 
1276458 
1256562 
1155156 
1177917 
1146146 
14364062 
1222240 
1139166 
1212761 
1154011 
1187917 
1144010 
1168854 
1163541 
1165468 
1166666 
1162448 
1428437 
1170261 
1130729 
1139635 
1141615 
1179062 
1157396 
1166510 
1179063 
1149635 
1187083 
1199844 
1189062 
1170886 
1160677 
1186250 
1139844 
1176197 
1155833 
1145573 
1231510 
1436146 
1188021 
1138021 
1132292 
1296198 
1245052 
1227083 
1188281 
1140781 
1114167 
1138750 
1157031 
3075833 
1209635 
1694896 
1335052 
1258698 
1220364 
1468438 
1018594 
1099531 
1145729 
1097240 
1105781 
1114479 
1159896 
1335573 
1299896 
5668229 
1191146 
1105625 
1131979 
1120052 
1125000 
1109114 
1134636 
1259219 
1379636 
4528750 
1348229 
1142605 
1110208 
1291041 
1173021 
1113229 
1073438 
1166666 
2158333 
1298750 
4572396 
1156198 
1151563 
1127344 
1127552 
1103854 
1181146 
1168334 
1181771 
1248698 
1267604 
4517240 
1252396 
1320261 
1121198 
1202812 
1142760 
1153802 
1172969 
1267344 
1243697 
3705573 
1215937 
1090417 
1108437 
1051250 
1102864 
1084635 
1102813 
1098698 
1224375 
2198906 
1259322 
3667969 
1157708 
1162916 
1091407 
1099115 
1107396 
1099323 
1099114 
1146354 
1551615 
1288125 
1226302 
1264063 
1127916 
1113541 
1286250 
1134219 
1102239 
1106198 
1132708 
1113750 
1121927 
1543229 
1255105 
1309374 
1177396 
1109792 
1116667 
1121042 
1120573 
1104011 
1089427 
1108542 
1109843 
1101406 
1143437 
1298750 
1243437 
1290625 
1184063 
1109531 
1142187 
1159115 
1164010 
1140625 
1154480 
1142448 
1145521 
1149323 
1163437 
1168437 
1274271 
1230729 
3035157 
1212709 
1101198 
1201250 
1095729 
1096615 
1104271 
1105260 
1174583 
1213333 
1224427 
1222084 
2109948 
1190937 
1115938 
1109687 
1103073 
1100261 
1099688 
1097813 
1098333 
1099583 
1258855 
1272239 
1214844 
1121979 
1162864 
2591302 
1133333 
1102969 
1151042 
1075364 
1090468 
1126718 
1169896 
1234740 
1309062 
1168281 
1135782 
2140052 
1233750 
1101354 
1105104 
1148333 
1115625 
1130469 
1168281 
1198334 
1393281 
1311146 
1216771 
1176562 
1220781 
1099010 
1126302 
1112657 
1125365 
1082917 
1175989 
1110781 
1142292 
1139167 
1412344 
1375053 
1999896 
1266198 
1080729 
1109896 
1145521 
1112969 
1140573 
1410469 
1200416 
1113958 
1180625 
1198489 
1272708 
1200990 
1169635 
1183125 
1108958 
1205781 
1105104 
1122657 
1130052 
1118490 
1100573 
1135834 
1285365 
1272396 
1150938 
1151771 
1186614 
1109479 
1119531 
1098334 
1136614 
1099063 
1104479 
1148489 
1107813 
1120104 
1274219 
1326302 
1188698 
1118125 
1174323 
1112708 
1102239 
1085052 
1107135 
1100886 
1109427 
1158125 
1092291 
1142032 
1250365 
1232708 
1215364 
1620052 
1157552 
1153594 
1130677 
1096406 
1096510 
1108750 
1099844 
1163281 
1101615 
1122865 
1321823 
1189271 
1211771 
5234791 
1325053 
1146406 
1110312 
1092448 
1105782 
1320781 
1476875 
1323333 
1232135 
1249375 
1093645 
1104531 
1100677 
1118750 
1137240 
1099011 
1254479 
1103906 
1155521 
1217032 
1404062 
1365000 
2154427 
1124844 
1108646 
1126198 
1155156 
1133750 
1109375 
1110938 
1099062 
1103073 
1180052 
1256718 
1295417 
1154323 
1198437 
1149792 
1108854 
1096041 
1132083 
1097343 
1094895 
1103645 
1099895 
1108177 
1106770 
1154636 
1319427 
1288490 
1370469 
1158437 
1087239 
1206250 
1080052 
1109480 
1116094 
1141146 
1136459 
1115156 
1140572 
1143802 
1311354 
1211875 
1205886 
1119896 
1182813 
1104219 
1116093 
1103385 
1122187 
1125261 
1112292 
1108698 
1134687 
1214531 
1241041 
1233645 
2080261 
1214792 
1101094 
1091563 
1099062 
1096198 
1097396 
1105000 
1100990 
1136719 
1206250 
1294323 
1206458 
1687656 
1330469 
1115729 
1078907 
1113489 
1114791 
1101927 
1104219 
1101198 
1114844 
1197708 
1279948 
1271250 
1159844 
1194167 
1140781 
1141198 
1073906 
1117760 
1105834 
1127864 
1111093 
1122813 
1164844 
1156146 
1278646 
1242084 
4434063 
1144271 
1164375 
1082083 
1096562 
1100834 
1119114 
1134062 
1294375 
1228855 
1163594 
1125052 
1100416 
1134166 
1126146 
1103125 
1112760 
1104479 
1159219 
1128333 
1197865 
1108907 
1124271 
1097656 
1108594 
1102292 
1159427 
1136354 
1104323 
1114479 
1120417 
1110052 
1109323 
1139844 
1097344 
1117916 
1118125 
1110729 
1108437 
1122084 
1098072 
1157864 
1141771 
1120989 
1299479 
1129740 
1164270 
1165833 
1144635 
1235156 
1113333 
1231458 
1192500 
1171875 
1114114 
1247656 
1207344 
1100312 
1232604 
1117604 
1251355 
1185469 
1082969 
1120625 
1098281 
1171875 
1154480 
1246614 
1202344 
1233646 
1109636 
1109896 
1178230 
1161718 
1162552 
1212760 
1077656 
1125260 
1165417 
1099427 
1152083 
1210521 
1312135 
1101250 
1093698 
1116458 
1212500 
1172864 
1165416 
1130000 
1073750 
1218594 
1209687 
1175156 
1171927 
1218802 
1092604 
1121822 
1079427 
1201510 
1110885 
1173177 
1165833 
1175730 
1085833 
1211354 
1166198 
1159531 
1154010 
1208802 
1170625 
1154167 
1153750 
1152136 
1160000 
1152969 
1159531 
1174011 
1158125 
1157031 
1132239 
1159583 
1169792 
1162083 
1160261 
1168802 
1160156 
1164792 
1161875 
1148593 
1151458 
1227552 
1234427 
1093438 
1104115 
1114687 
1114792 
1096407 
1104479 
1111250 
1050365 
1093333 
1096459 
1126510 
1130833 
1131458 
1131511 
1212812 
1182083 
1250053 
1236614 
1095416 
1131510 
1287604 
1225261 
1210208 
18371302 
1189583 
1100573 
1116563 
1110573 
1109270 
1110209 
1115833 
1145625 
1232344 
1103073 
1098229 
1096458 
1113073 
1111354 
1095677 
1088959 
1105678 
1098802 
1140000 
1107656 
1136771 
1094532 
1098750 
1094375 
1090052 
1097605 
1100000 
1098282 
1093907 
1109792 
1086927 
1102760 
1103073 
1135885 
1123750 
1144323 
1166875 
1208698 
1167916 
1158646 
1117240 
1119531 
1113698 
1124635 
1227812 
1224583 
1140261 
1109583 
1115730 
1154792 
1294219 
2817448 
1143646 
1361302 
1551875 
1374167 
1278750 
1670104 
1231563 
1236511 
1111563 
1261042 
1190730 
1136823 
1104166 
1140781 
1207344 
1165417 
1101979 
1098802 
1158177 
3858230 
1427240 
1278125 
12774531 
1214531 
1136823 
1222761 
1180938 
1183489 
1136042 
1265052 
1117708 
1095000 
1133541 
1097187 
1136615 
1132188 
1105104 
1128230 
1126146 
1129583 
1127395 
1129375 
1232708 
1119895 
1096302 
1126927 
1133021 
1106562 
1111511 
1128073 
1140417 
1126406 
1117969 
1089688 
1132500 
1127395 
1109063 
1134792 
1118593 
1133125 
1159427 
1280573 
1183177 
1136719 
1115677 
1120938 
1111927 
1598645 
1195625 
1280261 
1248177 
1226094 
1204428 
1182031 
1194896 
1210989 
1179791 
3800625 
1446302 
1339219 
1164115 
1203854 
1146146 
1264479 
1222448 
1209635 
1311614 
1335781 
1283541 
1221771 
1585885 
1296927 
1214583 
1327812 
1229271 
1225938 
1274011 
1233385 
1218854 
1287031 
1229896 
3247083 
1512657 
1584532 
1264167 
1349635 
1544635 
1239843 
1237812 
1303490 
1943125 
1163125 
1229063 
1199948 
1208177 
1294427 
1204636 
1199791 
1247917 
1196510 
1201927 
1199687 
1210886 
1492032 
1207968 
1211354 
1229323 
1205573 
1168646 
1131980 
1162500 
1153698 
1139323 
1156094 
1156250 
1162657 
1133906 
1141198 
1157708 
1314896 
1293959 
1159480 
1192291 
1241094 
1353645 
1189166 
1113020 
1187032 
1163073 
1401407 
9706927 
1203958 
1151771 
1167761 
12883906 
1170157 
1165573 
1358229 
1155781 
1135469 
1143386 
1154271 
1145104 
1139427 
1185208 
1155312 
1196510 
1220209 
1207813 
1237865 
1236355 
1206875 
1139011 
1169844 
1164011 
1145261 
1156875 
1168542 
1194844 
1156875 
1175834 
1215625 
1142656 
1173073 
1148490 
1355990 
1231771 
1271406 
1238385 
3477812 
1384271 
1422083 
1222604 
1312344 
1192604 
1142291 
1238906 
1197708 
1214948 
1249583 
1138125 
1132188 
1167135 
1086718 
1146198 
1116771 
1129687 
1134531 
1143385 
1133907 
1139166 
1128334 
1096458 
1128646 
1097083 
1094011 
1130105 
1120000 
1297552 
1145260 
1136198 
1112500 
1137448 
1125261 
1118906 
1126979 
1124532 
1132500 
1151510 
1111146 
1125000 
1111771 
1129844 
1108333 
1106198 
1125052 
1146927 
1130573 
1148542 
1106197 
1102448 
1106458 
1123750 
1281458 
1239271 
2831250 
1284479 
1463020 
1384531 
1154271 
1183906 
1185625 
1139375 
1163125 
1199010 
1201250 
1153750 
1150781 
1149792 
1138802 
1145469 
1162969 
1134375 
1145521 
1136823 
1176667 
1164063 
1144063 
1158489 
1158229 
1174948 
1156094 
1142500 
1196927 
1168906 
1242292 
1320834 
1162969 
1224948 
1158177 
1335937 
1220677 
1167448 
1154010 
1180677 
1179948 
1182344 
1194167 
1188906 
1154010 
1158958 
1153073 
1171666 
1168802 
1173386 
1195573 
5909688 
1247604 
1174635 
1186459 
1094010 
1105573 
1100156 
1099218 
1091354 
1106198 
1129688 
1110573 
1173333 
1265052 
1227604 
1209114 
1152500 
1471250 
1200521 
1080209 
1135573 
1181042 
1090364 
1117968 
1115156 
1114635 
1254844 
1371406 
1358958 
1253490 
1196510 
1326875 
1195105 
1136406 
1137031 
1138281 
1124687 
1150052 
1150886 
1142135 
1131510 
1161146 
1215781 
1235729 
1184063 
1177552 
1158333 
1213698 
1195105 
1220885 
1159531 
1130990 
1118229 
1168490 
1114791 
1092656 
1101979 
1127344 
1467136 
1355521 
1225729 
1544531 
1107500 
1106146 
1103594 
1105469 
1111094 
1120833 
1110000 
1253333 
1122344 
1212864 
1431511 
1315937 
1226823 
1137344 
1209271 
1191198 
1141198 
1101354 
1095625 
1101094 
1101875 
1092240 
1107291 
1337969 
1321615 
1296354 
1413125 
1152760 
1076458 
1128542 
1153438 
1082604 
1088959 
1116458 
1093802 
1078854 
1124895 
1161823 
1264948 
1227865 
2256927 
1107396 
1098073 
1129427 
1128750 
1093594 
1141614 
1097187 
1114635 
1134896 
1237968 
1283125 
1263541 
1251146 
1221719 
1176615 
1079739 
1110521 
1134271 
1160781 
1161771 
1146875 
1131562 
1122968 
2044948 
1203177 
1589844 
1108020 
1094011 
1107760 
1181198 
1110781 
1137343 
1112813 
1119791 
1119271 
1099323 
1162500 
1095677 
1249792 
1108593 
1120052 
1116146 
1123229 
1156615 
1101510 
1146146 
1108958 
1107083 
1127136 
1193386 
1131875 
1097396 
1112031 
1134739 
1117032 
1095312 
1210052 
1099166 
1125312 
1106927 
1097604 
1137552 
1064270 
1182344 
1142552 
1113073 
1155677 
1123594 
1087813 
1125521 
1171666 
1142083 
1100469 
1093385 
1115156 
1165052 
1155521 
1185729 
1154636 
1108386 
1132917 
10994063 
1182396 
1156719 
1211875 
1146354 
1136354 
1133750 
1113802 
1117500 
1109115 
1093333 
1105782 
1159323 
1093802 
1117656 
1106667 
1105833 
1102761 
1102188 
1119896 
1102813 
1101979 
1131719 
1135157 
1139218 
1128125 
1123125 
1128333 
1114480 
1124167 
1106823 
1133958 
1108542 
1136041 
1095052 
2942969 
1120364 
1157448 
1133073 
1147657 
1085313 
1142291 
1098958 
1113802 
1107864 
1121145 
1133177 
1106667 
1172968 
1197136 
1196927 
1109115 
1232396 
1221093 
1315677 
1260781 
1240313 
1172448 
1110989 
1128073 
1119011 
1089948 
1092240 
1111771 
1155573 
1076406 
1132448 
1189427 
1260625 
1331875 
1192500 
1184844 
1133021 
1182344 
1142448 
1106146 
1098281 
1103802 
1101459 
1097916 
1165729 
1086250 
1236406 
1285521 
1207084 
1437187 
1129948 
1095677 
1124792 
1106146 
1122969 
1100625 
1118021 
1137917 
1117448 
1184271 
1130105 
1129583 
1136042 
1135781 
1090625 
1124218 
1124636 
1121302 
1129479 
1112552 
1113698 
1104270 
1178125 
1157135 
1155261 
1165156 
1062031 
1108385 
1429948 
1122656 
1160938 
1150782 
1170312 
1373385 
1144480 
1323438 
2173854 
1295937 
1213958 
1138073 
1661823 
1189219 
1159896 
1155573 
1313438 
1179583 
1138750 
1114427 
1170052 
1185678 
1124792 
1132552 
1128802 
1106615 
1143229 
1146094 
1141042 
1123489 
1308959 
1300521 
1141198 
1119427 
1148750 
1207344 
1277343 
1108177 
1199739 
1261406 
1248230 
1204948 
1297031 
1299063 
1258073 
1460469 
1296354 
11636459 
1206094 
1155521 
1179688 
1144271 
1142969 
1174167 
1165677 
1181823 
1294427 
1165573 
1150678 
1137291 
1196718 
1137083 
1151459 
1135573 
1167604 
1142864 
1132500 
1183854 
1168281 
1164896 
1147396 
1174791 
1135573 
1165416 
1146666 
1132865 
1142500 
1172239 
1121823 
1202968 
1167083 
1194219 
1346355 
1221979 
1185208 
1119010 
1392135 
1249271 
1139428 
1250625 
1295938 
1207865 
1150938 
1165625 
1177031 
1123281 
1134479 
1163385 
1115469 
1132188 
1160885 
1232552 
1334167 
1178386 
1265156 
1180365 
2230625 
1238958 
1172708 
1202865 
1187552 
819427 
1443542 
1272708 
1283854 
1274531 
1267553 
1275104 
1684843 
1225730 
1110521 
1134479 
1111459 
1364739 
1343906 
1209583 
1175469 
5735521 
12465521 
1162500 
1140416 
1159115 
1169792 
1130625 
1161198 
1142917 
1173230 
1138125 
1165990 
1150052 
1160937 
1139635 
1131198 
1156614 
1154167 
1172709 
1143021 
1138229 
1151250 
1187344 
1137917 
1181614 
1160208 
1151302 
1134427 
1411406 
1207136 
1536094 
1243281 
1164947 
1151458 
8844010 
1393541 
1120937 
1118854 
1123333 
1118750 
1121771 
1128282 
1143854 
1104011 
1136927 
1132864 
1131407 
1137396 
1139791 
1159063 
1136615 
1116198 
1130365 
1150312 
1150729 
1183906 
1324635 
1157917 
1163907 
1124687 
1135364 
1144792 
1138489 
1141146 
1125573 
1154792 
1119583 
1130521 
1132500 
1138073 
1140104 
1158854 
1218230 
1100364 
1125885 
1115625 
1122188 
1128594 
1116302 
1129480 
1122760 
1118542 
1106667 
1221354 
3576093 
1350365 
1215416 
1280573 
1780416 
1242500 
1184740 
1172916 
1137969 
1186407 
1143281 
1150157 
1153542 
1181302 
1162917 
1145000 
1161250 
1162031 
1190052 
1201146 
1175781 
1195573 
1171667 
1134114 
1179636 
1182084 
1197448 
1180156 
2695833 
1153437 
2077708 
1227500 
1174687 
1160573 
1185000 
1175260 
1080990 
1168021 
1168646 
1170677 
1186562 
1169427 
1190677 
1166979 
1179844 
1147292 
1145365 
1081511 
1298594 
1161406 
1167917 
1237292 
1173125 
1155260 
1128958 
8923489 
1177292 
1350104 
1310469 
1241979 
1391927 
1373594 
11899844 
1193125 
1135990 
1184739 
1350208 
1205572 
1182187 
1147084 
1177135 
1185208 
1198750 
1187292 
1165937 
1176928 
1155573 
1167396 
1203750 
1149427 
1155521 
1148437 
1151667 
1130677 
1174375 
1156198 
1157916 
1147343 
1155365 
1146458 
1143906 
1151458 
1137969 
1123229 
1423906 
1229218 
1097187 
1117292 
1095834 
1089011 
1110209 
1122969 
1128021 
1269844 
1115625 
1105938 
1115521 
1141406 
1106354 
1115990 
1103750 
1129375 
1088281 
1102968 
1105677 
1096198 
1137031 
1111615 
1172292 
1105104 
1103593 
1105312 
1124896 
1137031 
1098802 
1134218 
1126042 
1113594 
1105209 
1131459 
1299532 
1244115 
1161510 
1139740 
1135052 
1128072 
1128490 
1148177 
1135729 
1146302 
1153125 
1147708 
1144271 
1112240 
1160886 
1095989 
1103750 
1103177 
1118958 
1152865 
1102344 
1101354 
1111302 
1108750 
1117708 
1148386 
1097760 
1098021 
1103750 
1127135 
1137552 
1162292 
1238489 
1259635 
1230521 
1113802 
1148906 
1173802 
1163333 
1079271 
1113802 
1127396 
1180208 
1149843 
1089010 
1123229 
1172656 
1222136 
1218177 
1144531 
1174219 
2103073 
1146094 
1095729 
1103750 
1114584 
1099271 
1113333 
1113750 
1141458 
1298438 
1219844 
1208386 
1173646 
1262657 
1119740 
1121980 
1089688 
1212604 
1133698 
1179375 
1151094 
1152031 
1174479 
1256927 
1234740 
1298959 
1133593 
1098541 
1089532 
1094115 
1101511 
1123594 
1123750 
1118438 
1113594 
1111458 
1114375 
1099479 
1150833 
1105052 
1102812 
1114427 
1115781 
1120938 
1109792 
1145417 
1137865 
1120209 
1100729 
1128229 
1107968 
1129114 
1102188 
1113802 
1127032 
1112448 
1083385 
1120052 
1090156 
1355573 
1148333 
1116511 
1137656 
1084167 
1134740 
1136459 
1124063 
1084375 
1105521 
1109740 
1108020 
1122656 
1177500 
1126250 
1164063 
1109010 
1145937 
1112917 
1107343 
1306146 
1099636 
1150000 
1106979 
1114583 
1115521 
1105469 
1106771 
1127344 
1115625 
1177917 
1086146 
1210260 
1121302 
1101875 
1081250 
1137344 
1107500 
1138177 
1150208 
1107865 
1134844 
1123906 
1131511 
1260000 
1180781 
1090416 
1116771 
1124843 
1127917 
1109375 
1104167 
1108854 
1154844 
1098021 
1153542 
1122343 
1119062 
1130052 
1157969 
1163854 
1089167 
1122968 
1112188 
1119948 
1116041 
1122761 
1102448 
1174271 
1234531 
1110990 
1106771 
1178177 
1110729 
1154531 
1098281 
1123958 
1125156 
1107083 
1134584 
1210729 
1144740 
1136094 
1146875 
1125677 
1132187 
1095000 
1109740 
1110156 
1112448 
1117083 
1128594 
1134115 
1144218 
1169219 
1219948 
1155834 
1123437 
1102031 
1114584 
1097656 
1157552 
1139270 
1157448 
1255729 
1143646 
1127187 
1216458 
1092291 
1189062 
1132500 
1130052 
1132448 
1123802 
1118750 
1208438 
1230781 
1072761 
1149010 
1132916 
1166771 
1144062 
1128073 
1116250 
1143593 
1093750 
1138646 
1136718 
1215729 
1097448 
1229375 
1096510 
1151979 
1134532 
1131823 
1159063 
1130678 
1149323 
1220365 
1301198 
1173334 
1131770 
1124740 
1122031 
1183646 
1122761 
1118282 
1141146 
1113542 
1237343 
1178489 
1107657 
1117604 
1079583 
1215677 
1098334 
1142239 
1301771 
1064479 
1149584 
1270730 
1117135 
1165052 
1144323 
1149218 
1159583 
1155469 
1164063 
1184583 
1178802 
1148542 
1310261 
1133125 
1165417 
1520417 
1152031 
1120364 
1510157 
1139063 
1148177 
1171511 
1143542 
1203854 
1189740 
1128854 
1469792 
1146354 
1183959 
1235104 
1223646 
1135000 
1166980 
1157447 
1131927 
1178385 
1152864 
1256146 
1102292 
1521667 
1085313 
1167136 
1125937 
1180157 
1148125 
1204687 
1270364 
1243490 
1166302 
1184791 
1250052 
1237396 
1273125 
1106302 
1155364 
1173177 
1265885 
1254687 
1217552 
1114375 
1177864 
1152500 
1158906 
1106927 
1170677 
1222864 
1155261 
1102969 
1208698 
1194896 
1191615 
1131198 
1136354 
1222031 
1193385 
1223489 
1119687 
1244844 
1146302 
1258906 
1103385 
1155989 
1148697 
1284323 
1263750 
1220885 
1172187 
1265313 
1246823 
1233385 
1272552 
1261771 
1057240 
1191927 
1167031 
1175990 
1208438 
1096979 
1131355 
1251407 
1106250 
1081510 
1133385 
1113646 
1089739 
1131145 
1132917 
1117396 
1110989 
1126094 
1121562 
1109636 
1135990 
1113073 
1112343 
1099531 
1150625 
1125729 
1140365 
1158854 
1152396 
1158541 
1179322 
1149896 
1161770 
1160417 
1171354 
1174531 
1105937 
1108698 
1088907 
1107135 
1186354 
1164063 
1203906 
1157761 
1156823 
1169219 
1166563 
1154532 
1166250 
1314270 
3018854 
1214843 
1156510 
1153750 
1160052 
1178645 
1118802 
1163959 
1153437 
1106823 
1112864 
1116771 
1114948 
1110521 
1133281 
1124479 
1142708 
1188542 
1179584 
1169428 
1163697 
1178072 
1164010 
1160573 
1192708 
1097291 
1176666 
1169271 
1171198 
1164740 
1200677 
1154270 
1139740 
1326354 
1112083 
1161145 
1176615 
1192656 
1145573 
1144739 
1166771 
1217135 
1162656 
1098906 
1275000 
1220937 
1200729 
1265833 
1234479 
1206145 
1445729 
1096511 
1108282 
1103698 
1112031 
1102865 
1101927 
1142917 
1111146 
1107917 
1209636 
1299635 
1263125 
1633021 
1412553 
1109896 
1102291 
1107343 
1101927 
1125937 
1111771 
1129636 
1102292 
1095834 
1100312 
1107969 
1100677 
1115416 
1099219 
1291510 
1132865 
1114896 
1114531 
1109896 
1117864 
1125573 
1119583 
1125209 
1110052 
1137917 
1109844 
1136146 
1120104 
1135469 
1119114 
1124584 
1135313 
1131927 
1138229 
1134948 
1132709 
1107812 
1122240 
1118386 
1119115 
1111927 
1106458 
1119896 
1124219 
1145365 
1142188 
1127292 
1112969 
1119010 
1101771 
1139166 
1107917 
1171354 
1076354 
1110781 
1090625 
1121145 
1134844 
1129791 
1114583 
1125834 
1100885 
1100156 
1123385 
1122917 
1111198 
1105989 
1110729 
1128021 
1110781 
1140990 
1121146 
1096250 
1145885 
1130260 
1082396 
1138698 
1201094 
1167500 
1145834 
1142084 
1147396 
1159011 
1106666 
1123750 
1152500 
1177396 
1155677 
1156771 
1080937 
1125885 
1138229 
1109219 
1108073 
1112395 
1130937 
1117709 
1169010 
1197084 
1153385 
1122760 
1215520 
1089635 
1161927 
1128802 
1172500 
1127135 
1270521 
1236041 
1209636 
1202968 
1130990 
1124375 
1133229 
1116302 
1114636 
1138386 
1113021 
1133854 
1112864 
1223802 
1207292 
1262969 
1190260 
1199323 
1191041 
1018073 
1149323 
1115572 
1108542 
1098594 
1116303 
1129063 
1111511 
1152917 
1253125 
1221875 
1213437 
1128906 
1184896 
1995364 
1182500 
1117135 
1123542 
1080833 
1113125 
1107917 
1120417 
1143125 
1137240 
1203385 
1271823 
1265157 
1136823 
1124739 
1138698 
1169948 
1105729 
1108229 
1129636 
1125834 
1113177 
1123594 
1328958 
1301145 
1330156 
1182708 
1131719 
1134583 
1147552 
1093802 
1139583 
1097968 
1167500 
1141562 
1122865 
1146875 
1144063 
1278229 
1248073 
1209010 
1143281 
1179062 
1176875 
1109271 
1127032 
1108854 
1107604 
1098489 
1105521 
1187135 
1141979 
1224010 
3468490 
1270885 
1155261 
1164740 
1129271 
1209010 
1145416 
1174479 
1118281 
1160781 
1082813 
1279166 
1229114 
1179479 
1405782 
1167969 
1090782 
1110052 
1138385 
1121042 
1120052 
1126928 
1131562 
1096146 
1194271 
1277656 
1202813 
1225260 
1394947 
1159427 
1157656 
1140469 
1147187 
1175208 
1129636 
1150260 
1128490 
1124896 
1122708 
1128438 
1126823 
1117657 
1124947 
1102239 
1106927 
1102917 
1135208 
1140520 
1135364 
1112344 
1124010 
1117240 
1139219 
1168490 
1104531 
1115156 
1120677 
1141406 
1138021 
1157240 
1151771 
1115729 
1212135 
1119428 
1154687 
1103906 
1146562 
1289687 
1271979 
1749219 
1173021 
1116719 
1107188 
1126875 
1114948 
1129844 
1107083 
1178854 
1168386 
1139531 
1228021 
1254635 
1216458 
1204739 
1198177 
1082188 
1094896 
1085833 
1094010 
1379687 
1078802 
1159166 
1131458 
1170364 
1250208 
1367083 
1662500 
1113750 
1086511 
1082344 
1131354 
1126406 
1131823 
1175937 
1191250 
1150260 
1115521 
1132291 
1172708 
1157761 
1170937 
1170208 
1090677 
1090833 
1095260 
1079844 
1100573 
1087396 
1104271 
1083698 
1092708 
1080833 
1077969 
1087813 
1090729 
1092969 
1094531 
1099167 
1105885 
1095781 
1099896 
1096719 
1134896 
1064166 
1102031 
1168489 
1167552 
1171146 
1176250 
1188490 
1209740 
1117344 
1188385 
1122396 
1100989 
1102864 
1214843 
1038437 
1096146 
1102760 
1104115 
1101302 
1116771 
1086927 
1107344 
1091615 
1087708 
1091198 
1102917 
1105781 
1086615 
1107760 
1106354 
1213907 
1222813 
1213437 
1207239 
1205729 
1214219 
1119843 
1087500 
1087969 
1092708 
1102969 
1091250 
1103750 
1100520 
1096771 
1115208 
1115417 
1102500 
1083073 
1107500 
1105468 
1198021 
1295261 
1226406 
1207968 
1208125 
1225209 
1218906 
1132916 
1123177 
1109740 
1106927 
1101719 
1045781 
1069688 
1079792 
1088906 
1136302 
1079792 
1091302 
1107864 
1097136 
1090416 
1092084 
1218698 
1149323 
1085104 
1094791 
1088854 
1100052 
1093438 
1275261 
1218437 
1177604 
1232344 
1238333 
1135938 
1259063 
1249896 
1148229 
1282500 
1155469 
1170833 
1212604 
1118125 
1201197 
1171771 
1176145 
1131198 
1156042 
1178646 
1118386 
1116094 
1094583 
1095052 
1128386 
1127292 
1140000 
1118073 
1095209 
1164323 
1122917 
1126510 
1375781 
1112760 
1124844 
1121407 
1136666 
1133281 
1129531 
1126198 
1176250 
1270052 
1199844 
1301771 
1286511 
1245469 
1195990 
1235781 
1216198 
1152292 
1296719 
1236302 
1128437 
1233646 
2892500 
1180521 
1142604 
1129427 
1178906 
1103229 
1103178 
1097083 
1102969 
1109636 
1117760 
1767812 
1336718 
1250000 
1146927 
1222813 
1142968 
1117605 
1092604 
1086563 
1114428 
1127396 
1137760 
1143333 
1165000 
1283593 
1242604 
1195000 
1238438 
1091406 
1142344 
1123750 
1101510 
1098281 
1088541 
1116666 
1089844 
1575364 
1321250 
1276823 
1209740 
2185833 
1142187 
1138073 
1078542 
1110208 
1080729 
1096875 
1095573 
1113438 
1183281 
1271979 
1268281 
1169635 
1156979 
1154531 
1113959 
1120521 
1117656 
1103542 
1134844 
1186510 
1113802 
1035625 
1176094 
1252291 
1314792 
1305208 
1192292 
1150365 
1096875 
1110834 
1105625 
1127969 
1114844 
1130677 
1116771 
1138698 
1185885 
1416823 
1237187 
1360156 
1174270 
1168020 
1139792 
1126094 
1135469 
1080625 
1203438 
1119948 
1205833 
1388177 
1395364 
1273490 
1273750 
1135781 
1137344 
1133385 
1132760 
1141615 
1136562 
1112343 
1212760 
1163750 
1174375 
1475573 
1342448 
1252188 
1114270 
1168542 
1177500 
1109375 
1101614 
1098229 
1104531 
1103803 
1118698 
1097708 
1122917 
1229792 
1269584 
1271667 
1163281 
1152240 
1127865 
1105573 
1138229 
1120729 
1170260 
1089896 
1115781 
1114010 
1133438 
1276667 
1232552 
1339375 
1133750 
1137084 
1112552 
1112240 
1106823 
1108802 
1119896 
1098542 
1100937 
1115104 
1200729 
1331823 
1232344 
1149688 
1567031 
1132761 
1103125 
1110573 
1108333 
1119167 
1117291 
1089010 
1133489 
1139010 
1340208 
1259740 
1238177 
1135990 
1159062 
1129323 
1134115 
1135260 
1082291 
1117604 
1137083 
1120833 
1101094 
1112344 
1105573 
1137084 
1141250 
1156666 
1106823 
1148750 
1108021 
1095885 
1135520 
1131563 
1101510 
1129948 
1139375 
1111302 
1099843 
1103906 
1097031 
1139688 
1139635 
1132343 
1160729 
1115677 
1142916 
1130990 
1095938 
1111354 
1147344 
1194011 
1104792 
1115208 
1114479 
1191042 
1129063 
1126511 
1108593 
1172240 
1079635 
1104688 
1540313 
1114739 
1114532 
1121042 
1122188 
1162761 
1168802 
1131198 
1106354 
1121875 
1117552 
1110937 
1109687 
1112656 
1149166 
1250729 
1196042 
1203229 
1091094 
1138542 
1112396 
1126823 
1111094 
1106770 
1114844 
1115313 
1161458 
1290052 
1093490 
1209948 
1112708 
1220886 
1105938 
1140157 
1253854 
1263594 
1242031 
1852761 
1133750 
1134740 
1123959 
1107812 
1129791 
1153854 
1103177 
1100625 
1115104 
1271823 
1278750 
1222240 
2729011 
1283385 
1233437 
1136042 
1115000 
1105937 
1099688 
1114687 
1104218 
1404948 
1509375 
1259375 
2235938 
1150052 
1090729 
1101459 
1115052 
1105937 
1096146 
1128125 
1110521 
1757031 
1219791 
1307656 
1198698 
2668333 
1161094 
1086563 
1117187 
1146146 
1297969 
1115000 
1116875 
1128855 
1336198 
1233282 
1908386 
1083073 
1078594 
1119844 
1172552 
1116302 
1116406 
1110053 
1117604 
1108177 
1107292 
1253385 
1259062 
1227604 
1348594 
1150209 
1145468 
1118073 
1114375 
1115104 
1109739 
1129479 
1128177 
1121979 
1115886 
1154218 
1289219 
1228906 
1260417 
1115625 
1164635 
1131406 
1111094 
1099896 
1090625 
1096823 
1033646 
1099375 
1092604 
1213125 
1442813 
1329062 
1234740 
1182969 
1121562 
1129011 
1182031 
1157292 
1157240 
1161667 
1058334 
1120938 
1225937 
1404375 
1328072 
1240833 
1186250 
1169167 
1156980 
1134323 
1137396 
1134532 
1091614 
1140573 
1176146 
1152188 
1154532 
1477083 
1295989 
1229844 
1176666 
1124427 
1131042 
1080156 
1109011 
1122969 
1141875 
1136823 
1183646 
1187343 
1351979 
1328490 
1210729 
1104791 
1162083 
1105573 
1098385 
1102916 
1098489 
1098333 
1098646 
1104271 
1117292 
1159479 
1223438 
1315885 
1221562 
1776094 
1106719 
1102396 
1112031 
1107552 
1111511 
1122604 
1113802 
1111198 
1138646 
1113802 
1281719 
1261406 
1166666 
1101927 
1142968 
1106511 
1101875 
1091302 
1101354 
1115104 
1107656 
1108594 
1116614 
1105209 
1101928 
1098698 
1113282 
1099583 
1132813 
1104219 
1132604 
1104584 
1120364 
1139843 
1103021 
1109532 
1109896 
1130937 
1130625 
1097760 
1101875 
1105469 
1135417 
1095209 
1102604 
1095208 
1135885 
1106146 
1130209 
1121094 
1099114 
1154427 
1116875 
1330260 
1106823 
1168386 
1130209 
1122761 
1146459 
1127760 
1141719 
1095053 
1158594 
1232500 
1201718 
1192500 
1094740 
1142605 
1131979 
1144740 
1139739 
1127135 
1136042 
1231771 
1222084 
1089583 
1133125 
1105052 
1126563 
1127917 
1125312 
1129271 
1132395 
1185729 
1343073 
1082240 
1164323 
1102604 
1127292 
1120781 
1128802 
1177084 
1158021 
1271667 
1258646 
1098906 
1163230 
1119219 
1144167 
1324063 
1200573 
1165573 
1157187 
1164739 
1087084 
1133802 
1127552 
1117709 
1154739 
1128020 
1129427 
1157240 
1269532 
1252552 
1077864 
1160625 
1124792 
1120677 
1145104 
1100572 
1132760 
1222187 
1160000 
1164583 
1152447 
1109219 
1339791 
1104323 
1108230 
1156458 
1148229 
1322761 
1247604 
1212917 
1233333 
1144375 
1059063 
1110886 
1116823 
1110938 
1108334 
1116823 
1131927 
1118802 
1167031 
1107708 
1118437 
1112135 
2728698 
1076250 
1204895 
1113906 
1109011 
1161354 
1160938 
1209219 
1151146 
1136250 
1110625 
1089375 
1099010 
1103750 
1143906 
1115521 
1114948 
1119011 
1138438 
1086875 
1122083 
1140937 
1095573 
1123333 
1110990 
1125365 
1114948 
1093906 
1102969 
1122239 
1122344 
1115156 
1116355 
1107865 
1106406 
1573593 
1093489 
1351719 
1259740 
1290521 
1362553 
1189427 
1139583 
1191667 
1115677 
1195209 
1194167 
1173750 
1208437 
1158021 
1532812 
1542239 
1169583 
1239636 
1174167 
1384427 
1152083 
1162239 
1145729 
1159010 
1167864 
1222708 
1318490 
1385104 
4263750 
2323437 
3877084 
1379896 
1182083 
11920469 
1192083 
1215104 
1339323 
1312083 
1372656 
1210208 
779584 
1134271 
1133855 
1207292 
1153438 
1187656 
1093594 
1122864 
1118333 
1111875 
1140885 
1128542 
1145364 
1150781 
1118645 
1100834 
1122656 
1139063 
1096459 
1110885 
1117448 
1231771 
1120417 
1141563 
1115261 
1105365 
1117656 
1136823 
1106822 
1133542 
1112500 
1125417 
1104375 
1143490 
1195157 
1148542 
1130938 
1107709 
1120989 
1142083 
1131614 
1131302 
1115781 
1240677 
1652552 
1115156 
1123437 
1179010 
1113490 
1267396 
1181927 
1176927 
1285313 
1238958 
1355417 
1532708 
1226667 
1172344 
1216354 
1109167 
1241510 
1428385 
1164792 
1354427 
1276250 
1174531 
1136667 
1168698 
1950208 
1171927 
1121145 
1163490 
1229948 
1119062 
1188802 
1172343 
1938958 
1088229 
1172604 
1120416 
1141354 
1178541 
1140156 
1193438 
1204584 
1158021 
1366563 
7945417 
1176459 
1354010 
1184740 
1191614 
1155104 
1188594 
1226354 
1122968 
1143229 
1152188 
1186667 
1268750 
1189532 
1253073 
1155312 
1186510 
1146094 
1275625 
1128334 
1092604 
1135208 
1109219 
1120469 
1108385 
1126250 
1138177 
1133698 
1112813 
1129011 
1105000 
1110052 
1106511 
1131146 
1146615 
1142083 
1139323 
1142916 
1137240 
1126823 
1291302 
1125312 
1129114 
1120521 
1159480 
1157083 
1136927 
1152188 
1113177 
1133021 
1125781 
1110885 
2670886 
1187656 
1253438 
1145729 
1192396 
1156198 
1274375 
1378385 
1260678 
1202656 
6133230 
4022656 
1206563 
1290573 
1490730 
1094479 
1125885 
1150104 
1168594 
1156771 
1141250 
12459844 
1141771 
1143281 
1104375 
1203229 
1196459 
1148281 
1137969 
1145052 
1071354 
1223906 
1266146 
1221875 
1152448 
1284791 
1271041 
1427448 
1527396 
1217031 
1270260 
1344063 
1197343 
1188073 
1326771 
1155625 
1147709 
1133646 
1090521 
1174739 
1385573 
1203489 
1151302 
1152864 
16532969 
1169688 
1166667 
1158542 
8679791 
1157708 
1147240 
1185833 
1203594 
1186198 
1178021 
1185156 
1190573 
1108177 
1161875 
1121198 
1190677 
1259375 
1324896 
7560156 
1381302 
10372553 
1132552 
1165729 
1167135 
1171146 
1153854 
1152084 
1146979 
1141354 
1163125 
1182708 
1134323 
1136823 
1172656 
1161458 
1145000 
1149271 
1163073 
1381458 
1188802 
1210417 
1139844 
1131250 
1125521 
1244896 
1386563 
1220937 
1436094 
1273646 
1975104 
15315677 
1191615 
1138854 
1178958 
1187969 
1187969 
1295469 
1333906 
2930625 
1369583 
1328855 
2447500 
1178177 
1301250 
1323541 
1220000 
1202292 
1143020 
1077135 
1169167 
1159167 
1190521 
1180781 
1202917 
1185052 
1150677 
1184322 
1169635 
1236302 
1196875 
1163802 
8709427 
11960104 
1168541 
1230990 
1148437 
1116875 
1218542 
1202761 
1260261 
1455105 
1324636 
1373646 
1970052 
1205886 
1187187 
1168489 
1189844 
1126823 
1153020 
1158073 
1192865 
1155781 
1198333 
1566927 
1323594 
2570469 
1163281 
1106875 
1130729 
1149584 
1146614 
1110364 
1128593 
1097500 
1132761 
1254219 
1283489 
1257657 
1372917 
1180000 
1244531 
1122709 
1119792 
1125365 
1102500 
1159271 
1086979 
1142761 
1100104 
1331979 
1531823 
2447500 
1242604 
1190677 
1161041 
1151041 
1143959 
1145000 
1130052 
1097344 
1107708 
1462969 
1428125 
2066979 
1125052 
1089635 
1087396 
1108229 
1077917 
1098958 
1123177 
1085625 
1105000 
1092604 
1365000 
1238542 
2092708 
1105730 
1093438 
1104792 
1089792 
1099532 
1092552 
1110833 
1132292 
1130937 
1092916 
1198073 
1251771 
1224323 
1780729 
1121198 
1116458 
1157605 
1099740 
1089740 
1123333 
1107761 
1097448 
1102292 
1158958 
1370156 
1362656 
1914010 
1191198 
1179115 
1125938 
1116823 
1115260 
1249739 
1097812 
1086875 
1104167 
1129792 
1971980 
1295104 
1260886 
11361823 
1126146 
1101615 
1127448 
1167187 
1128854 
1126927 
1129063 
1109427 
1139063 
1135261 
1137343 
1111406 
1549115 
1231875 
1284219 
1220833 
1201719 
1203542 
1122917 
1086510 
1101771 
1099479 
1113438 
1105625 
1240521 
1100625 
1122344 
1229427 
1422760 
1313803 
1184427 
1140520 
1115782 
1089114 
1094583 
1306562 
1067604 
1083385 
1101875 
1101093 
1180104 
1438229 
1607761 
1988594 
1124271 
1234375 
1081614 
1183854 
1080573 
1129636 
1127916 
1113333 
1114167 
1123698 
1565625 
1418385 
1419115 
1152083 
1187968 
1178854 
1293906 
1191614 
1219531 
1181979 
1638646 
1223281 
1291823 
1529166 
1298021 
1289167 
1110781 
1164687 
1197813 
1113438 
1199948 
1030312 
1086094 
1097448 
1090521 
1217292 
1595208 
1386355 
1285521 
1185156 
1187448 
1153698 
1117916 
1108958 
1120416 
1097083 
1103125 
1149479 
1288125 
1147344 
1096667 
1104063 
1098386 
1097604 
1119011 
1284479 
1062657 
1101927 
1117032 
1130417 
1342188 
1384844 
1379583 
1574323 
1168959 
1167136 
1165678 
1101146 
1198073 
1100834 
1125677 
1065938 
1111718 
1132552 
1227865 
1197708 
1455990 
1330781 
1310885 
1299844 
1182135 
1132812 
1152135 
1183542 
1115208 
1108437 
1142500 
1149843 
1112605 
1154375 
1137344 
1145625 
1228593 
1200989 
1116667 
1135209 
1140000 
1235000 
1107500 
1125625 
1126302 
1148802 
1223437 
1130313 
1114062 
1125156 
1116198 
1112031 
1872396 
1312969 
1263854 
2863386 
1176979 
1182292 
1166823 
1199271 
1155417 
1189375 
1177656 
1163333 
1150834 
1168125 
1174375 
1152448 
1151771 
1220678 
1163489 
1151771 
1172656 
1288855 
1311770 
1397396 
1320781 
2430730 
1157656 
1139687 
1120625 
1236927 
1174114 
1085052 
1086302 
1090261 
1315469 
1377239 
1650000 
1226563 
1145208 
1095053 
1086250 
1079167 
1095625 
1088750 
1079532 
1093750 
1095000 
1088959 
1160989 
1352135 
1245364 
1754896 
1180886 
1090052 
1147083 
1145313 
1096406 
1096719 
1107292 
1244114 
1110313 
1135990 
1254062 
1274375 
1761146 
1107604 
1108907 
1088333 
1083906 
1184948 
1102240 
1097760 
1074792 
1105052 
1108594 
1231094 
1315000 
2244323 
1120260 
1038177 
1112500 
1106355 
1104688 
1116198 
1106667 
1102656 
1096302 
1158021 
1128437 
1143802 
1080104 
1261823 
1254636 
1195625 
1587708 
1136667 
1162864 
1070833 
1160052 
1114167 
1097605 
1090157 
1135052 
1338437 
1268229 
1206719 
1241250 
1108281 
1083593 
1129114 
1131615 
1111928 
1122917 
1129375 
1124844 
1128385 
1222448 
1417135 
1310834 
1805729 
1132135 
1087552 
1185833 
1103229 
1118230 
1105468 
1103490 
1119323 
1139375 
1194375 
1439323 
1310260 
1496093 
1158594 
1124844 
1171094 
1112865 
1130313 
1101354 
1135312 
1118282 
1127344 
1253281 
1396666 
1328698 
1269271 
1187916 
1088177 
1127968 
1117813 
1112239 
1101146 
1123386 
1121354 
1128229 
1126927 
1276667 
1428437 
1245417 
1221146 
1181458 
1131041 
1107864 
1089791 
1103334 
1107292 
1106146 
1102292 
1094947 
1205833 
1381458 
1336979 
1444844 
1188490 
1111719 
1118646 
1103698 
1101615 
1101927 
1151093 
1142552 
1114740 
1105520 
1261198 
1282396 
1296406 
1320625 
1137031 
1115313 
1100521 
1104844 
1110573 
1152188 
1106511 
1109896 
1096354 
1116667 
1266667 
1312500 
1277447 
1466927 
1145157 
1132240 
1103177 
1088802 
1093021 
1084010 
1095521 
1117083 
1169063 
1159011 
1454375 
1433594 
1205937 
1189427 
1093438 
1107343 
1175052 
1144739 
1146146 
1147083 
1174167 
1139480 
1138697 
1244322 
1467865 
1776770 
1180729 
1273177 
1101875 
1107656 
1093437 
1083125 
1130052 
1107552 
1180313 
1124323 
1142083 
1459739 
1351667 
1216667 
1210313 
1098854 
1110521 
1112656 
1107813 
1101458 
1119010 
1136823 
1115104 
1137396 
1335573 
1403489 
1728802 
1147135 
1160313 
1102448 
1100886 
1127552 
1111718 
1107448 
1115885 
1120052 
1104531 
1195052 
1395729 
1339010 
1240938 
1167187 
1140260 
1102344 
1105365 
1121406 
1098178 
1132240 
1120781 
1102969 
1120365 
1198333 
1383906 
1340729 
1174010 
1104583 
1112553 
1100000 
1106979 
1095104 
1106927 
1107916 
1107969 
1099479 
1122031 
1450573 
1288073 
1188385 
1189792 
1105417 
1091510 
1091666 
1100260 
1097500 
1110209 
1124375 
1106770 
1092916 
1110104 
1091771 
1105313 
1092136 
1102500 
1100937 
1108229 
1113073 
1123750 
1104896 
1094844 
1099427 
1107395 
1102084 
1101302 
1094739 
1103229 
1097604 
1107657 
1099739 
1106042 
1109271 
1106094 
1101667 
1105053 
1101563 
1116562 
1106146 
1093281 
1101927 
1092187 
1153698 
1093906 
1108229 
1112709 
1118281 
1111822 
1110208 
1107031 
1105364 
1159584 
1125000 
1126615 
1126146 
1132500 
1139011 
1078959 
1115938 
1171354 
1148594 
1113542 
1161250 
1121510 
1127188 
1179844 
1158490 
1162657 
1151563 
1077292 
1109843 
1119427 
1109011 
1109844 
1116198 
1108438 
1148854 
1111354 
1224635 
1187968 
1146250 
1240572 
1248750 
1156563 
1144636 
1120677 
1204739 
1187812 
1178125 
1346250 
1191406 
1170000 
2410209 
1286719 
1343698 
1197343 
11930104 
7958230 
1105521 
1150469 
1102344 
1107448 
1107552 
1113385 
1127500 
1109063 
1133021 
1179323 
1220937 
1110990 
1105208 
1139323 
1178177 
1154114 
1103750 
1103281 
1094167 
1115365 
1154427 
1137396 
1113698 
1125417 
1101302 
1156771 
1155260 
1165469 
1202760 
1136980 
1106302 
1107292 
1123542 
1160208 
1159323 
1201146 
1172708 
1132083 
1136302 
1139166 
1116458 
1104010 
1117813 
1212031 
1117500 
1158698 
1135886 
1098281 
1130365 
1101406 
1121511 
1139635 
1124844 
1118177 
1125208 
1120625 
1127552 
1120000 
1141146 
1131979 
1131250 
1113646 
1165782 
1123490 
1135937 
1118229 
1132396 
1107084 
1147239 
1150521 
1100417 
1101406 
1102760 
1129375 
1115573 
1114687 
1094323 
1117813 
1113281 
1129427 
1117500 
1094219 
1095625 
1146667 
1162604 
1113698 
1102187 
1096823 
1125208 
1163386 
1145573 
1109531 
1098229 
1083125 
1147187 
1111719 
1093333 
1155417 
1114115 
1108177 
1108750 
1178594 
1075521 
1135104 
1094531 
1110990 
1077865 
1124687 
1112552 
1105000 
1136510 
1104740 
1116771 
1154531 
1167188 
1099583 
1096823 
1115990 
1106094 
1135365 
1100469 
1130208 
1105886 
1086614 
1144531 
1124375 
1152188 
1100000 
1105417 
1098854 
1152135 
1174219 
1159739 
1171562 
1113802 
1128229 
1114583 
1131510 
1141614 
1167239 
1173698 
1094687 
1067136 
1105625 
1093802 
1057813 
1117291 
1181510 
1276562 
1066510 
1152239 
1107083 
1113645 
1160104 
1300625 
1098490 
1122708 
1173125 
1109323 
1220833 
1144219 
1193334 
1077136 
1083646 
1102396 
1118854 
1137344 
1110365 
1125834 
1209636 
1169375 
1098438 
1204583 
1208282 
1162812 
1182292 
1171770 
1134895 
1086667 
1193177 
1079532 
1213906 
1198437 
1066094 
1238802 
1213593 
1168386 
1136667 
1249480 
1112865 
1271094 
1090573 
1122448 
1120937 
1102344 
1097760 
1157239 
1143855 
1121719 
1099218 
1096198 
1104375 
1105729 
1130209 
1116615 
1148437 
1129584 
1153281 
1097969 
1117136 
1133385 
1097187 
1122813 
1160469 
1114532 
1112865 
1116093 
1123958 
1254323 
1256562 
1103542 
1110521 
1142813 
1130833 
1129427 
1313230 
1345469 
8557604 
1213073 
1205364 
1346979 
1132135 
1461093 
1520052 
12219427 
1205104 
1186406 
1218177 
1203125 
1177709 
1153229 
1159844 
1166511 
1231146 
1177344 
1192656 
1165885 
1273385 
1164687 
1165990 
1261250 
1191614 
1204428 
1159896 
1151875 
1147084 
1144270 
1291667 
1196979 
1158385 
1155312 
1153333 
1156250 
1174895 
1225781 
1175104 
1171719 
1144323 
1417239 
1179375 
1327656 
1126718 
1152500 
1189740 
1149063 
1165885 
1103906 
1106875 
1103594 
1092604 
1101666 
1100625 
1118906 
1115833 
1135834 
1108333 
1105000 
1119167 
1130365 
1126094 
1105156 
1142552 
1107917 
1105834 
1097187 
1098750 
1103698 
1118281 
1096927 
1129219 
1098906 
1109219 
1125989 
1340313 
1190209 
1349114 
1119166 
1124427 
1135313 
1152500 
1153593 
1110104 
1146406 
1139948 
1187708 
1112343 
1096041 
1116458 
1118020 
1117604 
1135886 
1130625 
1167500 
1155729 
1143854 
1121927 
1156511 
1114792 
1141927 
1182864 
1130312 
1144011 
1155468 
1130833 
1121458 
1166823 
1179219 
1118594 
1124479 
1119323 
1169896 
1110833 
1116823 
1134740 
1120209 
1120416 
1109322 
1110468 
1114375 
1210364 
1175364 
1167761 
1154635 
1118803 
1070885 
1179531 
1144896 
1090469 
1148073 
1095677 
1117396 
1106771 
1138541 
1098489 
1141250 
1102604 
1121771 
1098073 
1130208 
1107760 
1122187 
1107917 
1104479 
1104428 
1119531 
1114687 
1111979 
1123229 
1169114 
1098282 
1109896 
1112917 
1118333 
1094844 
1131302 
1131510 
1103072 
1102031 
1145521 
1098750 
1135781 
1106719 
1146041 
1096823 
1122812 
1095417 
1099479 
1098177 
1116511 
1101354 
1079584 
1108698 
1108906 
1117500 
1118698 
1122656 
1093438 
1100833 
1093698 
1093542 
1097343 
1114166 
1097344 
1127083 
1080104 
1107656 
1134010 
1159479 
1102604 
1135312 
1129583 
1116302 
1124010 
1097552 
1135885 
1122395 
1105469 
1109062 
1102292 
1100729 
1106823 
1150989 
1100417 
1107187 
1100990 
1113437 
1104532 
1129635 
1098958 
1119896 
1105104 
1107188 
1126145 
1107084 
1109895 
1103229 
1112240 
1122916 
1120000 
1115365 
1129844 
1127396 
1107135 
1119895 
1100260 
1106354 
1124635 
1111615 
1110833 
1106250 
1099792 
1110261 
1250156 
1136511 
1092135 
1095261 
1143854 
1103959 
1131458 
1116666 
1138333 
1104792 
1105364 
1122292 
1119062 
1100052 
1096145 
1159479 
1112240 
1132448 
1104636 
1131250 
1127343 
1102291 
1154323 
1139584 
1113021 
1118229 
1116927 
1132865 
1116719 
1147135 
1104323 
1100730 
1117500 
1063854 
1098386 
1110782 
1101146 
1109322 
1110052 
1112708 
1132656 
1105209 
1108177 
1114791 
1115989 
1148073 
1129792 
1097864 
1117032 
1108959 
1122813 
1099323 
1125105 
1126198 
1132135 
1101510 
1130000 
1129011 
1102187 
1120573 
1118542 
1152031 
1073438 
1163541 
1125000 
1124323 
1130208 
1127136 
1129375 
1118646 
1175990 
1159532 
1158698 
1149166 
1154010 
1194844 
1143958 
1144479 
1158386 
1161354 
1085834 
1177291 
1191302 
1151615 
1159271 
1143698 
1154740 
1152656 
1160052 
1157760 
1091927 
1185052 
1099322 
1150156 
1140156 
1152812 
1150781 
1152813 
1161823 
1146615 
1146615 
1085677 
1177084 
1150000 
1159063 
1159896 
1152865 
1162240 
1153073 
1142448 
1158854 
1144532 
1247135 
1295885 
1115573 
1167083 
1171719 
1154271 
1162187 
1149375 
1193073 
1311302 
1112500 
1203802 
1151510 
1153386 
1158802 
1128645 
1212761 
1186511 
1146406 
1183802 
1139063 
1151354 
1140000 
1103385 
1151355 
1121042 
1138646 
1152136 
1214271 
1187864 
1115937 
1161667 
1154270 
1153646 
1157031 
1232604 
1320938 
1098750 
1133646 
1149375 
1158177 
1153021 
1129063 
1149688 
1136406 
1536823 
1124792 
1152083 
1160364 
1153125 
1153750 
1113750 
1265833 
1186823 
1189843 
1129218 
1148854 
1153125 
1156198 
1159218 
1130416 
1252969 
1250104 
1130938 
1165521 
1141666 
1158020 
1177032 
1129687 
1179635 
1167604 
1148073 
1246406 
1106771 
1143177 
1148177 
1166458 
1165886 
1124531 
1103229 
1133334 
1231197 
1068802 
1151823 
1144895 
1144219 
1090104 
1135729 
1105886 
1152968 
1098386 
1151041 
1132864 
1147292 
1162187 
1169011 
1211406 
1330052 
1247656 
1090937 
1211875 
1154687 
1187292 
1174740 
1248593 
1172032 
1147552 
1165052 
1176719 
1151510 
1187760 
1153802 
1124062 
1162291 
1130365 
1193021 
1151041 
1216146 
1247291 
1118906 
1200625 
1185260 
1129792 
1254740 
1253750 
1142500 
1198542 
1310625 
1105885 
1170156 
1248802 
1068490 
1221355 
1194010 
1199063 
1190000 
1230156 
1212239 
1151094 
1146146 
1118698 
1207865 
1240104 
1149323 
1195781 
1170468 
1148802 
1210260 
1207708 
1198646 
1214010 
1111459 
1176510 
1154532 
1075469 
1111614 
1110989 
1218125 
1166563 
1318386 
1115730 
1211198 
1189739 
1125938 
1194948 
1140416 
1260156 
1246302 
1202761 
1196771 
1114896 
1158802 
1144219 
1133021 
1263542 
1308385 
1132813 
1191406 
1189844 
1132500 
1155208 
1125781 
1217239 
1198593 
1287448 
1169271 
1188646 
1132292 
1151146 
1196355 
1248229 
1238593 
1157656 
1195209 
1170677 
1154427 
1188489 
1265990 
1278333 
1104584 
1142083 
1145000 
1475677 
1181458 
1420781 
1102656 
1168229 
1157968 
1151458 
1181406 
1308594 
1091928 
1198490 
1100104 
1192500 
1150469 
1145677 
1144479 
1195469 
1318125 
1113698 
1205365 
1108958 
1147917 
1191719 
1143803 
1142604 
1205625 
1157917 
1323230 
1211667 
1357240 
1116823 
1220312 
1359270 
1157448 
1252188 
1124531 
1152761 
1152552 
1212760 
1191302 
1144219 
1193282 
1170625 
1204219 
1310625 
1092240 
1155261 
1258541 
1141927 
1198281 
1122240 
1202500 
1256771 
1174739 
1218906 
1138125 
1238750 
1147812 
1140678 
1191459 
1236510 
1315261 
1151250 
1198386 
1118437 
1186303 
1211302 
1310468 
1127604 
1192343 
1189531 
1132292 
1209427 
1193334 
1175729 
1321615 
1092812 
1201771 
1185312 
1109948 
1160521 
1149532 
1238333 
1308229 
1121718 
1202136 
1215989 
1117135 
1148750 
1192396 
1307812 
1127864 
1250104 
1147084 
1205261 
1130573 
1161771 
1196145 
1320468 
1122552 
1196042 
1196042 
1195052 
1198541 
1174948 
1306407 
1087239 
1209062 
1147864 
1191875 
1124323 
1144323 
1198594 
1308438 
1131355 
1191875 
1146146 
1211979 
1205416 
1204843 
1140520 
1312813 
1109896 
1206927 
1203177 
1199011 
1109271 
1189270 
1302604 
1127916 
1211771 
1144011 
1193958 
1212031 
1123542 
1194115 
1319532 
1116667 
1201459 
1112812 
1150729 
1147240 
1147813 
1191354 
1299948 
1075261 
1169219 
1152709 
1157969 
1154844 
1145989 
1145208 
1190052 
1219843 
1318958 
1079896 
1219688 
1469687 
1189791 
1381563 
1108907 
1167240 
1156667 
1144739 
1157239 
1182083 
1324063 
1084115 
1204375 
1156250 
1154167 
1148385 
1143750 
1193125 
1323229 
1096771 
1157604 
1144115 
1163438 
1179740 
1138073 
1170573 
1215625 
1276614 
1110990 
1276875 
1146667 
1174219 
1091354 
1206250 
1312344 
1094583 
1212240 
1110209 
1159896 
1158698 
1195000 
1194739 
1320938 
1068645 
1205260 
1090104 
1167448 
1154739 
1148021 
1165104 
1193073 
1326875 
1076042 
1196302 
1111198 
1160833 
1153541 
1185521 
1158229 
1178282 
1678281 
1216823 
1262447 
1230052 
1189219 
1187292 
1319948 
1190573 
1228125 
1173594 
1169115 
1232656 
1110104 
1273750 
1201718 
1206302 
1233855 
1199427 
1203021 
1186146 
1103125 
1168281 
1210468 
1197292 
1198333 
1204479 
1232291 
1198750 
1169115 
1179323 
1107344 
1236875 
1195052 
1197865 
1095781 
1152916 
1186042 
1119375 
1107188 
1104011 
1117396 
1113802 
1109844 
1111615 
1733177 
1087917 
1164375 
1129010 
1132760 
1142865 
1128697 
1127708 
1127239 
1134947 
1210989 
1222083 
1181250 
1199635 
1154062 
1149428 
1135000 
1147344 
1249844 
1236562 
1349948 
1256511 
1253907 
1235156 
1248177 
1092708 
1161718 
1154271 
1169583 
1194844 
1157761 
1235364 
1082136 
1172708 
1148125 
1159427 
1157708 
1159948 
1156823 
1158542 
1147968 
1148959 
1156928 
1155104 
1153646 
1152031 
1154062 
1151875 
1094271 
1183020 
1164844 
1154584 
1161667 
1278438 
1473542 
1182135 
1292708 
1101250 
1156771 
1168177 
1159011 
1095990 
1146198 
1178854 
1269427 
1253177 
1098593 
1158021 
1140416 
1147864 
1159166 
1143333 
1120989 
1322656 
1217969 
1138854 
1122032 
1157031 
1143542 
1148489 
1188594 
1147553 
1275313 
1099687 
1192916 
1107084 
1160834 
1159166 
1159844 
1159843 
1178333 
1310000 
1074375 
1196406 
1156094 
1180729 
1152657 
1186302 
1149063 
1172084 
1308854 
1085729 
1214323 
1100469 
1170157 
1137604 
1147760 
1153072 
1175364 
1325886 
1112292 
1164635 
1154323 
1153334 
1196042 
1150677 
1193854 
1317083 
1082031 
1206354 
1114896 
1165521 
1152292 
1145156 
1193646 
1184843 
1318594 
1080053 
1161458 
1157396 
1152448 
1179219 
1142448 
1192604 
1321354 
1028958 
1287448 
1125052 
1168906 
1164375 
1150885 
1334948 
1378230 
1084531 
1219323 
1151927 
1159427 
1270834 
1059740 
1235260 
1326823 
1083854 
1155417 
1158281 
1158073 
1154323 
1148490 
1242083 
1237135 
1109114 
1144584 
1191771 
1154844 
1154583 
1153386 
1300782 
1097969 
1271719 
1095209 
1174375 
1147604 
1146667 
1159844 
1260312 
1428646 
1064428 
1195000 
1163645 
1148333 
1160313 
1192813 
1389011 
1098020 
1198333 
1121302 
1157031 
1153229 
1151406 
1234427 
1278386 
1102916 
1341302 
1010625 
1186041 
1162084 
1162552 
1158230 
1250052 
1302240 
1114011 
1153438 
1167708 
1157239 
1153802 
1146875 
1151667 
1241510 
1234636 
1156250 
1154479 
1157604 
1410000 
1267291 
1091406 
1291562 
1178906 
1155364 
1192604 
1157083 
1393177 
1111979 
1225885 
1188438 
1149375 
1158229 
1184636 
1272709 
1419219 
1083386 
1181927 
1146770 
1148854 
1144584 
1156458 
1262292 
1081146 
1182239 
1247292 
1146146 
1151979 
1154375 
1155729 
1157344 
1267239 
1413698 
1084427 
1163333 
1144218 
1197031 
1152552 
1276510 
1507291 
1073281 
1166146 
1150572 
1153021 
1142240 
1266197 
1500416 
1074427 
1163385 
1201719 
1161875 
1183750 
1240886 
1200729 
1103125 
1157395 
1159271 
1144792 
1155312 
1146458 
1200208 
1324948 
1122239 
1211718 
1113958 
1156041 
1199114 
1158958 
1269427 
1086041 
1302916 
1083021 
1166094 
1157187 
1152084 
1145729 
1477032 
1084948 
1296198 
1086146 
1186823 
1152657 
1139584 
1235677 
1185156 
1189583 
1369375 
1068489 
1156562 
1150469 
1149323 
1140417 
1183855 
1356250 
1103489 
1195833 
1101511 
1160886 
1156458 
1148594 
1195104 
1317292 
1116979 
1236615 
1120260 
1141250 
1153958 
1138489 
1148854 
1191719 
1331407 
1081875 
1200104 
1138177 
1130417 
1183698 
1138802 
1193855 
1267761 
1306146 
1070781 
1160834 
1140521 
1138542 
1144010 
1028125 
1207656 
1315208 
1085990 
1209375 
1138854 
1152344 
1153958 
1144896 
1189219 
1323282 
1089531 
1215156 
1104010 
1165000 
1152343 
1156406 
1149427 
1191927 
1328854 
1104635 
1224167 
1173073 
1164791 
1157605 
1217032 
1318177 
1105625 
1217761 
1105833 
1158750 
1463750 
1085312 
1198385 
1310781 
1113802 
1108177 
1150781 
1162188 
1164739 
1190937 
1316511 
1127552 
1205990 
1115052 
1153854 
1150885 
1165208 
1189479 
1191563 
1324896 
1084167 
1219948 
1142447 
1186354 
1194375 
1283750 
1039792 
1128698 
1353177 
1175937 
1153854 
1131927 
1140209 
1142604 
1140625 
1124323 
1248385 
1184323 
1169583 
1111667 
1142136 
1127552 
1103958 
1142968 
1096093 
1183333 
1092083 
1084740 
1121406 
1113490 
1390052 
1070312 
1149010 
1107292 
1101406 
1214479 
1142291 
1304896 
1090417 
1166875 
1161041 
1142604 
1099219 
1195625 
1152657 
1116459 
1114636 
1109739 
1116771 
1114011 
1109584 
1146302 
1128438 
1164636 
1194896 
1124323 
1218229 
1212657 
1145833 
1169740 
1198750 
1163959 
1103698 
1148697 
1182396 
1271354 
1183698 
1151198 
1146198 
1159688 
1160313 
1100156 
1194791 
1260573 
1195781 
1193177 
1111771 
1144167 
1156406 
1273906 
1193125 
1199063 
1200104 
1038281 
1162604 
1154948 
1192916 
1108854 
1169375 
1110833 
1196250 
1156302 
1249531 
1112084 
1119896 
1154792 
1157657 
1201459 
1189583 
1270208 
1134687 
1214635 
1324740 
1194531 
1260104 
1147448 
1091146 
1155261 
1111458 
1099948 
1105833 
1129635 
1122344 
1165781 
1182396 
1122969 
1171458 
1163698 
1345938 
1282760 
1131927 
1121875 
1109792 
1161042 
1160417 
1113958 
1113541 
1115625 
1122396 
1174739 
1146770 
1290209 
1215781 
1088073 
1206614 
1202239 
1210261 
1365416 
1132188 
1154844 
1286511 
1127656 
1255521 
1211198 
1165104 
1199583 
1120261 
1105156 
1106458 
1178073 
1117917 
1196146 
1180885 
1144739 
1304948 
1187396 
1169323 
1209062 
1178125 
1175156 
1148490 
1184532 
1110365 
1202500 
1261823 
1188542 
1148021 
1182084 
1163281 
1221302 
1228646 
1191458 
1103490 
1217760 
1219219 
1168333 
1170781 
1143281 
1220833 
1172135 
1182760 
1181927 
1133229 
1070000 
1279636 
1175052 
1186927 
1168593 
1167553 
1180313 
1216198 
1180104 
1176770 
1083438 
1150052 
1111250 
1118125 
1115937 
1126146 
1153072 
1169687 
1159271 
1121875 
1096250 
1154270 
1140105 
1122656 
1130834 
1118437 
1077709 
1123021 
1114948 
1282917 
1195313 
1117917 
1175468 
1125833 
1104271 
1134948 
1230625 
1132448 
1123542 
1173229 
1135833 
1193646 
1133698 
1134479 
1128229 
1139167 
1145312 
1134479 
1151823 
1141979 
1127969 
1096875 
1113958 
1193542 
1177969 
1285364 
1153281 
1182135 
1175156 
1144479 
1217447 
1067448 
1218489 
1267657 
1125781 
1169896 
1108698 
1139531 
1124427 
1051198 
1231771 
1198125 
1206510 
1201302 
1246459 
1330677 
1216198 
1184114 
1131510 
1149323 
1116146 
1146563 
1134323 
1146979 
1125834 
1109010 
1223437 
1226823 
1248281 
1249635 
1242761 
1138802 
1146979 
1160938 
1178489 
1118646 
1141719 
1223802 
1232188 
1234947 
1268177 
1230000 
1190208 
1182761 
1159740 
1157969 
1102448 
1127604 
1135885 
1229219 
1243698 
1378490 
1100521 
1107969 
1130313 
1153489 
1243802 
1217604 
1194010 
1109688 
1199219 
1192032 
1232396 
1175729 
1137188 
1250468 
1250260 
1113177 
1246041 
1191875 
1170677 
1217656 
1203542 
1201093 
1196823 
1202552 
1150312 
1119427 
1209844 
1189583 
1207708 
1193645 
1192865 
1192864 
1093750 
1247396 
1196666 
1201198 
1194323 
1197083 
1163125 
1091250 
1232552 
1229479 
1186979 
1196510 
1201615 
1190365 
1197291 
1201510 
1198803 
1195886 
1106875 
1243906 
1206979 
1196719 
1194792 
1196042 
1199532 
1197344 
1144584 
1171094 
1219010 
1199792 
1217396 
1198073 
1132344 
1175469 
1178645 
1082083 
1230625 
1191719 
1191354 
1188646 
1148125 
1163854 
1137552 
1206875 
1187031 
1181719 
1195000 
1157865 
1175520 
1173958 
1173750 
1173073 
1204167 
1174375 
1207500 
1178177 
1178281 
1182084 
1177813 
1175782 
1166302 
1168698 
1209739 
1179218 
1176197 
1174583 
1187187 
1173646 
1161510 
1180990 
1178021 
1169219 
1201250 
1167292 
1174011 
1172604 
1161198 
1169896 
1148020 
1073281 
1200677 
1173490 
1207240 
1223959 
1098385 
1204271 
1169948 
1153646 
1150886 
1066302 
1114167 
1107396 
1097344 
1109791 
1108698 
1121458 
1151510 
1211980 
1133073 
1164687 
1149635 
1163437 
1089896 
1141146 
1221302 
1088438 
1204948 
1144948 
1157812 
1159167 
1161198 
1159636 
1156719 
1196719 
1164271 
1155990 
1167604 
1166354 
1068958 
1209375 
1153333 
1161198 
1165104 
1228229 
1402083 
1121875 
1191823 
1167865 
1150053 
1166771 
1159531 
1165469 
1164791 
1196823 
1072187 
1098489 
1099271 
1092188 
1105677 
1127500 
1117604 
1065573 
1106198 
1216042 
1164114 
1159219 
1164219 
1199114 
1157291 
1159010 
1169271 
1165313 
1161250 
1150209 
1152552 
1157396 
1154270 
1191406 
1147917 
1154271 
1150365 
1153489 
1150781 
1154375 
1167292 
1165781 
1160677 
1166615 
1163385 
1164427 
1152292 
1171667 
1149531 
1159166 
1188021 
1155781 
1155105 
1169948 
1158646 
1159844 
1170312 
1170729 
1167864 
1168490 
1128698 
1100156 
1198386 
1165781 
1154739 
1158021 
1165573 
1172969 
1156614 
1165260 
1122865 
1148334 
1136719 
1068594 
1209688 
1158073 
1159687 
1153490 
