1169688 
772239 
792500 
810677 
807291 
773282 
611406 
675052 
605677 
618229 
560938 
606823 
543854 
600312 
571198 
546563 
582396 
569428 
606822 
554271 
597604 
570416 
582865 
589895 
579427 
585834 
563646 
587813 
575990 
587968 
593698 
575677 
596927 
564271 
599166 
584479 
578906 
615886 
684011 
648177 
588386 
558021 
575469 
578021 
657604 
767031 
579062 
577604 
564687 
651511 
828958 
854011 
583594 
575782 
579636 
557605 
578437 
586980 
566511 
598177 
621041 
575417 
576562 
558437 
576459 
572240 
577239 
575104 
600625 
637187 
602604 
596302 
574948 
569792 
584635 
567500 
581927 
584270 
604427 
569115 
586146 
558125 
587240 
615260 
596042 
584375 
602448 
599479 
592656 
588333 
578906 
561354 
581094 
562344 
562396 
629219 
625781 
558125 
584948 
571875 
586250 
571511 
579792 
571510 
632396 
614115 
568594 
578490 
575886 
580469 
564219 
575990 
602552 
559427 
576875 
570989 
565625 
571823 
576303 
600208 
564323 
585990 
626823 
621146 
537084 
594948 
580156 
557553 
573541 
590000 
639010 
749062 
833020 
579531 
613593 
627083 
571823 
574531 
575104 
583490 
568334 
575625 
576250 
610834 
607239 
580625 
588437 
572084 
581823 
579427 
580052 
562395 
644114 
583698 
590209 
586927 
591614 
562344 
577187 
600729 
567865 
555052 
576615 
571875 
571719 
573854 
567448 
560312 
580208 
570730 
578021 
561927 
659063 
765365 
786250 
782031 
767084 
766771 
720833 
632761 
605781 
596302 
589479 
586094 
563645 
568646 
578646 
578177 
662240 
625104 
584271 
594740 
581458 
573594 
582448 
626666 
708490 
821875 
568229 
630677 
597239 
574948 
562395 
561093 
601250 
559740 
575521 
613125 
608698 
607292 
615677 
750364 
794792 
780052 
782136 
782240 
688750 
579427 
577865 
594687 
633385 
640312 
763542 
782239 
1638021 
583073 
574844 
575781 
568802 
558386 
586198 
564792 
581823 
577604 
565781 
602240 
606250 
580886 
591770 
574427 
581667 
545990 
561511 
586146 
616302 
629115 
582500 
605677 
562031 
574011 
584219 
571875 
575052 
617760 
653386 
584844 
588125 
573854 
577239 
569791 
619531 
665052 
567292 
570938 
571458 
574323 
578489 
571667 
567500 
591303 
619375 
548333 
586511 
570104 
585261 
570417 
579218 
572709 
601823 
553646 
621771 
642865 
574166 
567500 
576198 
575209 
561302 
569636 
609688 
560365 
575416 
574167 
576823 
569063 
597448 
622032 
578177 
576406 
620208 
609740 
599062 
573281 
571875 
556510 
573281 
576354 
573854 
600000 
630782 
582135 
580521 
575573 
575364 
559635 
577969 
597187 
657656 
731354 
861667 
882968 
814115 
574219 
574480 
575104 
571562 
574791 
576979 
616510 
722031 
772760 
791927 
764948 
781510 
538281 
564219 
575572 
574531 
571980 
574427 
590521 
577396 
552865 
574115 
576094 
560833 
566822 
637135 
574896 
575156 
635573 
710313 
791562 
749844 
582344 
579688 
573489 
575313 
573906 
573489 
634427 
624323 
574375 
573959 
583073 
552500 
565313 
561198 
569375 
674063 
723385 
769063 
783854 
604115 
586458 
574480 
570364 
655052 
658073 
612969 
587656 
577969 
571927 
575989 
650000 
658021 
601614 
617657 
586302 
671302 
724739 
694427 
671667 
566667 
565781 
580520 
563125 
584531 
637031 
607500 
572396 
619479 
625364 
587031 
591614 
632813 
583906 
581771 
620364 
620261 
573334 
565937 
582448 
601823 
584583 
645260 
693437 
575625 
645520 
584739 
629375 
607344 
543854 
579375 
572864 
568906 
561042 
575886 
569219 
579427 
557343 
623489 
669011 
582760 
596771 
639114 
711510 
720833 
618854 
593125 
576093 
607240 
618854 
583489 
601145 
549844 
573593 
561615 
575469 
575573 
620938 
651667 
581615 
589115 
559844 
575833 
559583 
578854 
577396 
648907 
706562 
545000 
586511 
582188 
573177 
558490 
572709 
547136 
602083 
607083 
584167 
581979 
574166 
586614 
554583 
582604 
578750 
599583 
668490 
608646 
593490 
623698 
604948 
582447 
575989 
607031 
561042 
577709 
571511 
578281 
575833 
577604 
553385 
622552 
622552 
592448 
571771 
575261 
574375 
572761 
573855 
574115 
602448 
618386 
583802 
601615 
574740 
580104 
574948 
586303 
575052 
600573 
667917 
543542 
582031 
579844 
571354 
577396 
578802 
562448 
585885 
620000 
571719 
587291 
576771 
577552 
567812 
574323 
572813 
623594 
615937 
592864 
597135 
560677 
573489 
573489 
561198 
575417 
619948 
674427 
575573 
572761 
575521 
609740 
580469 
639583 
676146 
577708 
594219 
597084 
574479 
588437 
651927 
688802 
715052 
717552 
708385 
720416 
648958 
596667 
571250 
587605 
577135 
589062 
567344 
574479 
568855 
616354 
704896 
716510 
722709 
656666 
579427 
579271 
559323 
578385 
562344 
624792 
664687 
600833 
583177 
569479 
578282 
591666 
635364 
691094 
627812 
607031 
583750 
583855 
1870521 
575052 
554323 
569636 
587188 
663385 
590625 
571458 
577552 
573906 
572083 
568438 
570313 
573697 
554375 
572083 
576927 
614948 
681719 
640989 
570729 
569895 
570729 
566459 
611042 
615625 
564635 
582552 
554114 
572448 
568437 
573177 
551562 
564375 
562969 
611407 
612396 
577396 
564948 
593750 
561250 
573802 
565052 
570990 
562864 
568489 
635833 
619739 
582500 
580469 
586823 
603958 
643802 
649896 
575156 
562812 
556093 
577708 
574375 
562136 
584479 
641980 
725678 
683334 
560260 
580208 
582916 
629115 
561822 
562917 
577500 
577292 
578437 
586510 
569167 
588229 
548178 
626198 
547917 
592032 
574948 
557604 
579896 
583490 
577084 
581145 
559375 
556771 
621094 
537032 
572708 
578594 
572344 
579792 
565312 
575677 
576511 
587865 
599635 
660156 
555313 
552708 
589896 
570313 
576563 
577396 
572708 
641406 
639636 
658386 
565782 
578958 
573073 
579531 
579167 
577761 
574479 
586875 
569896 
575052 
560313 
603542 
638073 
614479 
579480 
576459 
573073 
608750 
548750 
573698 
578073 
574584 
615365 
650469 
657813 
613854 
637447 
581459 
578542 
577761 
577500 
572500 
592656 
630833 
691250 
532760 
588385 
1273594 
593073 
624688 
544375 
589583 
579271 
579375 
574323 
601719 
632240 
609896 
582136 
580208 
558593 
583177 
574115 
573385 
563750 
573646 
581927 
605521 
597760 
626094 
571511 
587604 
584115 
602761 
568907 
577083 
577917 
623803 
705833 
626042 
575417 
563490 
642865 
638125 
636666 
582813 
578437 
572864 
561875 
642448 
628489 
622969 
575990 
566979 
555313 
579218 
625990 
625052 
585052 
575469 
577136 
564479 
566719 
575157 
568386 
587083 
593281 
652917 
576407 
585208 
575157 
563802 
581459 
605156 
591614 
639062 
573385 
570417 
549167 
589062 
660469 
631354 
579583 
581093 
576355 
573906 
573855 
568177 
554843 
568489 
569584 
555677 
611979 
736250 
537239 
600052 
605469 
581823 
571771 
628438 
722135 
719688 
722812 
626250 
588125 
579427 
574740 
577500 
571719 
623802 
677865 
719583 
738334 
580990 
579583 
584063 
564115 
583334 
571250 
620677 
645625 
721041 
644688 
596146 
615313 
649948 
560834 
587604 
580573 
577396 
575625 
575469 
605469 
570261 
577032 
586510 
569531 
587813 
577761 
589375 
569375 
592552 
598698 
620104 
558489 
579062 
571354 
585364 
583646 
579584 
572135 
602448 
729791 
529791 
580730 
579687 
572604 
591771 
556354 
579115 
550000 
607865 
584948 
575834 
559740 
582240 
627708 
567760 
630885 
611198 
644114 
678333 
605000 
683541 
737709 
625729 
590261 
574948 
571198 
556771 
583593 
573646 
575104 
574740 
559740 
577083 
559323 
576615 
556302 
576094 
596667 
604479 
582344 
569271 
559427 
577396 
575417 
575156 
563855 
574375 
566510 
583385 
615781 
592552 
584583 
587292 
615938 
567448 
574011 
594375 
604270 
646146 
608594 
599323 
588594 
586145 
586823 
591510 
570625 
587292 
569844 
589740 
570157 
585833 
589219 
582917 
604583 
667552 
619844 
596197 
583958 
604636 
640729 
617708 
596094 
588541 
586302 
590990 
573073 
591198 
569062 
592552 
580834 
583906 
586823 
585416 
581667 
584063 
587604 
591562 
589688 
589219 
565677 
615156 
557969 
578282 
561198 
575781 
589948 
616771 
578021 
577500 
575209 
560156 
577812 
574427 
560937 
613803 
620105 
566562 
574115 
577969 
576146 
580886 
585260 
630104 
610729 
599114 
571407 
572031 
555781 
584896 
619740 
621250 
587135 
584271 
567657 
589115 
568854 
577656 
560521 
583073 
568125 
585156 
588333 
656562 
635938 
573854 
571093 
566250 
563906 
578021 
558177 
536510 
588177 
593333 
553437 
557604 
575208 
567083 
551302 
587344 
579635 
565729 
572344 
561718 
584011 
563854 
580417 
580938 
573698 
581198 
564479 
589584 
555104 
587552 
613906 
573281 
595677 
564740 
586406 
574375 
571042 
587344 
604636 
617292 
522344 
591615 
575105 
573906 
560260 
566094 
603386 
582188 
573386 
585521 
614635 
577865 
589375 
587813 
556250 
590521 
553802 
587917 
559010 
601927 
555573 
581302 
563490 
580156 
572135 
582969 
575417 
579479 
577969 
621094 
688437 
641094 
577448 
605573 
546719 
579635 
559635 
579115 
572916 
574427 
582812 
567032 
570989 
561302 
574583 
576771 
563385 
625364 
614219 
575156 
575156 
583802 
584532 
565260 
598593 
577812 
539791 
604427 
533229 
586562 
561927 
604584 
573073 
560572 
575260 
585156 
572395 
595781 
634427 
566302 
573125 
580312 
578021 
579167 
577135 
568437 
592708 
616250 
574635 
589740 
561979 
615209 
559375 
583959 
574688 
579843 
589427 
542343 
607291 
579114 
560625 
582448 
569948 
577917 
561198 
544896 
557604 
576562 
595365 
604375 
570834 
576510 
594896 
567395 
561666 
579739 
574948 
597083 
613229 
617240 
580208 
581250 
584167 
564010 
570105 
555625 
608750 
615573 
599792 
586979 
576302 
587968 
578021 
577969 
576354 
563385 
584063 
582917 
564532 
605000 
546928 
563386 
594531 
607032 
595052 
645677 
621250 
607969 
646146 
605364 
588385 
581302 
558177 
574271 
577865 
587395 
584896 
582292 
559010 
590105 
594271 
613125 
591667 
595364 
576355 
564948 
592395 
590625 
581718 
589531 
587135 
587188 
568333 
592760 
576354 
614531 
584896 
628906 
605416 
594427 
575417 
583854 
568334 
576615 
578125 
603282 
686302 
612031 
583489 
580781 
585833 
582136 
579583 
1275729 
571875 
615157 
571354 
578438 
542187 
615365 
541354 
593385 
562032 
579219 
571511 
574271 
562917 
577605 
577344 
582552 
634010 
603177 
578958 
576511 
577136 
577969 
572136 
579062 
593073 
600989 
553437 
592864 
561302 
578646 
560469 
605000 
652553 
526823 
575157 
583281 
579428 
585156 
563802 
583906 
574322 
575990 
563281 
577292 
605260 
615052 
618385 
581145 
575729 
566719 
578125 
577448 
558333 
610781 
651771 
685625 
599792 
614948 
560521 
596146 
565157 
581459 
567969 
575208 
587657 
590677 
577239 
568594 
615000 
584479 
571302 
575885 
575886 
569010 
583177 
575313 
561250 
572708 
589375 
639115 
642135 
574948 
577605 
579531 
574635 
579896 
592968 
590885 
599895 
573750 
568333 
584636 
568750 
599531 
564063 
579167 
728698 
878021 
847812 
861145 
766875 
762188 
790677 
853906 
636614 
580052 
573073 
593386 
570677 
581718 
584896 
584323 
586458 
569739 
573750 
671250 
644740 
641250 
586354 
584115 
594011 
572761 
567552 
583750 
607760 
520365 
499531 
500364 
499115 
618073 
596562 
609479 
519532 
505052 
535157 
509010 
493854 
504583 
539167 
512813 
584896 
605417 
588021 
758229 
913490 
782605 
610521 
580990 
536458 
521615 
509479 
574427 
519011 
498645 
504322 
516511 
595521 
654792 
638437 
524740 
511979 
529688 
500365 
497864 
495365 
523594 
536719 
513177 
512083 
526094 
529792 
575469 
600365 
580052 
509323 
503437 
494167 
495208 
502292 
501875 
532448 
499375 
513542 
498646 
495000 
513281 
638698 
655937 
583542 
529687 
522292 
521666 
537605 
510521 
509010 
526719 
520833 
531094 
519583 
533333 
658333 
606823 
576198 
513594 
495469 
501563 
500416 
505365 
510937 
497709 
522448 
507917 
500729 
501511 
592656 
639896 
588750 
550781 
502916 
529531 
667031 
564948 
528645 
502604 
486614 
508854 
516511 
513906 
492813 
494792 
515209 
507083 
632448 
623698 
583594 
525468 
515313 
535417 
503385 
551718 
522031 
509531 
496458 
505886 
499584 
496459 
494532 
551771 
633437 
609323 
554583 
507500 
494843 
495729 
537187 
501667 
607240 
556875 
537552 
524167 
534687 
537864 
504844 
492656 
501302 
495520 
509271 
501719 
493437 
539792 
497292 
610052 
594739 
540937 
521823 
503385 
492239 
514740 
493750 
512239 
495000 
498489 
496667 
493854 
597968 
551094 
600885 
583072 
533803 
475261 
517292 
559792 
496979 
510156 
499115 
501562 
497344 
494687 
500104 
531667 
524375 
559167 
605573 
508959 
499011 
511250 
600886 
496458 
500677 
505573 
493750 
504740 
517605 
539062 
556094 
518178 
612864 
608437 
526927 
498281 
535886 
552344 
512292 
507240 
504948 
496146 
511302 
494010 
491146 
574167 
576458 
552240 
595365 
520729 
505000 
505521 
558125 
497864 
505729 
523594 
511406 
502604 
499688 
528854 
506823 
513021 
630990 
593958 
538438 
623333 
651354 
562708 
703542 
771146 
700573 
587344 
593125 
515520 
711822 
698438 
615677 
537552 
520781 
572813 
526875 
505208 
505990 
493646 
497239 
492032 
548333 
500000 
506302 
688021 
592656 
508646 
522344 
580365 
595729 
597291 
757812 
748385 
622448 
663125 
571718 
629844 
626146 
589218 
531666 
517187 
596042 
524270 
514844 
511042 
514688 
504844 
514635 
554062 
538073 
539271 
598698 
635208 
544063 
500781 
503021 
577604 
570417 
684063 
733281 
708021 
631459 
666458 
704739 
676146 
612656 
506198 
504428 
568437 
542500 
520000 
509375 
528125 
507656 
529531 
556354 
515209 
568750 
625625 
546354 
516563 
488021 
534166 
568281 
591093 
794167 
853490 
818698 
814219 
674739 
623489 
557031 
607084 
530729 
506979 
523489 
519479 
507657 
658854 
603333 
528854 
539167 
523542 
630156 
616406 
550573 
508594 
518542 
503125 
565209 
508073 
500729 
566198 
633802 
768541 
857031 
705365 
630156 
725782 
653542 
595208 
554531 
551875 
538854 
506041 
498125 
505365 
495052 
543802 
508698 
657760 
574011 
530834 
509063 
512812 
501927 
547760 
513802 
503073 
580573 
657812 
747188 
800156 
774584 
699375 
607656 
557604 
549687 
562552 
517917 
524427 
516511 
535677 
510365 
505833 
573125 
692500 
616094 
596354 
641979 
572083 
528594 
1307083 
523333 
547708 
598958 
739219 
911146 
712864 
622292 
644166 
598698 
570052 
553541 
517032 
524948 
517344 
521718 
504636 
510937 
530416 
531302 
542760 
505260 
504114 
517969 
579531 
654583 
650208 
531250 
525208 
527552 
592032 
732239 
1073542 
748906 
624635 
612396 
551146 
536250 
526146 
523282 
511615 
507291 
541407 
504531 
606511 
670469 
621718 
520208 
507292 
525469 
546719 
516770 
527708 
543125 
522448 
527553 
505416 
518073 
744895 
1010521 
744635 
651406 
628803 
585938 
523437 
580833 
519635 
509843 
525729 
543020 
503385 
493021 
521041 
571979 
511719 
517240 
532865 
505573 
512500 
611562 
683333 
540156 
500052 
509896 
555000 
577709 
689688 
848177 
770573 
638489 
588958 
536563 
510104 
575000 
520468 
499219 
495521 
504062 
494427 
523697 
514271 
558282 
507604 
507396 
506927 
495573 
512396 
510261 
520989 
498385 
502500 
532083 
505885 
493802 
522031 
508333 
526510 
513438 
496146 
495625 
507813 
501198 
497656 
500209 
536510 
538802 
514062 
528073 
517917 
521458 
523958 
592500 
513698 
510416 
520156 
499271 
499114 
510156 
520990 
534375 
521563 
539688 
503958 
510365 
515573 
507552 
535416 
513542 
503230 
497656 
504010 
514739 
507448 
496927 
519219 
544687 
499636 
492031 
518437 
506041 
518177 
503541 
519322 
515313 
513698 
645104 
609531 
542969 
503490 
554791 
516197 
516510 
512657 
495625 
506354 
502343 
495052 
531198 
497343 
514740 
498958 
496406 
518281 
510938 
516458 
515625 
517760 
498854 
494063 
499791 
493125 
497864 
522813 
492187 
505364 
493959 
504114 
504479 
494479 
500104 
535417 
519791 
516459 
505208 
522188 
495678 
510469 
494740 
518645 
509219 
507553 
517760 
495833 
501041 
493281 
528438 
522864 
500781 
503385 
501614 
504895 
508177 
490990 
525729 
496406 
499427 
498594 
507188 
494063 
504635 
504323 
552448 
496614 
500573 
495052 
512344 
503854 
496562 
492656 
518645 
512865 
494531 
490990 
531458 
494375 
511145 
529584 
502344 
508333 
516094 
501198 
506979 
507552 
506302 
496667 
515313 
495313 
505989 
505990 
503125 
500989 
506719 
530782 
496614 
505729 
500990 
496614 
528021 
497761 
514323 
531823 
500209 
493229 
492864 
516875 
498802 
495365 
527396 
504739 
513333 
496667 
512709 
505521 
517708 
500625 
521510 
494271 
513177 
546875 
504323 
496719 
544635 
494948 
550104 
496719 
501094 
494062 
493281 
505990 
511771 
516250 
514948 
493438 
500156 
489375 
495313 
504010 
498854 
540729 
513489 
508958 
506980 
510313 
499166 
507032 
504062 
527500 
502500 
498802 
494740 
493907 
492239 
654895 
511875 
497708 
506979 
511250 
511979 
499531 
513802 
496875 
561458 
511458 
496719 
509271 
494948 
511875 
513489 
503177 
536823 
525886 
501459 
519739 
499323 
501823 
493437 
513177 
531094 
493646 
515833 
497968 
504219 
512864 
500000 
506041 
498959 
515729 
499948 
493802 
498073 
494010 
507343 
525208 
505261 
494427 
499323 
502448 
510469 
501354 
492812 
538177 
520000 
520469 
519480 
510521 
512708 
511406 
543333 
506927 
494896 
521927 
496146 
512032 
502708 
504948 
525468 
493333 
501927 
494896 
506094 
519948 
494166 
508438 
531354 
503698 
506510 
501979 
497083 
509322 
503437 
503541 
516562 
492292 
506302 
509635 
507812 
496719 
499427 
508177 
507761 
502135 
489219 
539115 
510156 
502500 
492239 
486823 
516666 
495469 
528385 
502761 
496458 
495052 
505417 
545417 
501718 
510625 
511459 
509479 
505938 
497500 
496979 
520156 
522917 
512656 
502917 
499687 
498385 
522968 
532657 
508906 
517656 
531719 
502812 
496146 
501354 
515573 
523490 
506406 
493959 
509844 
495052 
511511 
511615 
496562 
540000 
496980 
495416 
509479 
497708 
507187 
494271 
510000 
529375 
496927 
498489 
491667 
503697 
498906 
515990 
536354 
501302 
542292 
494843 
508750 
508021 
506042 
511719 
474427 
501719 
496771 
499063 
505208 
506146 
504011 
498750 
546927 
503802 
509739 
502813 
506250 
493333 
495209 
505573 
517969 
498854 
503854 
512344 
504271 
499687 
495782 
516042 
521667 
503489 
500990 
507396 
506719 
496927 
494636 
512969 
505052 
513646 
1261198 
516250 
504062 
538802 
525052 
497812 
496302 
500208 
493177 
506302 
509896 
538021 
501406 
502968 
511875 
511146 
496354 
515313 
498906 
580521 
532760 
503229 
497500 
463125 
506250 
501511 
504948 
522448 
514531 
495938 
510625 
540937 
506614 
516718 
524584 
497448 
503437 
510990 
531094 
500677 
497187 
501979 
525781 
528334 
507240 
506979 
509219 
506197 
515886 
507136 
529115 
525208 
510000 
501875 
510729 
525625 
513125 
541459 
516354 
501093 
503854 
504896 
518542 
518073 
501771 
558542 
504532 
534948 
532761 
517604 
516875 
501406 
552812 
510677 
507083 
525156 
530625 
570625 
538021 
524531 
560625 
540208 
512917 
511146 
502396 
513125 
508073 
523282 
519062 
539531 
527760 
539844 
538906 
527448 
517969 
559219 
523333 
506302 
501198 
506563 
506458 
502969 
546771 
521822 
517291 
529218 
530781 
509531 
528490 
532709 
531927 
521042 
507604 
504375 
495833 
494635 
511979 
508906 
524740 
512031 
502917 
506875 
501511 
500104 
512240 
517292 
504427 
508750 
512761 
512292 
512031 
499114 
517604 
548177 
505521 
509479 
513490 
514010 
504219 
515469 
504219 
546718 
511458 
512083 
510833 
512552 
514636 
518177 
527656 
499115 
516458 
515104 
501146 
513906 
508854 
509115 
537604 
499011 
518437 
507240 
512813 
495885 
496771 
511198 
531875 
513281 
500156 
501875 
506927 
511718 
496510 
557032 
504896 
512552 
505834 
513333 
512604 
515833 
506875 
517188 
496719 
500885 
509688 
513125 
515781 
530834 
516615 
551614 
503906 
495312 
501980 
516407 
510677 
504584 
522864 
502813 
493386 
504167 
505312 
492135 
494323 
525625 
512813 
497187 
500677 
514219 
501198 
497083 
503177 
500834 
510677 
499427 
504115 
497448 
502240 
519688 
507395 
512448 
577969 
501563 
504010 
529635 
593281 
594167 
728697 
759375 
760730 
659479 
586771 
564739 
624584 
508020 
505469 
501718 
506562 
552188 
529740 
517240 
568438 
517188 
503333 
506718 
501771 
508334 
511770 
502656 
538594 
496250 
498073 
506823 
501042 
499375 
501354 
546666 
516562 
517500 
502604 
500677 
504323 
514792 
500000 
550208 
522500 
520052 
510260 
511458 
504948 
500209 
500000 
537709 
509063 
494479 
497604 
518386 
520156 
501615 
531511 
502552 
521875 
514166 
518854 
514896 
500885 
529270 
550781 
500625 
512709 
537604 
514792 
502864 
514063 
548490 
512552 
534323 
523750 
499688 
501146 
505625 
506198 
529636 
517396 
511459 
513020 
518125 
518854 
595781 
638958 
598698 
516980 
505521 
509531 
513438 
505990 
502865 
537604 
509688 
505573 
516927 
523645 
526875 
506354 
541719 
526615 
510989 
512500 
501562 
497969 
501094 
504427 
486718 
502188 
503021 
496511 
501510 
503698 
509584 
511666 
554532 
528490 
522812 
500625 
504583 
502031 
497708 
505157 
558593 
529219 
522136 
523490 
528646 
522188 
520782 
550885 
513854 
517656 
519687 
513229 
513855 
525000 
513177 
550729 
501562 
511511 
503125 
515156 
518542 
510729 
529531 
508229 
523333 
521041 
502240 
515365 
506510 
502916 
546927 
524687 
520365 
516980 
517188 
510833 
506979 
554792 
505417 
512291 
521823 
523282 
500469 
501146 
506510 
515938 
511302 
502344 
524531 
500625 
510000 
518229 
505313 
547604 
514479 
521771 
520938 
505833 
516250 
567812 
551042 
531511 
524323 
534479 
504479 
521562 
520730 
531041 
613958 
530052 
535937 
531354 
531563 
522864 
523073 
584427 
515521 
505886 
520416 
510678 
532032 
520990 
544010 
516355 
530573 
536510 
528594 
516146 
524114 
525364 
550312 
525365 
514792 
504635 
540104 
527187 
531667 
550157 
515521 
531042 
510469 
510730 
525156 
505521 
530729 
531093 
510365 
523385 
512709 
525052 
500365 
500990 
544843 
515677 
503750 
502500 
505677 
505052 
508385 
526042 
531458 
500833 
498542 
527291 
506406 
500104 
514739 
507448 
523438 
522917 
500885 
508645 
527240 
522968 
522865 
539791 
510261 
475416 
516927 
523594 
507083 
497188 
469895 
521042 
511250 
522969 
500729 
520416 
500469 
498125 
501458 
553125 
533489 
524115 
517552 
509896 
524010 
536198 
533646 
501406 
526146 
510104 
516615 
503333 
515104 
515313 
519427 
1278907 
529583 
526563 
511979 
515469 
529218 
515261 
521250 
534687 
569687 
529167 
513854 
496927 
516302 
507188 
509948 
525000 
510260 
496562 
496875 
537552 
509166 
508125 
508646 
501875 
497240 
502500 
502396 
563490 
530781 
535052 
527656 
507448 
518438 
510261 
534896 
505052 
506302 
518333 
513125 
515625 
501771 
505468 
537552 
509115 
493958 
495573 
501093 
504167 
509532 
516250 
549114 
520990 
500886 
501146 
508906 
514323 
517604 
532239 
503333 
500989 
507031 
502396 
496459 
531563 
511562 
521667 
509011 
498541 
492240 
496042 
496146 
662605 
479375 
549531 
520000 
520781 
529739 
527344 
535208 
517604 
508698 
499844 
498281 
519791 
498178 
514791 
498490 
630157 
501406 
517239 
532605 
519166 
501927 
516875 
509844 
553125 
540208 
513229 
500885 
518073 
509583 
494271 
493698 
550156 
511406 
515209 
517865 
507864 
500261 
506719 
536667 
511042 
495729 
493698 
522709 
510260 
509427 
497968 
525000 
504479 
508697 
513229 
512188 
502083 
513646 
498698 
546459 
504167 
508958 
497917 
508750 
500573 
493386 
502553 
536979 
522604 
501823 
497917 
507240 
493906 
514896 
534948 
496614 
532864 
497448 
514480 
496823 
506823 
522604 
520938 
509062 
506615 
532917 
525833 
519166 
535365 
523698 
542188 
500312 
494792 
506198 
507656 
509843 
494532 
513125 
525208 
528073 
521198 
510156 
512292 
534792 
527500 
529739 
505052 
508594 
503906 
531875 
506771 
516302 
541250 
503177 
509583 
506718 
498073 
516927 
515208 
510469 
530937 
501041 
526667 
518854 
506979 
503698 
525678 
503229 
536927 
505313 
506563 
519427 
520521 
531093 
511146 
533073 
512448 
494480 
525573 
491719 
522291 
509218 
514739 
565781 
508021 
503698 
517396 
504271 
522344 
530885 
506354 
525417 
513333 
507448 
493125 
496354 
502604 
508959 
525364 
487865 
501875 
499896 
506407 
520834 
498073 
510104 
509532 
532812 
515104 
496980 
506354 
500730 
500886 
503021 
528750 
502813 
497396 
511823 
503125 
506250 
500000 
497031 
520677 
499480 
513073 
529010 
515052 
524688 
499844 
509427 
503906 
506823 
501823 
524896 
504114 
500364 
515000 
526771 
516198 
502448 
513386 
506302 
498333 
497760 
525625 
523490 
503542 
500781 
515000 
497135 
496719 
535312 
536198 
507136 
506354 
500156 
506302 
499479 
516771 
527292 
542917 
512708 
520209 
519948 
496875 
513594 
501667 
499219 
574114 
518385 
482708 
519948 
514739 
512916 
502604 
495156 
500052 
501823 
506197 
512760 
514947 
501198 
505416 
523021 
499427 
508750 
494271 
502604 
508177 
501458 
514166 
519428 
525157 
517656 
543593 
518021 
527083 
523750 
543958 
527500 
500990 
501979 
519114 
504063 
504948 
502760 
518073 
521093 
504792 
525781 
500521 
517760 
504947 
504896 
557656 
504531 
507917 
518438 
506667 
508438 
512657 
520781 
515260 
509167 
513385 
498594 
504635 
497344 
532187 
540000 
515261 
503594 
499583 
526198 
509323 
502865 
505833 
525833 
504479 
499532 
512083 
515365 
496458 
523438 
523385 
499479 
515208 
516406 
506875 
507552 
517968 
502968 
527812 
507813 
514427 
499271 
516875 
503281 
510573 
515625 
530521 
507760 
501302 
499010 
520625 
514479 
500105 
557135 
500157 
512084 
506042 
509062 
519010 
514010 
505156 
521927 
502396 
508281 
513854 
504375 
497864 
527448 
515000 
531146 
538594 
513437 
507709 
519531 
518178 
506718 
519062 
534532 
499688 
500729 
519323 
503125 
515104 
502552 
542657 
504740 
498906 
515781 
499948 
503437 
510625 
521458 
537552 
501979 
504636 
505000 
501927 
508281 
574115 
472292 
517865 
515052 
502916 
503125 
508125 
513177 
505521 
529896 
509479 
504791 
514322 
516406 
500417 
511406 
510105 
524843 
520677 
519323 
505365 
512343 
501562 
525104 
525573 
518802 
505208 
508802 
507708 
502500 
522500 
500261 
552188 
510625 
500625 
498593 
502239 
528490 
504167 
500833 
549792 
503802 
506250 
512187 
503282 
501250 
505469 
537708 
505677 
502500 
501250 
504114 
502813 
515417 
510781 
612708 
481250 
524323 
504323 
500729 
501510 
519844 
526562 
544219 
511770 
516250 
502709 
504948 
504636 
499062 
523542 
521094 
1267083 
532865 
504479 
510990 
497916 
528385 
504219 
502760 
519584 
514115 
510469 
504479 
489843 
520678 
508906 
521667 
513698 
510104 
504948 
516563 
562864 
511146 
510417 
517657 
509843 
521771 
495105 
546875 
519375 
515209 
505521 
518125 
522187 
510313 
521093 
550886 
528750 
506719 
506823 
520469 
504166 
503073 
516563 
514792 
509375 
513698 
516979 
502240 
524896 
507136 
540885 
532344 
514531 
535729 
522292 
529323 
529896 
533906 
529167 
495000 
519583 
501250 
499375 
506146 
499896 
518438 
504480 
504063 
493854 
499166 
518333 
497135 
533125 
522969 
517083 
552031 
544687 
531771 
505417 
527708 
555573 
533489 
514948 
505365 
501979 
511875 
506094 
517344 
525938 
502032 
517864 
511875 
500781 
499062 
508802 
496146 
554114 
513750 
500312 
512865 
505729 
508854 
500260 
521198 
520573 
503281 
509375 
520104 
505417 
497865 
515520 
510521 
518386 
509479 
510625 
515729 
503281 
517188 
519844 
529167 
508438 
503386 
502656 
513229 
524427 
517761 
528750 
506666 
506927 
516875 
520677 
509010 
502656 
523959 
548229 
519219 
504427 
500157 
505104 
499844 
513437 
541198 
540104 
499219 
503385 
505520 
504115 
512448 
524688 
529948 
511980 
500990 
504427 
500312 
504896 
502865 
500104 
516198 
506771 
507188 
500416 
522395 
491406 
472031 
481250 
496667 
477292 
461146 
475156 
484062 
458437 
480521 
468542 
495625 
475625 
473229 
463646 
472812 
470156 
482239 
473698 
477448 
481094 
475677 
465417 
460521 
462864 
474896 
471302 
478438 
477188 
462031 
478437 
499167 
447344 
469010 
485157 
472136 
460886 
496354 
445260 
465156 
474219 
481562 
473489 
471458 
478229 
467292 
474427 
469011 
475469 
474166 
471666 
473698 
476042 
499323 
477448 
480156 
471823 
475417 
464115 
471980 
473958 
475521 
487083 
476094 
472969 
488593 
473438 
475781 
449323 
468178 
499479 
463073 
480938 
478542 
483333 
500834 
484740 
459218 
470000 
464531 
480156 
479375 
492969 
472292 
461510 
487760 
474479 
484218 
473958 
464323 
477292 
478281 
464739 
475521 
466719 
502552 
484010 
477188 
475730 
470208 
476666 
472240 
465990 
493958 
477812 
474270 
477969 
474427 
456718 
470677 
478020 
478437 
504427 
481250 
475781 
473177 
470156 
478854 
476822 
481146 
481146 
470156 
479635 
495104 
482656 
488541 
470782 
464115 
496718 
475990 
484583 
444167 
472708 
478489 
475938 
474895 
503385 
474636 
479375 
463750 
481510 
460000 
474583 
474271 
470782 
489063 
474428 
474688 
479844 
472291 
474792 
473125 
473802 
491042 
479532 
476771 
476041 
478229 
462969 
472291 
465625 
470573 
499687 
475521 
487552 
477916 
473698 
486770 
480729 
475677 
499636 
475261 
471719 
475260 
468385 
476614 
476927 
478229 
477239 
473802 
474166 
465312 
478125 
475573 
488541 
456458 
506614 
461615 
478490 
463281 
465833 
479062 
488593 
496302 
509792 
542188 
523073 
622552 
673073 
546145 
504947 
515521 
536197 
465625 
460677 
469479 
478958 
446406 
479584 
472292 
496614 
462969 
490781 
462500 
485469 
467031 
465156 
474062 
509166 
460781 
470052 
474271 
467083 
472187 
475833 
471458 
476146 
489219 
478958 
485781 
464219 
444583 
476041 
475833 
460052 
514115 
466667 
474532 
475052 
468646 
463229 
475989 
479740 
485209 
463282 
473959 
481510 
472552 
457865 
474531 
466250 
471250 
496719 
462552 
470781 
474219 
479062 
468021 
483698 
467969 
504271 
475156 
476250 
465469 
459375 
471562 
476458 
457136 
472552 
496875 
472083 
470834 
473959 
468281 
471198 
469636 
466667 
476875 
483020 
445729 
471719 
473021 
478541 
476042 
462812 
519375 
481771 
503750 
476771 
478125 
467812 
459739 
476302 
450573 
489844 
471146 
475260 
480469 
478282 
459583 
478021 
456823 
529114 
446771 
475938 
475261 
475834 
465261 
473125 
483593 
489219 
477969 
475573 
460833 
462969 
460417 
473646 
479479 
473906 
500417 
479375 
458959 
473385 
458750 
466667 
460937 
473021 
455520 
482761 
475156 
473437 
465989 
478698 
458437 
475990 
471563 
485938 
459948 
465104 
462188 
467188 
467084 
465417 
474323 
497240 
478593 
475469 
472657 
481406 
473125 
1208178 
515625 
470208 
463750 
470261 
463541 
478229 
469948 
463282 
479063 
471093 
481979 
476042 
477917 
487188 
466302 
464167 
501093 
502760 
473177 
469792 
468750 
478750 
482083 
466615 
474948 
515729 
480156 
480781 
463645 
459688 
499479 
478958 
462084 
488125 
470104 
478802 
475416 
472187 
476250 
475677 
492031 
501771 
480677 
476094 
468386 
461770 
476354 
482864 
472657 
450104 
521667 
493437 
442500 
475260 
482083 
474011 
471354 
475312 
484844 
471823 
469323 
494323 
471250 
473906 
476459 
471667 
494271 
464010 
479219 
459532 
475104 
478437 
473854 
473282 
476094 
510000 
474688 
476667 
484739 
475156 
463906 
494740 
472709 
471875 
461979 
481614 
461406 
474948 
465625 
475000 
472552 
496562 
493593 
475625 
460312 
478750 
470729 
472969 
483542 
471823 
506094 
478281 
467500 
474792 
473906 
480157 
472760 
474427 
477864 
480260 
469844 
475052 
479375 
474427 
461928 
475156 
496146 
467032 
462292 
467865 
472708 
477083 
478490 
488073 
477760 
500052 
468542 
485416 
472448 
490261 
476302 
473177 
474166 
481250 
473490 
477448 
480365 
474219 
459427 
479167 
465000 
491146 
473854 
480000 
474844 
475677 
491145 
473542 
473750 
472760 
509375 
465313 
472239 
480885 
475885 
488333 
480677 
474218 
474323 
475156 
478178 
477500 
476355 
475521 
459427 
475052 
496563 
468646 
474687 
479896 
471823 
474271 
461250 
470781 
479896 
498906 
476146 
480468 
474792 
475520 
482135 
477656 
473177 
463854 
479323 
473698 
473854 
479218 
473333 
468750 
444688 
507343 
442709 
482292 
480000 
476250 
474063 
479844 
458333 
473437 
491094 
484323 
475156 
475469 
484427 
472812 
474687 
473021 
483542 
475989 
474531 
479375 
475104 
472552 
472500 
467760 
495572 
477188 
476146 
477500 
470469 
480625 
472916 
475104 
470833 
505730 
474688 
474636 
479271 
500468 
465104 
476614 
477709 
480573 
475938 
485364 
472917 
462657 
476563 
475729 
471510 
447917 
492812 
474218 
472136 
464688 
458802 
464687 
468959 
479479 
484375 
474636 
509947 
469688 
449322 
483020 
480573 
452552 
498073 
480625 
466406 
490469 
482604 
474219 
473073 
473855 
498021 
472448 
471875 
479167 
472812 
479635 
474687 
474583 
475677 
489843 
478958 
475677 
464271 
479010 
476094 
476666 
472292 
484323 
473490 
490782 
489635 
474791 
465105 
474323 
485729 
476875 
477240 
475104 
477136 
475469 
478229 
471250 
477500 
505260 
482292 
477812 
477344 
481511 
473386 
459427 
470364 
479635 
489635 
479010 
468125 
474323 
472656 
479687 
473541 
474323 
480000 
479167 
460782 
472292 
478333 
466250 
480833 
461407 
503907 
476302 
470104 
478646 
470104 
470312 
470104 
484323 
471302 
502031 
481302 
474740 
473906 
475312 
459219 
492917 
458333 
512604 
480312 
474375 
468542 
474739 
480156 
472083 
469375 
503802 
474688 
472604 
474115 
474636 
492500 
472396 
472552 
480521 
490156 
466354 
475416 
480990 
473802 
474323 
474062 
478229 
500260 
475105 
478646 
472500 
470053 
475729 
476198 
477136 
486822 
482917 
474740 
474792 
479375 
473802 
474218 
466354 
477916 
487239 
476094 
477187 
475000 
474115 
474948 
468229 
472708 
498698 
484115 
461145 
475729 
475468 
472083 
474532 
472969 
482917 
460572 
475156 
478750 
472709 
473230 
481146 
476667 
473489 
480885 
479375 
471146 
466041 
465833 
489948 
470104 
487708 
501459 
476198 
475677 
475000 
480209 
477656 
472135 
476666 
480833 
477396 
492552 
473437 
473281 
477084 
477657 
472656 
470625 
509114 
460572 
474219 
475885 
475312 
477135 
470312 
476406 
465573 
470416 
478646 
473073 
472552 
471302 
478386 
471250 
496979 
465469 
475209 
470417 
475469 
474270 
473594 
474011 
480104 
485781 
474739 
468854 
493021 
473020 
471094 
474896 
477344 
492552 
494115 
472917 
464843 
466354 
492760 
491562 
475209 
516354 
479218 
479427 
478803 
479583 
479166 
476562 
485781 
510313 
479791 
473594 
471511 
479167 
472239 
487292 
473593 
477917 
513697 
472709 
476927 
485573 
492188 
471875 
481458 
480833 
471303 
465156 
484166 
479167 
472187 
467865 
468594 
476614 
499062 
488177 
474583 
474062 
1200885 
492604 
479739 
460781 
467292 
454843 
498594 
469323 
464791 
472344 
469948 
516615 
478438 
473698 
473646 
476198 
473646 
478073 
475833 
478229 
515938 
476667 
475156 
473490 
492709 
463333 
476198 
481042 
479791 
475521 
483021 
493854 
474323 
474688 
483645 
478593 
489844 
468907 
476459 
476407 
484948 
472187 
472083 
475886 
479114 
505104 
474218 
481145 
473230 
471302 
473177 
471927 
474791 
476615 
479427 
473281 
465052 
470156 
440677 
447917 
497187 
562657 
498281 
432396 
460000 
471979 
474323 
463698 
493541 
459323 
509115 
470937 
475365 
474636 
472239 
482552 
490573 
458334 
491406 
471302 
471771 
480469 
468697 
468854 
471094 
482760 
502084 
473907 
472865 
470677 
458073 
474948 
475416 
469687 
472239 
514531 
470417 
469375 
474896 
467969 
470521 
470104 
477395 
442292 
458125 
493438 
473593 
487396 
459792 
478802 
474062 
492396 
486406 
458542 
472292 
469583 
472813 
470886 
471042 
467604 
499323 
474583 
478230 
473281 
475000 
469896 
482084 
470417 
492447 
491771 
472188 
471823 
471198 
476771 
470834 
471042 
499010 
477239 
472916 
478542 
473125 
465416 
474427 
481250 
474688 
495104 
479532 
473438 
470365 
470469 
470938 
472187 
472239 
500468 
477865 
473125 
471146 
473073 
471979 
470521 
476459 
495261 
473073 
479271 
477031 
475469 
470782 
476771 
475105 
506562 
500989 
465104 
460937 
472552 
478229 
470730 
472032 
478281 
474948 
467188 
494479 
463490 
464584 
458750 
478698 
468646 
490313 
529792 
510260 
472240 
457031 
477500 
473177 
474740 
512865 
477084 
472291 
474843 
475000 
460104 
470833 
473073 
471458 
485312 
478073 
470261 
473229 
469791 
479375 
472188 
472916 
508802 
472917 
465937 
460313 
483125 
471562 
459479 
474375 
474479 
489688 
477084 
472188 
472865 
472083 
476979 
466407 
463125 
491406 
464688 
474427 
461094 
475834 
472240 
469948 
477031 
496980 
462448 
485990 
473542 
474687 
470156 
479271 
474479 
474636 
496302 
477344 
476093 
474531 
480208 
477239 
460104 
480313 
471563 
477032 
480365 
472813 
470938 
472396 
478854 
473490 
474739 
467761 
474323 
474375 
474166 
466354 
474531 
473906 
466094 
501302 
473854 
471615 
481354 
472031 
473385 
466302 
474167 
486719 
467240 
473906 
471510 
470209 
478333 
473646 
472760 
496093 
481303 
474063 
473177 
477760 
467135 
481354 
504375 
478437 
516563 
476511 
475990 
479687 
479948 
487396 
481250 
479167 
563698 
496197 
471615 
469532 
494740 
470625 
455573 
517917 
530312 
468073 
439427 
470521 
476302 
472604 
482083 
472709 
507240 
476145 
461511 
436927 
477969 
477448 
461667 
471666 
465625 
500938 
475677 
484739 
482240 
472083 
471302 
479167 
473177 
490000 
480937 
471823 
471979 
479948 
465938 
473177 
471875 
503802 
472604 
484375 
468802 
481094 
468229 
467396 
475000 
475052 
491041 
494375 
473802 
471615 
472083 
476146 
469271 
486927 
503541 
499583 
485573 
483125 
482083 
456198 
515677 
518594 
529219 
464843 
468386 
469948 
468229 
468907 
478906 
468229 
496562 
485000 
468646 
474011 
454843 
481823 
481562 
471823 
478282 
518386 
471562 
480573 
472865 
473385 
470730 
483020 
469896 
485781 
474948 
474062 
472552 
475469 
474948 
457604 
471406 
488489 
462083 
477864 
492135 
494896 
466354 
470573 
479375 
501719 
476458 
482344 
470105 
472031 
470000 
489167 
469375 
470157 
493750 
472761 
459011 
473073 
483958 
458333 
459687 
472239 
484635 
473333 
464323 
477448 
476927 
468438 
465520 
466614 
482656 
499115 
484479 
477396 
471615 
470000 
474583 
475208 
484584 
477761 
480365 
473281 
480156 
472813 
471875 
481146 
471771 
496093 
480312 
472500 
471771 
488437 
492291 
459219 
474270 
502032 
478906 
471875 
486406 
474532 
488073 
470937 
464896 
462500 
484062 
470729 
475625 
461250 
471979 
480209 
457813 
469948 
485677 
489583 
457969 
471979 
476823 
471927 
471406 
477709 
473646 
497552 
460260 
477188 
472604 
472083 
486197 
470886 
458750 
466823 
472917 
472032 
468907 
472917 
476354 
472917 
475833 
486823 
472604 
458281 
479323 
472916 
458854 
483906 
484844 
475104 
489114 
1200000 
485156 
479740 
466666 
476823 
476719 
464791 
472813 
478334 
478698 
476146 
471511 
478646 
473697 
494688 
474947 
500208 
475573 
472396 
474895 
475938 
463594 
513593 
475677 
475313 
474479 
487396 
476615 
471146 
455521 
472552 
458230 
475261 
467032 
475573 
470938 
477552 
471406 
452969 
504271 
439011 
466823 
472709 
479115 
475209 
459375 
469011 
482136 
477761 
435469 
449375 
479219 
444531 
476927 
475729 
470677 
444844 
454114 
478333 
491563 
443281 
439114 
471823 
479428 
506719 
484427 
521511 
523490 
500469 
539792 
616875 
600678 
621510 
512604 
505573 
470364 
464323 
481406 
480312 
453020 
534844 
473385 
443489 
476042 
495052 
478386 
480677 
481875 
498594 
474427 
464583 
471718 
477656 
473177 
481875 
481511 
486615 
477865 
489740 
472657 
474218 
479010 
472083 
474010 
515833 
472344 
476771 
474635 
485885 
472240 
476614 
474844 
480417 
501458 
446770 
455000 
495364 
440157 
506562 
477500 
465208 
493177 
467031 
477292 
488229 
473907 
474479 
476146 
479218 
449323 
473385 
479427 
483646 
472917 
474479 
455625 
453645 
448646 
507864 
465261 
475416 
469792 
475521 
461979 
475730 
481458 
482448 
494219 
475104 
466927 
475312 
461771 
481145 
465677 
453229 
567813 
537031 
458281 
450260 
445781 
431198 
438750 
478594 
502291 
469948 
466146 
474479 
473125 
463959 
477812 
476666 
493958 
461042 
492292 
477864 
478802 
482812 
475365 
475209 
468229 
463750 
473386 
476927 
480313 
473333 
474427 
475417 
477031 
502865 
482656 
470364 
463438 
479740 
470209 
462187 
474791 
495365 
465573 
476302 
471093 
468177 
467239 
472396 
483593 
472292 
495521 
478490 
471355 
476667 
462291 
482709 
473907 
474115 
478385 
491771 
474843 
472552 
474792 
462344 
491406 
443593 
491719 
476303 
475416 
466979 
462500 
486250 
467292 
475937 
461510 
500104 
486198 
474271 
473593 
468542 
473541 
474271 
465989 
469010 
469375 
452031 
512188 
501042 
441771 
476563 
475521 
495729 
469635 
476927 
482864 
475156 
466666 
480260 
482395 
473438 
502084 
472188 
471771 
484011 
468802 
450260 
512969 
433698 
482083 
475052 
488906 
490937 
496927 
500312 
475469 
476042 
499323 
476250 
465000 
476042 
479843 
477292 
468541 
470209 
486875 
469688 
459844 
457031 
448385 
490469 
461510 
479114 
505937 
514792 
469427 
470782 
481302 
470833 
472604 
472916 
475364 
499791 
466718 
475312 
478750 
473333 
473490 
465261 
480885 
502813 
473854 
486823 
462135 
460261 
483594 
472604 
471875 
454062 
498594 
469948 
461614 
519115 
506562 
438229 
479896 
471771 
496615 
469323 
477968 
476927 
460364 
472083 
474219 
484062 
484532 
465677 
471771 
472604 
477291 
474895 
464948 
478645 
481198 
509219 
465938 
482344 
471458 
460053 
477292 
473386 
472239 
498854 
467552 
475625 
458230 
479740 
459531 
463489 
469062 
518802 
464531 
472136 
465886 
479219 
474531 
476615 
470000 
473750 
498854 
478750 
455677 
470521 
471303 
440209 
433021 
482396 
467500 
478646 
472656 
479584 
472916 
468803 
461875 
469427 
428698 
459792 
482396 
464531 
469583 
478959 
470678 
470885 
470417 
503542 
463490 
471771 
465729 
472605 
472448 
479791 
470364 
472760 
483490 
485209 
472292 
474011 
479583 
489427 
472812 
474167 
502448 
477083 
458541 
478593 
472812 
472968 
480416 
464375 
483178 
471771 
481198 
477552 
469218 
480677 
470104 
486979 
468541 
488645 
465313 
469792 
470156 
471198 
467240 
471250 
470937 
503021 
487031 
486302 
473021 
472865 
463490 
474740 
472031 
496927 
478021 
458541 
455573 
471406 
474896 
489635 
472864 
481823 
501667 
472969 
481302 
472604 
469948 
476927 
475000 
469323 
475521 
474584 
475000 
462292 
473855 
476094 
470885 
477083 
513646 
463489 
460156 
478073 
470625 
478802 
458907 
492136 
486979 
493281 
485469 
474531 
475416 
491719 
472865 
473906 
473490 
479948 
472656 
469114 
478958 
474166 
473333 
487604 
481615 
511927 
474948 
478229 
490625 
473438 
483698 
473437 
474583 
504479 
469271 
477083 
475886 
478281 
474531 
465886 
456823 
478333 
488489 
475260 
467083 
479166 
476875 
470677 
472083 
1230521 
498855 
473333 
491614 
482187 
463385 
493073 
486614 
499479 
474479 
472812 
480364 
476875 
479792 
458646 
483386 
497084 
464636 
466302 
475417 
481563 
476250 
478541 
473281 
496093 
483750 
477344 
491771 
483282 
475781 
491042 
488177 
483438 
512136 
539375 
576770 
556041 
547761 
562344 
533229 
455677 
471511 
485156 
475886 
540104 
554635 
564166 
557344 
511250 
468177 
476406 
464218 
493854 
474063 
477344 
471822 
510938 
492083 
474167 
481354 
471302 
488438 
494792 
482344 
515261 
543646 
568125 
528906 
434635 
473542 
469531 
481146 
476407 
462552 
473125 
471250 
480677 
444271 
475000 
445416 
491615 
460208 
472343 
467031 
475156 
464948 
453646 
486666 
440416 
456302 
484636 
472969 
472395 
480938 
473750 
480000 
472552 
500260 
474739 
470417 
468021 
473177 
472656 
476823 
476407 
477916 
502187 
469323 
475989 
475156 
479271 
475209 
474584 
467136 
440156 
458593 
473698 
467187 
474323 
474167 
477500 
473281 
508803 
473021 
482448 
473073 
472031 
484791 
469115 
461563 
472447 
503959 
474375 
472604 
492136 
470782 
472657 
478490 
470208 
477500 
473959 
473906 
461458 
458906 
465052 
461615 
461615 
494114 
485208 
467917 
474948 
466094 
488646 
472239 
472448 
453334 
524219 
476459 
485521 
459636 
473959 
480469 
461458 
480677 
491146 
487708 
480104 
465000 
484792 
477135 
477292 
465573 
515938 
469063 
473542 
479270 
484896 
475625 
468490 
477969 
473437 
500573 
440677 
448281 
468438 
481875 
474375 
476198 
474010 
484323 
479375 
461927 
481927 
487344 
473229 
480677 
476823 
504375 
477344 
480000 
474218 
463750 
481875 
474479 
474635 
471614 
506041 
479219 
470312 
479792 
473021 
476718 
474739 
478438 
515052 
474896 
481250 
496458 
477343 
486823 
473021 
483594 
488698 
481771 
481510 
473750 
500677 
459635 
461823 
472969 
513281 
481875 
477187 
485365 
472813 
472709 
479167 
472240 
474219 
490886 
486458 
463645 
477604 
478386 
465938 
474010 
475885 
490000 
474218 
472709 
479115 
474531 
471406 
461615 
476562 
497500 
463593 
480573 
473177 
465052 
459636 
441719 
473334 
472344 
484896 
474896 
478750 
484427 
472292 
454896 
492500 
444479 
442500 
455885 
485781 
475313 
472343 
464635 
473542 
475208 
471980 
513698 
471510 
471614 
473959 
482032 
468645 
489219 
472448 
475833 
474480 
478490 
474583 
473281 
493959 
468646 
476302 
495677 
462291 
473541 
473542 
477552 
472604 
471354 
475677 
490625 
508021 
469896 
478854 
472240 
473854 
472657 
478855 
470990 
480625 
486979 
477448 
472448 
476719 
470573 
479843 
472395 
482969 
473438 
471042 
475625 
481771 
468541 
472291 
490885 
475416 
500625 
481042 
470208 
471250 
452240 
514011 
438437 
469479 
501303 
471615 
472500 
492656 
468906 
479479 
472032 
493073 
483906 
484219 
476614 
472083 
468958 
470156 
469062 
469479 
470313 
506615 
472552 
487396 
494062 
484167 
473907 
469479 
482708 
480937 
471198 
478906 
473542 
478542 
470729 
479114 
456614 
477187 
499531 
473803 
469063 
489271 
485052 
474688 
473333 
523125 
479739 
479479 
473906 
487708 
471822 
473802 
476875 
475364 
515677 
480989 
486146 
510781 
464531 
461927 
471875 
475156 
500625 
474427 
471979 
488646 
473385 
475781 
486771 
485313 
493698 
474844 
469271 
473334 
473177 
496302 
472292 
477240 
462916 
480000 
476354 
473854 
496354 
476770 
461667 
471875 
478230 
497761 
473698 
478594 
485417 
477917 
486511 
485104 
462187 
484479 
477813 
472135 
480990 
476302 
477344 
470781 
475000 
495208 
475365 
470833 
478594 
475625 
476458 
472917 
466927 
460729 
499218 
484219 
489167 
495157 
484740 
488073 
486822 
490417 
514636 
479010 
472760 
480365 
490468 
479688 
462604 
468907 
464375 
477917 
483594 
482031 
475105 
484948 
489427 
479115 
486563 
476719 
478021 
476354 
467240 
475989 
460833 
475989 
480989 
502500 
460469 
470520 
479323 
492240 
478334 
494115 
479896 
491302 
484895 
463489 
486771 
483334 
473229 
492605 
470886 
476875 
467864 
440156 
477656 
460000 
469062 
471510 
478125 
464688 
506146 
492292 
492136 
463594 
475521 
474739 
477188 
1226979 
495364 
477552 
495364 
492292 
479323 
477500 
510573 
484583 
478438 
483229 
477135 
473646 
474531 
471614 
474791 
474740 
481146 
482917 
462969 
470364 
458073 
475990 
484479 
480677 
473125 
474115 
479688 
476927 
460573 
472239 
500729 
488281 
477344 
485000 
459010 
476927 
477448 
462083 
473750 
474739 
492083 
489531 
474322 
478073 
480469 
476718 
471667 
480677 
494531 
462343 
472188 
473177 
476302 
478594 
480000 
472969 
494375 
480209 
473646 
471875 
480000 
475209 
476250 
466354 
460781 
499166 
462969 
469375 
478386 
472552 
475520 
478229 
486354 
493281 
479844 
475312 
470833 
480573 
473021 
474270 
475781 
505781 
464375 
479636 
480157 
472084 
474375 
477969 
478697 
472448 
500000 
482656 
473177 
472344 
475989 
483021 
453281 
448854 
501198 
435521 
453334 
463646 
469687 
475469 
460052 
488021 
495885 
477240 
479375 
473125 
469011 
471354 
480000 
459427 
475000 
481198 
485000 
464479 
478490 
483438 
477708 
501770 
494479 
517604 
477448 
469636 
494792 
476771 
469270 
479271 
460052 
476614 
483333 
475416 
472864 
480625 
472083 
469375 
472136 
478907 
506198 
478385 
478958 
471510 
472500 
472240 
477656 
475365 
463177 
477969 
469583 
470468 
455573 
461823 
466666 
465520 
499583 
465469 
460104 
478385 
461250 
473594 
512813 
449427 
458281 
477552 
484791 
471250 
473281 
475104 
479219 
471458 
467395 
487083 
475208 
472969 
485416 
459896 
473698 
474011 
479271 
465781 
490729 
481198 
471094 
468541 
472708 
474323 
473438 
471250 
475365 
475261 
469479 
475990 
469948 
470417 
474011 
475677 
488281 
468281 
476510 
467916 
489219 
435365 
470104 
474687 
450416 
491666 
472448 
473958 
471927 
480261 
479584 
473490 
476823 
479375 
473125 
493281 
471302 
475260 
470052 
482708 
476250 
507656 
483541 
476875 
475625 
472552 
469531 
474063 
462344 
476666 
484583 
474896 
484323 
471303 
472917 
472917 
490209 
470730 
491771 
484167 
476250 
473750 
475209 
494792 
455156 
474115 
502761 
461614 
473646 
470990 
461510 
475312 
473958 
475417 
471406 
489531 
479323 
471250 
463438 
473125 
497396 
473125 
473073 
517709 
473020 
473073 
472760 
473334 
472188 
474114 
484479 
490052 
474010 
480937 
471458 
480208 
469688 
477552 
475364 
474583 
492708 
506354 
530104 
483333 
586615 
549740 
641875 
671719 
579219 
552447 
529063 
511875 
475677 
476979 
526042 
473021 
476719 
481094 
472344 
473697 
473490 
482917 
495521 
470156 
471354 
462760 
469062 
462604 
463437 
478802 
460834 
502605 
474270 
476406 
449896 
477136 
471979 
470989 
467448 
482344 
465572 
493906 
466094 
478490 
472500 
480208 
460260 
458645 
511771 
462760 
460886 
479375 
457656 
472656 
474948 
475520 
480833 
475104 
486823 
462136 
465625 
477656 
477969 
472865 
498281 
465833 
467448 
476875 
499166 
480104 
470573 
474322 
464584 
492448 
472344 
480625 
471250 
487083 
469010 
469010 
475053 
480000 
464063 
473229 
473229 
486979 
478490 
470104 
473229 
506719 
471718 
480052 
500156 
490781 
465833 
468542 
482969 
526510 
462031 
483125 
475520 
473906 
462187 
486770 
453021 
449219 
492656 
461875 
489896 
479062 
470781 
471719 
472396 
478750 
474792 
474531 
467812 
458073 
491615 
477084 
480000 
471666 
471666 
496823 
464948 
469531 
471355 
480000 
472552 
475365 
477187 
483541 
474583 
485989 
466823 
470677 
467031 
486666 
466511 
492500 
480938 
473281 
461562 
491146 
477709 
472187 
470989 
476406 
510730 
470469 
474687 
469791 
474635 
482135 
471875 
439584 
472604 
459114 
473333 
479583 
455104 
474792 
472708 
471303 
503854 
475833 
488594 
479427 
473333 
470886 
469115 
479531 
473958 
496927 
483907 
444322 
468437 
480416 
476250 
472657 
466823 
500781 
472343 
472708 
469166 
477916 
486041 
471667 
479479 
485416 
464896 
476770 
473282 
470157 
470260 
475677 
470365 
467500 
497969 
472500 
471562 
467709 
480261 
470469 
469948 
489896 
490937 
470417 
474010 
468489 
482396 
470886 
477084 
466146 
503281 
476719 
471510 
471406 
467396 
466094 
476197 
474063 
481146 
494532 
474688 
477448 
475520 
475677 
487395 
1235521 
485938 
479062 
460833 
473437 
473698 
476094 
472813 
469843 
519167 
470313 
470365 
472708 
475520 
469167 
468594 
483125 
445834 
456823 
464323 
469063 
463594 
476667 
465156 
465885 
470573 
507917 
469427 
474948 
471145 
478333 
486771 
454322 
489167 
494532 
475416 
474948 
468645 
477239 
472344 
494167 
477812 
500729 
486667 
485261 
475208 
476927 
476614 
469688 
473906 
493750 
482968 
472865 
459479 
475468 
473333 
470677 
475157 
465312 
455729 
475833 
473959 
473802 
472812 
478489 
474948 
470625 
503385 
475781 
472552 
475312 
478802 
475729 
472084 
479115 
473907 
495938 
465886 
460468 
486875 
458802 
474843 
472448 
471770 
472552 
476146 
472604 
470208 
483177 
478177 
471354 
481250 
495885 
477708 
470834 
490781 
469792 
470834 
473385 
451615 
446459 
513855 
445364 
473802 
445416 
475833 
472500 
471875 
473907 
492969 
448802 
477813 
480573 
473698 
472032 
477188 
473542 
499167 
495364 
479323 
469739 
467448 
478282 
467187 
470052 
472553 
488021 
474010 
492500 
477916 
486979 
457552 
476198 
474375 
479323 
482500 
474479 
472552 
472500 
477552 
472812 
469531 
509218 
472864 
474740 
469583 
482135 
486198 
488021 
475677 
476563 
496823 
478282 
478854 
472031 
476146 
470885 
473698 
489427 
497188 
461875 
471563 
470781 
471042 
516510 
507344 
447135 
496302 
475833 
471614 
479687 
475209 
470313 
475938 
475105 
469688 
509583 
473073 
474532 
472709 
478854 
472604 
475521 
481719 
485156 
460053 
489428 
468593 
485677 
474479 
477500 
473437 
498594 
480677 
471823 
480000 
469375 
478854 
515678 
468437 
500990 
488802 
492656 
479010 
480990 
476719 
489062 
472448 
517604 
463385 
477760 
483334 
474167 
487813 
480104 
474583 
470938 
511042 
476927 
461250 
481407 
482812 
472969 
474844 
481250 
478698 
471979 
471302 
481980 
471563 
461927 
465260 
475677 
499167 
470677 
474427 
471303 
482917 
481927 
474115 
459844 
468385 
495781 
471145 
474792 
477552 
473281 
477552 
483229 
464166 
479635 
473698 
473178 
477031 
461197 
451302 
477135 
443281 
466459 
507500 
477239 
469896 
479844 
470729 
474115 
473281 
474479 
491822 
475052 
492135 
474948 
474011 
481250 
471979 
471718 
489219 
479740 
472136 
459166 
478437 
479271 
465781 
481458 
472135 
501562 
460312 
489271 
486511 
474532 
479219 
459011 
474270 
495885 
472969 
476980 
471562 
482188 
459115 
473855 
481563 
495209 
467605 
472761 
472084 
468907 
467500 
475521 
467344 
514792 
478854 
468386 
485573 
475729 
471771 
474583 
462865 
475261 
485990 
475573 
472135 
469375 
473750 
485157 
470364 
475885 
479896 
476198 
476979 
472240 
466042 
482813 
490053 
445000 
510885 
434948 
471510 
469479 
474740 
466927 
470677 
474166 
481875 
478541 
474895 
468386 
472448 
488333 
479219 
487031 
471719 
482344 
485208 
474844 
471198 
475677 
472500 
470208 
478386 
471510 
497916 
471719 
477135 
469479 
471145 
477396 
472969 
484479 
478437 
502083 
485886 
475573 
481875 
476667 
477708 
474792 
495052 
475209 
462969 
474271 
472240 
469167 
487917 
471354 
515365 
471771 
478282 
469792 
460572 
499323 
468490 
455833 
480468 
500677 
476719 
481822 
480729 
474531 
456822 
460833 
470365 
499063 
472500 
461770 
479948 
472031 
489270 
471927 
470625 
501094 
497604 
455417 
470990 
494063 
488594 
480990 
487240 
482083 
508489 
447448 
474271 
475104 
477239 
477187 
472135 
481511 
481511 
466823 
471979 
469427 
473802 
469792 
470573 
499375 
457552 
473854 
474219 
477083 
470989 
473177 
480833 
471198 
477708 
506927 
480313 
471615 
470469 
478125 
469219 
470104 
478073 
485886 
473073 
485156 
471875 
474010 
470834 
483177 
475208 
498386 
463230 
480313 
476094 
470990 
482917 
474427 
474427 
473021 
523334 
472084 
470938 
480625 
474010 
474219 
471250 
480157 
488333 
473282 
494896 
473125 
475625 
464687 
473177 
473854 
498958 
478802 
476302 
458802 
482291 
471719 
474323 
476458 
478750 
478698 
465312 
490416 
473646 
473333 
465937 
483594 
472657 
482760 
481510 
474011 
483698 
474948 
486250 
467604 
478438 
481042 
475990 
473593 
487187 
1204636 
487187 
465000 
496666 
482760 
485469 
475886 
477552 
485521 
479375 
478750 
477343 
484063 
479427 
489688 
474896 
478125 
477709 
479635 
502760 
457657 
475677 
521615 
439583 
465261 
481980 
476771 
479427 
491458 
464740 
480260 
487500 
480260 
475938 
476146 
481406 
485521 
469583 
472760 
479271 
476093 
489011 
479427 
472135 
478177 
481510 
484219 
464375 
473021 
486979 
480052 
476927 
477500 
505521 
478125 
470886 
479166 
457656 
470104 
477865 
455312 
491562 
477760 
475521 
502917 
470000 
479167 
476979 
478021 
484479 
477656 
472395 
466355 
495781 
468542 
477083 
482500 
499010 
476563 
471823 
477031 
469844 
473646 
486354 
470468 
450417 
485104 
490156 
462344 
477552 
484323 
478906 
477552 
493021 
471823 
465625 
470938 
482239 
474531 
468281 
481771 
474010 
505364 
476407 
484375 
478177 
472500 
482448 
471354 
470833 
469479 
490885 
534948 
446146 
443854 
476458 
482605 
475677 
454688 
479688 
476511 
473333 
473698 
448802 
480625 
445885 
468073 
506614 
481719 
471927 
475105 
491250 
472344 
469792 
475416 
474896 
499063 
470104 
483021 
471302 
473385 
475312 
472968 
455000 
510104 
476718 
471094 
469636 
472917 
473750 
473646 
475052 
505365 
502395 
473697 
478593 
473958 
473333 
475000 
467240 
476562 
489114 
477708 
472031 
477708 
475885 
470885 
473906 
475208 
493490 
477760 
475052 
481094 
467031 
477240 
475365 
453281 
487344 
468646 
484323 
486823 
474583 
482708 
476510 
471718 
474271 
506302 
476511 
483750 
494375 
471719 
492240 
471667 
480937 
494479 
473021 
477135 
475833 
473646 
478854 
474792 
489011 
482292 
481927 
474740 
471927 
489740 
470677 
476614 
477812 
504532 
475625 
480052 
485730 
477448 
482500 
495364 
471666 
484792 
513646 
485260 
462031 
477136 
465677 
473594 
461302 
487812 
482292 
474739 
472968 
480468 
461146 
472344 
483490 
473229 
485105 
476562 
468489 
474531 
487187 
480625 
472292 
468906 
471823 
489427 
486094 
472761 
463750 
474687 
472187 
474115 
479375 
472344 
467083 
475729 
471823 
469792 
481042 
472031 
467136 
497240 
468697 
476875 
487291 
479531 
491354 
472656 
473750 
475312 
486042 
480573 
475677 
471719 
473646 
479218 
473750 
472084 
461302 
491562 
468698 
474844 
468854 
471614 
472916 
473125 
489844 
479375 
474479 
480834 
473333 
474427 
465781 
488177 
458125 
496562 
476302 
473802 
484948 
465885 
472500 
473750 
469688 
478386 
474688 
478438 
465678 
473177 
472917 
471042 
464583 
493438 
469896 
492031 
472604 
473698 
463855 
470572 
475156 
473281 
499428 
480937 
460885 
476302 
471563 
471667 
457917 
482604 
496198 
476615 
475000 
473802 
470781 
475573 
472344 
460625 
483593 
484115 
470625 
458645 
478958 
449271 
468854 
470677 
479271 
505833 
457240 
482552 
470729 
473750 
470104 
478802 
472032 
479843 
479636 
471302 
470104 
476459 
485572 
479844 
470469 
512604 
472812 
473594 
463646 
471303 
473802 
473437 
483386 
471667 
494687 
479740 
473177 
470313 
482708 
468229 
471719 
490000 
512031 
472240 
473073 
477187 
489167 
472709 
486146 
477552 
478802 
478489 
474948 
491927 
470937 
477395 
475000 
472500 
486302 
499636 
470937 
484739 
446042 
463281 
473906 
474010 
491979 
461459 
472813 
477864 
462240 
476146 
470417 
492969 
486042 
497709 
464843 
474583 
473021 
484323 
487291 
472084 
472188 
494063 
495104 
473021 
483177 
477084 
473750 
472292 
475000 
485365 
484375 
450938 
468750 
475573 
488541 
472240 
486511 
471823 
515781 
479167 
472969 
469688 
474011 
461250 
439531 
472136 
474895 
482969 
481615 
471511 
472135 
480156 
485937 
474219 
485833 
481406 
473177 
470417 
463386 
473802 
471355 
467812 
449271 
490573 
474636 
476406 
472291 
473281 
469583 
471302 
470365 
475000 
501771 
470990 
469739 
474375 
469114 
464948 
470417 
472344 
479480 
472396 
479271 
480260 
438385 
459792 
475416 
472448 
472968 
499740 
474166 
475156 
477083 
471302 
471354 
465312 
486563 
489375 
469636 
475625 
468489 
473802 
470729 
475990 
471407 
477396 
479167 
468646 
472188 
473646 
511458 
496302 
492291 
590156 
572761 
1429427 
564688 
524010 
489219 
526302 
486406 
474791 
480469 
471355 
473438 
474844 
477552 
463906 
488646 
482709 
486510 
471666 
475104 
475886 
474323 
507969 
478438 
474219 
484740 
479948 
470990 
473334 
482709 
482344 
500990 
471355 
510417 
476823 
475729 
474427 
490677 
473542 
487552 
482395 
491198 
469270 
492448 
470886 
471666 
480312 
485313 
468125 
471094 
479011 
471198 
470573 
469740 
476041 
488646 
473542 
478125 
481407 
493020 
489688 
471094 
484062 
472448 
506771 
472500 
471406 
477135 
470052 
470469 
468438 
475781 
498646 
459375 
479375 
487656 
471094 
478229 
470365 
469427 
508594 
495156 
475990 
471041 
488645 
480625 
477084 
464583 
481927 
534688 
481146 
452865 
470416 
470729 
471354 
477344 
472187 
445052 
473021 
471927 
490416 
480156 
470677 
469480 
467917 
504948 
473802 
471459 
476875 
482396 
478125 
483854 
474531 
472604 
484792 
476094 
483855 
460416 
477031 
469687 
474479 
454375 
469166 
464323 
464791 
445000 
467760 
469635 
457656 
473959 
506250 
474115 
476041 
475156 
471094 
474896 
469479 
470208 
470990 
478542 
474583 
469375 
472292 
468230 
489792 
467969 
495885 
491041 
471823 
462604 
474375 
455781 
470312 
474531 
470261 
473021 
493073 
472865 
468906 
476823 
492188 
554115 
561198 
599427 
442188 
468437 
480052 
469218 
479115 
466979 
477448 
471770 
493125 
490781 
471458 
469323 
473750 
469532 
471563 
477500 
516042 
464792 
477865 
464896 
477292 
473542 
479323 
475260 
500312 
462656 
479323 
473489 
462916 
475313 
480104 
471719 
469427 
490937 
475469 
470261 
496406 
433958 
474792 
469532 
479115 
482031 
472604 
466823 
471719 
472969 
469375 
480885 
474427 
491875 
496146 
475469 
471875 
475416 
489583 
473333 
472917 
477500 
496458 
486302 
479479 
471302 
472500 
471041 
479010 
489166 
534427 
573750 
554739 
537083 
444636 
469584 
473907 
473542 
502760 
475104 
474948 
482344 
471354 
484271 
470416 
495729 
498125 
475573 
492969 
471146 
488438 
469219 
477708 
483177 
499011 
479948 
475312 
485104 
489271 
472552 
474531 
470677 
475834 
494167 
486771 
475990 
490834 
470261 
472292 
481771 
477708 
516510 
584739 
544948 
551875 
561563 
559948 
564479 
540468 
451979 
471562 
475625 
474427 
472084 
468802 
472343 
461042 
475729 
478229 
491823 
482917 
472032 
480729 
473177 
470937 
478385 
477968 
492656 
432135 
479740 
472917 
477395 
466979 
478645 
472240 
472344 
494480 
470417 
478802 
493646 
491406 
470833 
473020 
479531 
477604 
484948 
506094 
545885 
542656 
545521 
467031 
469687 
470781 
495781 
431511 
456303 
475625 
504062 
474323 
471615 
483386 
485885 
474531 
497656 
469323 
469115 
492969 
474740 
472240 
487344 
478802 
473281 
482187 
476823 
476667 
485781 
473229 
489948 
477343 
474740 
477813 
475625 
507969 
474115 
491406 
474687 
472240 
476615 
474010 
471771 
520885 
476718 
470469 
487552 
475000 
474011 
472083 
466719 
489479 
493750 
474114 
491510 
475312 
487865 
478802 
471406 
469219 
505416 
477032 
487188 
472136 
477552 
475364 
473177 
471094 
498125 
470000 
469427 
471666 
467813 
468698 
471197 
468646 
475468 
499531 
479427 
471198 
472813 
477865 
471197 
470573 
477344 
475000 
475938 
476198 
476511 
481823 
469427 
468229 
477708 
493698 
548698 
576458 
544531 
555468 
562865 
561042 
576042 
441927 
466719 
474688 
473542 
483854 
484635 
470625 
470521 
502813 
472344 
468646 
473490 
472032 
471094 
476771 
484114 
494583 
470729 
474271 
472552 
471355 
475312 
490989 
464844 
494896 
479531 
466406 
472500 
478646 
472605 
469792 
476511 
467709 
496615 
471875 
473386 
471875 
470677 
461562 
471875 
470313 
469271 
476250 
485416 
470573 
473230 
483438 
472448 
470156 
493855 
473229 
467864 
475364 
469115 
485677 
483541 
472812 
473073 
490521 
446667 
460781 
473542 
478282 
469844 
471145 
470156 
505938 
472657 
470521 
475834 
470000 
468489 
494375 
483594 
466510 
502500 
480208 
471093 
471354 
475417 
473438 
469687 
473803 
482812 
473646 
474480 
478177 
472500 
455573 
474739 
482917 
495468 
473542 
476563 
470208 
471823 
1202344 
476406 
502605 
484115 
473542 
472865 
494583 
472761 
473959 
468021 
477031 
467552 
472187 
472656 
472083 
458281 
478593 
469427 
471459 
484739 
475990 
458854 
472604 
475365 
470313 
468854 
475208 
491771 
478385 
457760 
477657 
484271 
474739 
470417 
467083 
471614 
502396 
480417 
488698 
499063 
576406 
547396 
551302 
557500 
456198 
472552 
471146 
468073 
474167 
471406 
474739 
489167 
473698 
469896 
482709 
487813 
500156 
541406 
440104 
472187 
503489 
477188 
474896 
458229 
487500 
471094 
477344 
470365 
478593 
470781 
471145 
483958 
471979 
469427 
476511 
476875 
482395 
461146 
479375 
472604 
475000 
484740 
474427 
471822 
473230 
499688 
473073 
455208 
474792 
471094 
466719 
468333 
463282 
476094 
472187 
476927 
484532 
472708 
474896 
472084 
471719 
503802 
480365 
472188 
474218 
475469 
470417 
468594 
470260 
477344 
493594 
470417 
486042 
470937 
477291 
477656 
470729 
469063 
476927 
477657 
469375 
471458 
473802 
471667 
472396 
472187 
503073 
474948 
471510 
470938 
471302 
471406 
473281 
476146 
471406 
475468 
478802 
472708 
473177 
477916 
468593 
488177 
497135 
559635 
453489 
470521 
477187 
472448 
488698 
468490 
479896 
490834 
471823 
477292 
474531 
471094 
479219 
469428 
470521 
469427 
498541 
470260 
486094 
484375 
474480 
461458 
484739 
481719 
499011 
472344 
471042 
472552 
473229 
477187 
471875 
472292 
495833 
472865 
473177 
474844 
479427 
470885 
469531 
470261 
478593 
500834 
472135 
468073 
472709 
473802 
474062 
482760 
476250 
478073 
490156 
461302 
475104 
482291 
472344 
469844 
488958 
481615 
488073 
472031 
479583 
463229 
472136 
471146 
477187 
475000 
500156 
483177 
469218 
459635 
488542 
475260 
473021 
471407 
482865 
472031 
472604 
473802 
470417 
470469 
471250 
478385 
489323 
476719 
462396 
474844 
492969 
548958 
550937 
541927 
552500 
455104 
472083 
468698 
485833 
469271 
467031 
468855 
503698 
469167 
471250 
478073 
457657 
455156 
473594 
492969 
471563 
492188 
477188 
469219 
468750 
490052 
473021 
466771 
473282 
475833 
472396 
471875 
476980 
470416 
471406 
465989 
461198 
470677 
500416 
476927 
473907 
459115 
476354 
468542 
458177 
472344 
484583 
471875 
467135 
479063 
470104 
468489 
469010 
476355 
491562 
481927 
486562 
490938 
493854 
520104 
573646 
555729 
566979 
455521 
473750 
436927 
464896 
457864 
469687 
472396 
496250 
467031 
476875 
471875 
468021 
464531 
467813 
481198 
470000 
493698 
477240 
471094 
466979 
472240 
469323 
495885 
574428 
543645 
453959 
472865 
471875 
476458 
469583 
471145 
476667 
442708 
472552 
476875 
471302 
474584 
476667 
475417 
478490 
470730 
509531 
472187 
472083 
475417 
472291 
471042 
465938 
475729 
474635 
471614 
476927 
469739 
468906 
468125 
474635 
469896 
456198 
473958 
473229 
467552 
477448 
472708 
468958 
472812 
475364 
492240 
471771 
494531 
480938 
471615 
466979 
474219 
469532 
510885 
474792 
468750 
470000 
462656 
471458 
467396 
471510 
507395 
471406 
466146 
474479 
470104 
471094 
467552 
476563 
468334 
495104 
474948 
467604 
478958 
475886 
471250 
502604 
540364 
552968 
447552 
470417 
475468 
468594 
469844 
470416 
460677 
492343 
485677 
472448 
472917 
469532 
468750 
473906 
466927 
488594 
500312 
469375 
468073 
469531 
471146 
472813 
467083 
476718 
471146 
473750 
502187 
472552 
485938 
467708 
474010 
469688 
494219 
477552 
471771 
468125 
476198 
470052 
467656 
481927 
475834 
494688 
471094 
477240 
485365 
469114 
468750 
474896 
471145 
470521 
475625 
473854 
469740 
472343 
477604 
469219 
468438 
498646 
475260 
475937 
487083 
471094 
472291 
469583 
474844 
472135 
493854 
488125 
470886 
471771 
469219 
476979 
486510 
472447 
478490 
486146 
470729 
475781 
457292 
469167 
484062 
479010 
493750 
474584 
482239 
469947 
471354 
468073 
482657 
473907 
471250 
502448 
459375 
473229 
475313 
490833 
473802 
467240 
476510 
471875 
470990 
479166 
475781 
470417 
471459 
476042 
472084 
483438 
484479 
472344 
473802 
471407 
478021 
475938 
470989 
476042 
496667 
472240 
477292 
1179375 
479271 
478750 
509271 
485572 
482969 
470156 
468385 
466718 
483958 
479843 
465781 
502604 
473958 
468958 
475156 
469480 
470677 
471146 
486302 
479792 
471354 
481094 
473281 
482604 
468593 
473541 
474844 
499740 
476979 
469688 
485834 
474062 
474532 
474271 
470834 
473906 
500364 
472656 
475730 
454063 
472865 
469011 
478386 
446667 
472500 
468385 
453854 
466355 
470729 
477031 
475208 
470104 
472865 
496979 
492136 
463229 
483542 
476042 
469010 
483907 
476615 
487916 
487396 
457083 
475417 
469531 
478646 
473437 
474427 
505469 
460677 
468854 
465157 
488385 
459583 
439010 
473750 
467709 
500156 
484323 
471042 
470260 
458021 
479947 
476302 
470573 
504479 
468646 
475625 
471771 
476823 
473073 
470052 
478907 
497396 
472812 
475052 
473646 
471146 
478750 
478646 
473385 
468646 
521094 
476250 
472188 
473802 
480781 
493854 
491093 
483542 
478229 
477552 
478125 
471823 
475781 
470938 
474948 
473593 
492812 
480677 
473125 
472916 
474427 
478593 
469583 
472031 
478489 
492917 
472291 
471250 
489011 
472761 
475886 
477553 
473750 
504635 
487344 
471667 
470052 
471875 
477292 
475520 
485417 
485782 
472656 
474843 
474271 
474323 
472760 
473229 
477708 
497916 
475833 
483802 
472708 
474948 
471406 
474583 
471146 
500156 
506250 
479531 
475468 
475417 
480677 
479062 
474635 
476146 
478020 
473021 
492031 
474219 
496458 
567343 
573073 
555625 
496145 
475573 
495625 
544115 
545677 
570209 
546093 
570469 
458177 
475573 
485521 
470156 
480520 
474219 
468750 
503854 
475468 
473594 
479011 
471719 
472552 
472865 
481042 
473125 
496354 
476510 
475469 
470938 
473750 
489895 
521719 
482812 
953646 
568854 
621927 
620833 
573698 
535000 
517657 
520990 
487448 
471250 
475938 
469688 
468906 
470572 
489271 
488438 
476250 
467292 
470938 
471979 
470937 
476719 
457969 
493698 
480521 
472187 
460885 
477605 
472969 
469427 
470000 
488437 
478958 
458489 
495573 
457656 
472083 
472291 
481927 
500938 
476614 
476041 
471770 
472500 
485990 
484896 
477292 
562188 
451250 
465365 
459323 
460417 
473385 
477343 
474687 
476823 
482968 
477344 
479687 
475573 
473281 
481718 
472917 
457917 
473855 
479948 
475573 
474063 
475625 
471615 
454687 
473021 
482084 
502552 
473646 
477760 
482031 
474375 
464063 
481511 
474948 
504063 
477813 
471666 
475261 
464584 
474635 
461510 
460000 
478073 
484636 
475781 
545521 
472760 
464271 
471771 
476823 
493698 
477343 
483594 
474271 
476094 
480364 
459218 
477500 
473437 
506927 
473281 
471979 
469219 
473281 
460937 
472135 
480885 
477761 
474063 
477916 
471979 
469115 
475365 
462708 
476875 
498698 
479323 
541771 
540365 
544427 
538282 
537031 
539219 
551146 
454740 
471042 
478490 
475938 
470365 
471615 
477760 
477136 
475000 
477292 
475989 
472031 
467083 
480364 
468802 
505365 
494791 
472916 
494531 
479218 
470625 
463802 
469167 
465729 
486979 
472240 
482188 
475468 
472083 
467136 
473698 
473021 
478958 
471667 
482395 
439010 
471980 
472709 
464375 
475208 
476666 
500677 
458541 
467708 
472604 
475209 
480365 
475313 
472657 
476615 
470990 
476979 
475781 
478906 
475208 
470416 
473594 
499792 
473437 
473698 
465312 
470156 
471198 
479584 
459010 
476667 
513802 
475208 
473750 
472917 
482968 
478438 
485625 
475312 
487604 
471458 
503698 
477760 
470625 
468802 
468021 
472604 
512292 
476927 
460834 
460886 
475052 
479844 
469948 
469896 
473021 
514375 
472396 
474584 
482240 
478229 
474271 
474375 
477812 
551458 
483489 
482916 
471927 
471614 
472657 
467031 
472916 
492760 
492188 
469322 
486823 
476823 
481875 
473282 
470938 
503386 
472969 
471927 
476770 
472083 
485260 
474375 
478542 
472136 
511406 
478489 
468958 
468906 
488646 
471042 
476510 
470990 
503802 
486146 
470260 
478229 
468334 
475625 
490260 
480208 
500052 
472813 
481459 
472969 
475468 
484583 
528906 
542500 
542188 
452760 
468907 
470156 
474532 
476563 
474218 
470625 
511875 
471875 
474167 
477240 
470730 
468125 
472240 
475886 
469635 
495260 
476979 
471666 
471980 
473386 
471875 
1201146 
518385 
474843 
473333 
479479 
470781 
472031 
480208 
478490 
500729 
471770 
478385 
473646 
471666 
476198 
471145 
469323 
493333 
483802 
472292 
474687 
478854 
473802 
471510 
472708 
501510 
470052 
472812 
476823 
487761 
477135 
486198 
491979 
470312 
500104 
478178 
469844 
467136 
477917 
471614 
474218 
466666 
498281 
475677 
472292 
476302 
470730 
471042 
472448 
474948 
493593 
473594 
477969 
471666 
470260 
476198 
472656 
478958 
486198 
578281 
530677 
535782 
542500 
536927 
529583 
520625 
531927 
446198 
457968 
555313 
538959 
534479 
549219 
535521 
517656 
455573 
480469 
485625 
474375 
476719 
468958 
470677 
476823 
481719 
489271 
473125 
486094 
474739 
538698 
538646 
540209 
452657 
482448 
444636 
478178 
473854 
476875 
470521 
492812 
474948 
476719 
470000 
474375 
476615 
472500 
478333 
469948 
502239 
473906 
494010 
494740 
479635 
476510 
475625 
476354 
483125 
468959 
479323 
471146 
467500 
472969 
469584 
468750 
488906 
483437 
473020 
475417 
476771 
474635 
482812 
471354 
501666 
470782 
466146 
477240 
479531 
478750 
474427 
469010 
467604 
496042 
468906 
473750 
470989 
477656 
465156 
470938 
472552 
508125 
474323 
472187 
475573 
470886 
470104 
480364 
477135 
572552 
445364 
475417 
475521 
473490 
475625 
496094 
469479 
478230 
508334 
459115 
474063 
478490 
473229 
473593 
478854 
488386 
479323 
470260 
479896 
494843 
457865 
478959 
471354 
469583 
490729 
489688 
473229 
472917 
482656 
469948 
474218 
471198 
474636 
514583 
475261 
474479 
473125 
473958 
480364 
470625 
470729 
486823 
476823 
473282 
474167 
477448 
471094 
475053 
468490 
455677 
470625 
468020 
474427 
466562 
476093 
472917 
470416 
468646 
493281 
475312 
470781 
473230 
476302 
473750 
468281 
467448 
501979 
475313 
471771 
473021 
469948 
488282 
468125 
478125 
498177 
475729 
476250 
473333 
468489 
473541 
472291 
471458 
469531 
498698 
471771 
469479 
489583 
471198 
472344 
469323 
476458 
477188 
470834 
478750 
473854 
476250 
550730 
528333 
538855 
528802 
444531 
467865 
474011 
474375 
467656 
471615 
469636 
499063 
475625 
472240 
474583 
470781 
471666 
475781 
470885 
472604 
498386 
477864 
470261 
473385 
474427 
473802 
473281 
483646 
500417 
474427 
487916 
477187 
468386 
480105 
481979 
483906 
489791 
470000 
476406 
490677 
483593 
502969 
471927 
466823 
502917 
480990 
469427 
471927 
478386 
476458 
531979 
530729 
563021 
438177 
466614 
476042 
469583 
468178 
476146 
476042 
480625 
495052 
473854 
465417 
470156 
475208 
471041 
468489 
468541 
503333 
476979 
471250 
463438 
493542 
481250 
481875 
532136 
535052 
446042 
478177 
470573 
472448 
476771 
479010 
481666 
458021 
505520 
471198 
473229 
479167 
472344 
470052 
474583 
476927 
471041 
468073 
478750 
468281 
466719 
473385 
465364 
466093 
490156 
469323 
473750 
472083 
461770 
440625 
467604 
474114 
491354 
495938 
466198 
477188 
473646 
470469 
467083 
474635 
471562 
490573 
478282 
474270 
486927 
474844 
473906 
473854 
470625 
508542 
460729 
475156 
463490 
474271 
469062 
471770 
475365 
470469 
473177 
483177 
478698 
437500 
478542 
474219 
470572 
488437 
499062 
484479 
474427 
476666 
470364 
475416 
469375 
467344 
471823 
484323 
487292 
471198 
470781 
478646 
473177 
488073 
469375 
480781 
484896 
473854 
479323 
473854 
471875 
472969 
477031 
490313 
462864 
478437 
468229 
471718 
476406 
486823 
471771 
471927 
489375 
473959 
471666 
476094 
470573 
470573 
466719 
480000 
473021 
472656 
480000 
476250 
472761 
472292 
445312 
479792 
491667 
495469 
472500 
470729 
477396 
470937 
476979 
472709 
478386 
500833 
473438 
476875 
472761 
472500 
481614 
477239 
471458 
483594 
480730 
473437 
486510 
475573 
482500 
472553 
471042 
493542 
460573 
471927 
478542 
471615 
474115 
472917 
478750 
475104 
497292 
472291 
472917 
472292 
489739 
474010 
479479 
535573 
528803 
452553 
470833 
478021 
478645 
478177 
487552 
482083 
467136 
474167 
485417 
490677 
527500 
537500 
543125 
528073 
520000 
459219 
472395 
472135 
476823 
474427 
470000 
1227760 
481094 
474531 
478386 
464687 
478594 
472813 
491094 
490885 
482083 
481041 
474948 
459532 
466406 
474844 
470573 
478229 
480677 
473386 
472969 
480990 
470990 
473437 
473385 
477395 
498021 
473437 
478958 
480729 
471250 
474739 
490937 
486615 
500364 
477813 
477552 
473750 
477760 
484739 
470052 
475520 
498802 
462344 
474584 
489063 
473073 
473229 
473594 
475052 
490261 
470990 
477865 
469166 
470885 
469219 
471354 
467917 
470364 
497916 
484740 
475157 
476511 
471563 
470677 
467917 
477760 
493438 
473438 
481511 
470833 
470209 
490729 
486146 
477969 
499792 
501406 
474687 
471406 
445573 
466562 
471771 
488646 
477760 
501615 
462657 
492969 
491614 
474375 
472292 
482032 
475833 
481302 
481458 
474583 
470573 
476771 
471615 
473594 
473229 
503333 
464635 
476146 
479792 
472968 
456823 
469063 
475938 
477552 
500156 
492761 
473541 
473750 
479791 
488229 
472656 
474531 
488021 
463541 
473802 
488230 
472656 
472500 
475833 
465989 
496719 
477553 
478594 
474636 
470313 
472500 
478750 
472344 
472239 
504531 
473229 
471406 
475885 
473177 
471563 
476354 
479896 
485209 
469375 
477292 
470625 
475000 
472812 
481406 
469531 
492187 
481562 
473958 
471354 
490364 
488698 
473438 
470625 
504531 
473906 
469010 
485833 
471719 
471250 
472032 
505885 
475625 
499063 
470313 
474479 
461042 
465886 
475416 
473438 
475781 
497708 
451145 
470729 
474635 
475469 
473282 
472761 
466198 
498385 
470312 
466198 
472865 
471094 
476094 
483177 
459635 
485937 
522448 
473437 
475729 
480990 
478907 
473437 
473646 
479114 
496562 
473333 
470312 
472187 
472969 
477188 
476667 
471666 
499531 
478281 
480312 
473282 
481980 
474896 
480573 
459792 
479740 
499687 
479114 
466562 
471250 
474532 
471145 
477552 
474271 
478959 
476563 
471093 
474063 
485938 
464532 
472187 
472812 
513854 
476666 
472917 
477864 
474010 
474218 
487031 
474739 
482604 
467448 
458385 
474115 
472865 
473125 
475677 
458385 
472031 
501042 
476041 
476458 
478489 
473021 
472240 
472969 
463907 
497500 
472188 
485052 
475104 
472031 
456771 
477760 
460573 
490938 
509740 
471041 
466927 
458698 
469635 
473802 
463021 
473802 
478177 
477031 
476510 
486927 
470677 
471510 
469740 
489896 
500625 
483334 
477865 
445885 
477083 
488281 
471875 
470833 
478489 
500625 
474010 
477292 
473386 
470990 
471198 
486927 
472448 
474740 
479688 
483855 
458021 
471666 
480156 
472917 
469948 
495416 
474635 
489063 
495052 
478594 
472187 
469583 
476354 
472604 
496823 
477552 
470157 
472448 
475000 
477396 
474166 
470208 
478282 
488125 
475104 
475156 
470781 
468959 
472188 
490885 
496198 
477239 
477708 
472656 
473281 
469583 
476458 
469428 
474531 
500520 
474844 
486770 
473698 
482500 
472969 
474428 
474948 
476667 
473334 
482291 
472292 
470417 
472760 
477083 
474636 
491666 
483958 
470781 
473646 
472709 
474792 
469479 
474427 
474896 
497761 
472917 
478438 
469584 
471459 
475208 
490573 
472239 
489010 
477813 
473698 
470521 
470521 
477031 
487135 
470468 
491042 
472604 
473177 
471875 
481302 
472552 
486979 
475052 
496145 
481250 
479583 
469531 
472760 
472188 
481250 
471614 
472760 
508594 
473698 
459375 
471302 
476562 
473802 
470937 
480781 
494896 
475313 
478333 
477083 
471198 
475000 
481667 
478177 
492552 
478697 
475260 
472448 
467032 
479322 
470156 
469375 
476927 
501927 
508594 
519114 
526407 
534219 
534635 
629063 
623333 
588020 
559531 
517188 
520261 
482656 
477656 
515781 
491250 
486875 
474739 
470625 
480156 
486042 
467813 
474792 
511615 
467865 
461510 
479844 
472969 
463750 
470312 
481406 
497969 
466980 
486042 
493646 
482240 
475625 
483750 
472761 
499844 
455729 
475208 
445781 
485625 
477187 
457969 
475417 
468958 
492605 
478958 
478333 
475885 
486614 
472761 
478698 
491354 
476093 
464167 
467709 
465834 
460886 
470365 
466510 
476250 
499740 
478958 
483073 
482813 
474167 
472969 
474791 
478021 
472969 
499948 
478698 
474896 
486823 
475833 
493177 
472969 
471197 
490521 
476510 
473229 
481614 
460729 
479062 
460677 
1241719 
480365 
485052 
483959 
474427 
474271 
522344 
470521 
505938 
480833 
475000 
461771 
475052 
469479 
476927 
475521 
498490 
474739 
463281 
480885 
462395 
477240 
473958 
476094 
464115 
500208 
475677 
476302 
472187 
471615 
481094 
490990 
474583 
500521 
476822 
461771 
472083 
488177 
474532 
459115 
478229 
467240 
462031 
470469 
476823 
474219 
472136 
479844 
480521 
