5355294 
5270536 
5132624 
5190569 
5555058 
5097377 
5151991 
5178022 
5208583 
5155479 
5178959 
5161882 
5171410 
5168702 
5164121 
5055206 
5171826 
5163289 
5177449 
5160008 
5183124 
5170525 
5104562 
5140381 
5114454 
5121274 
4955142 
4984819 
4957902 
5223004 
5174846 
4993200 
5233155 
5211394 
5324369 
5552350 
5226283 
5280845 
5184321 
5194578 
5217433 
5187497 
5206500 
6295228 
5582390 
5296204 
5692086 
6138729 
5226232 
5806727 
5358418 
5206344 
6122381 
5382575 
5237685 
6301320 
11182169 
5955157 
5750187 
5476547 
5489876 
5405535 
6069278 
25267651 
11576230 
5533087 
6227912 
5988373 
5604413 
5993059 
5558025 
3516347 
3562838 
3521708 
3662486 
3825701 
3317155 
3355369 
3402642 
4023538 
3591993 
3548313 
3780667 
3518690 
3529726 
3711528 
3701844 
4464194 
3569710 
3126034 
3790767 
3691640 
3872661 
3817475 
3481048 
3580487 
17391912 
3495990 
3356619 
3461369 
3437055 
3371561 
3445906 
3384628 
3462827 
3337981 
3419770 
3344228 
3372445 
3413055 
3373799 
3414460 
3355473 
3335898 
3350371 
3334076 
3350424 
3381765 
3359951 
3451164 
3602665 
3538369 
3301693 
3375049 
4703004 
3609694 
3383691 
11272550 
5509086 
5470925 
4624911 
3715068 
3482090 
4626733 
4488664 
3572209 
3578717 
3550343 
5315519 
3999798 
13039652 
3383639 
3738080 
3619169 
3647231 
3669618 
3607455 
3625937 
3588088 
3594597 
3339230 
3271913 
3285450 
3622502 
3619534 
3672013 
3637965 
3611256 
3741360 
3721263 
3690027 
3768953 
3713090 
3685341 
3612765 
3599178 
3757343 
3645148 
3713923 
4086430 
3844444 
3644420 
3630206 
3540868 
3748909 
3760155 
4690249 
3886614 
5839318 
29056128 
4224603 
4057431 
4527814 
5915433 
5014650 
4158171 
3893851 
4301031 
4963369 
3885625 
19846810 
3847567 
3566430 
3859177 
4114751 
3817787 
4239649 
4145729 
3619794 
3630831 
4067322 
10045752 
10948077 
3483890 
3470925 
3514711 
3729209 
3762895 
4046065 
3865145 
4374841 
3762321 
3487690 
3487898 
14086853 
3620919 
3493469 
3669442 
3825422 
3566305 
3496697 
3821674 
3446301 
3527726 
3783408 
5475918 
3672513 
3798610 
3682926 
11951964 
3563181 
4050854 
6093020 
4889535 
3640494 
13158468 
3392988 
3365915 
3613631 
3927934 
4478967 
3970053 
4037578 
3535223 
10008353 
4059600 
3497634 
3741288 
23771063 
23467745 
3970416 
4953416 
3202489 
3294745 
3247628 
3153290 
3143398 
3191817 
3152198 
3199939 
3155478 
3182601 
3131320 
3165057 
3120751 
3317237 
3224721 
3382159 
3433909 
3586766 
3767685 
3558079 
3446612 
3369143 
3443958 
3369039 
3276367 
3567659 
3253720 
3195774 
3221805 
3151780 
3110182 
3116377 
3104404 
3206238 
3102685 
3110078 
3088680 
3074415 
3357481 
5257619 
3660695 
3326659 
3260071 
3421154 
3185205 
3060358 
3160163 
3097115 
3046041 
3313540 
3207800 
3100134 
3096594 
3114347 
3060410 
3184164 
3044115 
3068115 
3074936 
3047603 
3058120 
3054788 
3115336 
3093627 
3129290 
3266163 
3151104 
3120752 
3252053 
3350921 
5702340 
3204885 
3268298 
5086020 
3335406 
3097635 
3045260 
3014647 
3050519 
3241902 
3578332 
3130643 
3064368 
3231436 
3300732 
3261008 
3504506 
3526893 
3457285 
3299848 
3281729 
3429848 
3535588 
3027194 
2998351 
3050935 
3267829 
3296775 
3346547 
3256895 
3454527 
4476312 
3120907 
3442916 
3909503 
3370496 
3140951 
3243203 
3363572 
3398871 
3432399 
3413761 
3299795 
3296463 
3296775 
3325931 
3204104 
3398714 
3999312 
3371121 
3245077 
3909295 
3427766 
3165525 
3288914 
3302867 
3264133 
3448747 
3352744 
3339468 
3268037 
3286936 
3279751 
3316143 
3295578 
3254813 
3302347 
3292611 
3275222 
3398871 
3246796 
3242891 
3326764 
3285113 
3271733 
3256896 
3254709 
3210716 
3266788 
3268558 
3261529 
3262882 
3284958 
3288030 
3142722 
3197856 
3236330 
3272827 
3252991 
3205509 
3222742 
3237164 
3273712 
3289695 
3302919 
3540586 
3571303 
3484567 
3862855 
3393613 
3182706 
3249138 
3316872 
3312135 
3258978 
3361802 
3473633 
3299222 
3361126 
3266944 
3311301 
3241277 
3267985 
3287821 
3285218 
3398142 
3304169 
3364978 
3286311 
3437502 
3174375 
3194837 
3243723 
3274701 
3253772 
3301930 
3327961 
3250909 
3218004 
3241224 
3276263 
3308021 
3296619 
3312082 
3366801 
3328014 
4105364 
3299222 
3353524 
3245546 
3241120 
3214464 
3220816 
3371330 
3344934 
3260227 
3246431 
3275846 
3285855 
3324764 
3287275 
3259006 
3256611 
3279050 
3278113 
3642244 
2752118 
2567501 
2512939 
2385072 
2623886 
2792779 
2412665 
2512158 
2437655 
2535795 
2461188 
2417350 
2515178 
2593221 
2415268 
2374139 
2410947 
2398399 
2422193 
2431044 
2379918 
2466446 
2566720 
2534858 
2377054 
2413393 
2341443 
2398660 
2408031 
2458273 
2399337 
2518145 
2460980 
2718380 
2465926 
2546155 
2502110 
2565054 
2422140 
2906172 
2469622 
2375960 
2414591 
2386738 
2422452 
2549071 
2424900 
2406834 
2347170 
2329885 
2365131 
2362060 
2354093 
2465249 
2427243 
2352271 
2433126 
2648512 
2408136 
2338110 
2452702 
2538918 
2785177 
2395796 
2329780 
2373253 
2365287 
2346909 
2338736 
2568334 
2609828 
2371795 
2326812 
2398296 
2395901 
2472694 
2513043 
2689642 
2595147 
2409072 
2361279 
2337122 
2526476 
2504192 
2393714 
2531942 
2787001 
2407927 
2522727 
2517156 
2374139 
2465717 
2357843 
2475818 
2953915 
2447027 
2394130 
2332956 
2332383 
2426410 
2420995 
2422609 
2614618 
2533817 
2391632 
2481285 
2412821 
2356332 
2341911 
2427243 
2579944 
2577289 
2399702 
2369817 
2333477 
2353730 
2450307 
2505442 
2545947 
2503515 
2371535 
2350554 
2385176 
2357635 
2410583 
2399493 
2601030 
2707343 
2497268 
2595667 
2623885 
3084645 
2865771 
2592180 
2588222 
2391579 
2363726 
2377366 
2316661 
2325667 
2367109 
2496018 
4041361 
2769820 
2729314 
2497476 
2513356 
2656061 
2478733 
2560421 
2611547 
2539283 
2638672 
2524705 
2490656 
2526684 
2660695 
2500028 
2478785 
2631174 
2727856 
2623313 
2912264 
3525257 
25174059 
2568126 
2674647 
2569688 
2467279 
2506483 
2624979 
2458168 
2486646 
2521737 
2611650 
2751284 
2499090 
2504869 
2572083 
2519603 
2650178 
2486752 
2492842 
2516375 
2515698 
2482951 
10321860 
3024721 
2462854 
2410999 
2350137 
2560577 
2528090 
2449838 
2433387 
2631123 
2464312 
2435833 
2493207 
2633101 
3704668 
2857546 
2815166 
2463270 
2372108 
2388039 
2450932 
2636121 
2825058 
2866293 
2603372 
2555266 
2579267 
3987423 
2818394 
2787156 
2708853 
2450776 
2392673 
2465613 
2483472 
2490187 
2829379 
3126193 
2581142 
2409229 
2393610 
2391476 
2419538 
2691829 
2946053 
2782731 
2498257 
2556672 
2492114 
2427764 
2381635 
2861242 
2739727 
2698700 
2529547 
2423234 
2464780 
2408656 
2479983 
2708905 
2815791 
2616233 
2536003 
2509086 
2445986 
2366381 
2650698 
2812980 
2816676 
2472902 
2399858 
2428701 
2399805 
2383666 
2603842 
2866552 
2745245 
2562711 
2476546 
2422505 
2390695 
2418704 
2606497 
2738998 
2815167 
2554069 
2453639 
2389236 
2353417 
2458689 
4401639 
2795695 
2454680 
2386686 
2431252 
2344879 
2345139 
2650334 
2873217 
2716038 
2537721 
2409958 
2392933 
2402148 
2434635 
2603738 
2760343 
2662360 
2515750 
2355448 
2401107 
2362215 
2431669 
2627426 
2874726 
2691516 
2557869 
2487896 
2421568 
2371587 
2507472 
2578799 
2552403 
2523716 
2640858 
2637995 
2924655 
2771693 
2514293 
2747901 
2524341 
2774089 
2446090 
2451504 
2433334 
2461500 
2649553 
2866240 
2815114 
2573540 
2400430 
2446038 
2527100 
2574999 
2710467 
2902476 
2525590 
2390850 
2386737 
2395744 
2472382 
2538085 
2782054 
3093705 
2522779 
2428388 
2449526 
2382208 
2466290 
2629405 
3536556 
2896853 
2620605 
2551726 
2496851 
2405533 
2590409 
2850621 
2852808 
2499663 
2452962 
2702553 
2540220 
2472694 
2637839 
2870926 
2758938 
2600926 
2474256 
2516740 
2432917 
2632684 
2823768 
2899379 
2588140 
2429241 
2448505 
2395661 
2469331 
2475474 
2633592 
2907447 
2667224 
2486460 
2523529 
2483440 
2439237 
2584444 
2874387 
2767083 
2557267 
2458917 
2464020 
2418828 
2423774 
2680033 
2908071 
2693986 
2530245 
2433667 
2381238 
2384988 
2614536 
2629583 
2768229 
2911612 
2567262 
2394776 
2452670 
2434083 
2732409 
2916818 
2775465 
2614120 
2568564 
2448973 
2394567 
2409510 
2742925 
2820865 
3103155 
12827358 
2825186 
3147045 
2546073 
2481097 
2506296 
2439498 
2516032 
2853197 
2734751 
2723298 
2551643 
2443767 
2444965 
2517333 
2525143 
2626980 
2826644 
2781817 
2680865 
2472663 
2470372 
2435906 
2502027 
2512127 
2528215 
2523841 
2731940 
2780099 
2459022 
2455586 
2508639 
2433094 
2384467 
2414976 
2388736 
2361090 
2331206 
2419037 
2403990 
2341097 
2348386 
2369733 
2496248 
2365828 
2325687 
2307933 
2378063 
2359528 
2359268 
2357758 
2490989 
2402585 
2435906 
2356404 
2373533 
2353021 
2317149 
2370409 
2355103 
2348803 
2338755 
2335995 
2364214 
2389569 
2365724 
2360726 
2379729 
2447776 
2381708 
2305330 
2412893 
2381708 
2442049 
2423306 
3270488 
2666080 
2430699 
2754015 
2895472 
2522800 
2319803 
2331570 
2472871 
2383061 
2330425 
2361091 
2293303 
2504734 
2624585 
2407791 
2332820 
2323292 
2361975 
2334173 
2359164 
2352135 
2331361 
2441425 
2365620 
2328290 
2366140 
2397118 
2362965 
2385247 
2342711 
2369993 
2399252 
2304236 
2342920 
2339744 
2367598 
2341462 
2331934 
2388892 
2411853 
2412997 
2315118 
2339068 
2403939 
2384883 
2398055 
2387539 
2380978 
2397743 
2334225 
2355207 
2394932 
2426482 
2340577 
2425181 
2390350 
2406750 
2656240 
2471830 
2362443 
2367234 
2355831 
2365828 
2367286 
2313816 
2341878 
2365828 
2317096 
2320325 
2317616 
2389205 
2361091 
2331986 
2328186 
2362132 
2395765 
2357289 
2324906 
2352656 
2364943 
2418620 
2309859 
2398316 
2413571 
2427835 
2323969 
2519207 
2403679 
2325895 
2387539 
2394724 
2349584 
2430127 
8528716 
2361506 
2424712 
2487553 
2382019 
17511010 
2472975 
2427211 
2378271 
2766042 
2677742 
2867358 
2949983 
2905521 
2896878 
2918276 
2878447 
2891099 
3007722 
2888444 
2973880 
2940299 
2835286 
2966435 
2887767 
2940819 
2937071 
26263079 
6668739 
10048924 
10741996 
8518824 
30444006 
27121663 
26814123 
25374195 
3359777 
3659612 
3382841 
8399910 
4440984 
3604007 
3221860 
2818418 
2889173 
2685551 
3711415 
2884019 
2932645 
2812170 
2710959 
2725797 
2781869 
13191855 
2477557 
2486876 
2430751 
2503953 
2471569 
2473913 
2470684 
2456159 
2484637 
2431376 
2465530 
2491718 
2513949 
2466884 
2438301 
3314481 
2890006 
2474901 
2821750 
3146575 
2889068 
2772134 
2571219 
2405084 
2962218 
2515719 
2522591 
2407323 
2392068 
2381395 
2572573 
2503745 
2616359 
2430231 
2511919 
2511450 
2468862 
2373168 
2389204 
2390974 
2393005 
2470684 
2456523 
2630481 
2499030 
2462635 
2419838 
2360797 
2383914 
2384955 
2478827 
2505171 
2526153 
2406145 
2405364 
2375479 
2378239 
2377926 
2466332 
2555465 
2535525 
2441809 
2350280 
2777779 
2435926 
2409790 
2478045 
2618463 
2383029 
2338982 
2336067 
2346740 
2545365 
2435926 
2388808 
2786057 
2406927 
2407655 
2331068 
2322843 
2317219 
2359392 
2367044 
2607426 
2547812 
2539534 
2351218 
2336379 
2322686 
2422597 
2355643 
2498663 
2533286 
2490229 
2407238 
2448941 
2385008 
2395785 
2352623 
2468986 
2500329 
2356945 
2381675 
2360329 
3156285 
2472579 
2454826 
2552446 
2538180 
2368243 
2329819 
2434832 
2477786 
2372824 
2390734 
2502151 
2664123 
2396670 
2355279 
2429209 
2321332 
2470080 
2364858 
2369232 
2473412 
2386049 
2389120 
2345594 
2342210 
2351322 
2364441 
2325134 
2366472 
2357205 
2338826 
2398596 
2649545 
2573792 
2476588 
2569835 
2624867 
2711085 
2477942 
2525841 
2407550 
2410102 
2515012 
2466696 
2552289 
2511419 
2380322 
2353456 
2328205 
2374281 
2370534 
2333151 
2431865 
2473308 
2361057 
2459302 
2644755 
2425045 
2422910 
2383393 
2518656 
2573688 
2408071 
2356840 
2339451 
2553226 
2359964 
2334869 
2382873 
2527611 
2509909 
2421400 
2367253 
2349448 
2300195 
2343252 
2611538 
2369596 
2365587 
2300247 
2519281 
2658552 
2520687 
2584986 
2682814 
4702695 
2912677 
2752788 
2541251 
2862696 
2571970 
2940219 
2683803 
2540158 
2702754 
2653086 
2692654 
2591077 
2623982 
2586392 
3647719 
2434312 
2377198 
2412341 
2429574 
2366941 
2382612 
2916166 
2571345 
2410623 
2630750 
2554632 
2406301 
2338357 
2408905 
2805165 
2550415 
2382352 
2366837 
2637518 
2416142 
2406874 
2510534 
2518031 
2409946 
2412601 
2395263 
2378395 
2632052 
2437591 
2439414 
2605135 
2393858 
2390995 
2386621 
2772364 
2615391 
2423170 
2571449 
2676879 
2503661 
2463572 
2357986 
2348926 
2450452 
2446911 
2502515 
2464353 
2393910 
2417600 
2369700 
2432750 
2618411 
2598522 
2958754 
2451077 
2400158 
2377926 
2426555 
2378759 
2409633 
2427595 
2657251 
2768459 
2692134 
2477942 
2387141 
2450764 
2461697 
2398648 
2536253 
2677191 
2528808 
2406562 
2379384 
2418485 
2363817 
2410415 
2481117 
2618515 
2497466 
2511523 
2505848 
2520895 
2364598 
2366056 
2432698 
2687188 
2535733 
2471381 
2468101 
2420515 
2543855 
2454877 
2566815 
2466435 
2445037 
2431553 
2421920 
2394795 
2423795 
2408540 
2523810 
2483252 
2432697 
2435978 
2419058 
2415464 
2418015 
2415465 
2425044 
2404583 
2468310 
2511888 
2476796 
2484554 
2444360 
2418901 
2446912 
2443579 
2376417 
2444724 
2430355 
2411091 
2461177 
2442278 
2455971 
2467998 
2455033 
2438477 
2390474 
2424003 
2432281 
2521728 
2401459 
2354914 
2437280 
2416714 
2448525 
2416141 
2455658 
2504702 
2463311 
2430668 
2405469 
2462323 
2456699 
2379957 
2353300 
2330028 
2280671 
2374178 
2433999 
2430928 
2442642 
2436863 
2438320 
2427179 
2458470 
2619400 
3102607 
2416610 
2432490 
2404270 
2477004 
2404531 
2406509 
2405365 
2397711 
2424471 
2419422 
2374230 
2420202 
2633457 
2636581 
2893257 
2681148 
2424888 
2516001 
2445870 
2427752 
2459928 
2414267 
2693019 
2539170 
2419734 
2407186 
2507826 
2567804 
2436187 
2507305 
2501162 
2553174 
2616016 
2610705 
2469247 
2484189 
2458158 
2425408 
2442174 
2497674 
2723528 
2515897 
2441132 
2434676 
2710408 
2465030 
2655637 
2774812 
2562494 
2484814 
2471590 
2536670 
2470340 
2527455 
2523863 
2667351 
2508764 
2450452 
2568585 
2543542 
2496893 
2494185 
2495904 
2769657 
2580664 
2467945 
2452899 
2419265 
2425669 
3586440 
2650587 
2487834 
2507670 
2389276 
2377042 
2441132 
2425669 
2491067 
2517847 
2402885 
2412670 
2424647 
2423346 
2402364 
2445109 
2466716 
2410954 
2466872 
2421680 
2440944 
2479315 
2423033 
2442037 
2418660 
2352330 
2423138 
2372219 
2426679 
2400334 
2402416 
2441568 
2406737 
2401896 
2398303 
2421941 
2428917 
2380393 
2432978 
2495976 
2484366 
2408664 
2391743 
2404342 
2380132 
2441256 
2432457 
2428865 
2430427 
2433707 
2398771 
2435633 
2391014 
2334784 
2405020 
2435685 
2387369 
2440736 
2381173 
2416734 
2424023 
2445942 
2396221 
2406633 
2439069 
2364044 
2416317 
2389609 
2403406 
2433030 
2416578 
2446983 
2359515 
2415588 
2433082 
2407883 
2407622 
2397261 
2373468 
2428552 
2432874 
2393149 
2416734 
2434488 
2405332 
2389139 
2390493 
2477285 
2438184 
2441048 
2395700 
2394866 
2435061 
2401895 
2472651 
2414391 
2416161 
2447973 
2404498 
2400906 
2389296 
2482856 
2426575 
2451773 
2439226 
2316458 
2358578 
2346811 
2611612 
2463956 
2546948 
2536690 
2533046 
2520707 
2538460 
2461457 
2591307 
3014540 
2662375 
2752395 
2588391 
2550748 
2496341 
2482075 
2514511 
2504462 
2514563 
2674661 
8021643 
2537732 
3500719 
15363633 
2452502 
2447556 
2483689 
2487021 
2467392 
2492488 
2592296 
2574490 
2489676 
2503837 
2473537 
2458646 
2456459 
2425273 
2474005 
2455158 
2524664 
2493633 
2490249 
2462239 
2477181 
2468955 
2548145 
2464946 
2466456 
2497694 
3396225 
3494783 
2851264 
2479680 
2518000 
2434280 
2575322 
2580529 
2492332 
2501131 
2499516 
2547312 
2532318 
2463019 
2485147 
3190570 
8550463 
2605884 
2444120 
2479107 
2551425 
2536378 
2502484 
2475254 
2474942 
2604791 
2446984 
2534296 
2635770 
2619421 
2568867 
2818256 
2512012 
2590161 
2523727 
2510711 
2498944 
2543460 
2502432 
2487906 
2713606 
2729955 
2653731 
2562619 
2508472 
2609685 
2559079 
2489781 
2603802 
3177866 
2779780 
2751614 
2972263 
2608540 
2518833 
2493633 
2512533 
2547520 
2540908 
2581101 
3582720 
2723082 
2676589 
2679920 
3443708 
2750624 
6261703 
6178036 
2934776 
2981322 
15991950 
3106173 
2772908 
2842622 
2733182 
2790870 
2750155 
2786444 
2797482 
2727872 
2710898 
2802012 
2729017 
2828982 
2723863 
2787382 
2678046 
2706630 
2882764 
2756142 
2753019 
3230242 
2782747 
2924260 
6386086 
2991267 
12902437 
2504671 
2442714 
2477129 
2452034 
2852462 
2457865 
2538253 
2685960 
2495404 
2453023 
2437924 
2459322 
2471558 
2719282 
2442506 
2511491 
2964141 
2462967 
2472027 
2461197 
2454480 
2732246 
2585423 
2424439 
2422045 
2461301 
2432145 
2417776 
2357900 
2384142 
2360452 
2366283 
2415067 
2393304 
2393826 
2384402 
2415640 
2404967 
2373104 
2441621 
2406373 
2318957 
2382371 
2334628 
2366231 
2351653 
2364304 
2360296 
2322549 
2334992 
2371125 
2390962 
2369615 
2327443 
2438705 
2359671 
2340303 
2321612 
2353059 
2407258 
2332024 
2349363 
2402260 
2385182 
2350872 
2348841 
2370969 
2303806 
2273244 
2309533 
2507222 
2568190 
2491550 
2469528 
2466820 
2418244 
2417880 
2860480 
2455158 
2420743 
2374354 
2367064 
2375343 
2361857 
2400125 
2341917 
2358943 
2409809 
2439069 
2581518 
2399032 
2458229 
2541793 
2459166 
2447764 
2438028 
2443339 
2450628 
2420587 
2414339 
2466664 
2420118 
2417514 
2392940 
2416109 
2511908 
2388463 
2409914 
2355297 
2365762 
2383100 
2324632 
2396065 
2347436 
2350820 
2316770 
2337596 
2404812 
2374822 
2287146 
2415172 
2382840 
2417410 
2298183 
2361962 
2359619 
2369719 
2316984 
2354695 
2471890 
2395613 
2469756 
2572948 
2687387 
2898927 
2602781 
2413264 
2356566 
2454968 
2420242 
2389731 
2351984 
2337354 
2400925 
2462727 
2342977 
2311373 
2377132 
2460956 
2352974 
2376611 
2339176 
2376612 
2408735 
2316997 
2582268 
2483657 
2411911 
2486989 
2450700 
2349589 
2366198 
2384057 
2340686 
2389731 
2374997 
2351151 
2337459 
2357399 
2366198 
2413005 
2376715 
2351620 
2412484 
2370312 
2347038 
2335792 
2355942 
2386087 
2386503 
2373747 
2393845 
2363179 
2372707 
2380620 
2394730 
2377808 
3120620 
2495476 
2355316 
2361408 
2381244 
2392022 
2361773 
2430342 
2366354 
2332877 
2356930 
2423366 
2392439 
2338395 
2340114 
2352140 
2432373 
2332772 
2336625 
2329961 
2362970 
2384473 
2332616 
2445389 
2681244 
2369374 
2420711 
2373748 
2403112 
2377809 
2350527 
2410037 
2385567 
2384160 
2386139 
2383275 
2442265 
2396083 
2432320 
2429978 
2411078 
2341155 
2414827 
2395459 
2395510 
2390044 
2472358 
2413265 
2375674 
2424719 
2333814 
2417118 
2379266 
2401915 
2361669 
2461633 
2458353 
2365469 
2406704 
2376403 
2402019 
2454760 
2387337 
2388951 
2419617 
2383484 
2373956 
2401186 
2345320 
2381974 
2450543 
2428832 
2387337 
2361877 
2381036 
2440391 
2446534 
2387805 
2383744 
2415764 
2412275 
2396292 
2354483 
2379787 
2359742 
2423313 
2288830 
2397228 
2363438 
2328191 
2322307 
2410974 
2376194 
2344122 
2392595 
2355316 
2388482 
2326420 
2430342 
2367864 
2360106 
2348913 
2423939 
2542386 
2377912 
2325639 
2375570 
2453147 
2353442 
2336208 
2345216 
2394938 
2426021 
2351516 
2396136 
2361043 
2314706 
2356930 
2364636 
2337979 
2348756 
2324286 
2407434 
2428676 
2361043 
2321631 
2316007 
2365626 
2409725 
2342665 
2374216 
2410766 
2330325 
2365261 
2336937 
2394990 
2562067 
2412848 
2423730 
2386608 
2416493 
2394261 
2490321 
2453719 
2430030 
2391241 
2421335 
2365677 
2437267 
2385514 
2607884 
2571074 
2426541 
2641101 
3029245 
3009149 
2945421 
2761268 
2567169 
2545614 
2814113 
2363699 
2366042 
2668592 
2435393 
2387648 
2353494 
2379059 
2480324 
2392126 
2385358 
2387389 
2445597 
2405820 
2392959 
2425344 
2389940 
2416180 
2373122 
2360732 
2371404 
2383536 
2366771 
2473921 
2352869 
2362137 
2344122 
2356619 
2375934 
2396032 
2352713 
2359742 
2388170 
2424355 
2367968 
2331055 
2360991 
2473140 
2374840 
2382286 
2371873 
2375674 
2371560 
2386295 
2373435 
2363335 
2404049 
2484490 
3190179 
2538637 
2452106 
2575343 
2557745 
3891286 
2535357 
2526766 
2443150 
2627043 
2490373 
2560192 
2598095 
2729560 
3601388 
2870188 
4267664 
3223917 
12022017 
16780289 
10068434 
2625482 
4665544 
2996549 
3336585 
3031588 
3288009 
3265985 
3038409 
2667550 
2754446 
3404895 
3590506 
3785333 
2817862 
2636207 
3630336 
2579769 
2583362 
2548322 
2586641 
2927615 
2683690 
2676401 
2658595 
2778345 
2639592 
2778657 
2898355 
2833534 
2821767 
2913349 
2732684 
13199102 
3055122 
2834939 
2853995 
2843999 
2825360 
2988635 
2830826 
2870656 
2830046 
18079519 
3095837 
3241724 
3634554 
3464717 
3318155 
2964373 
2905696 
2767723 
2780792 
2787821 
3225218 
2784020 
5169117 
9423505 
7619974 
2927302 
2883881 
2789643 
2764496 
3653662 
2690875 
2806824 
4667055 
2596118 
13960397 
2781416 
2838897 
2760017 
2794658 
2779411 
2748010 
2710630 
2963251 
2729007 
2835535 
2771754 
2746867 
2819394 
2761653 
4659646 
2802212 
2749366 
2846833 
2657262 
2729946 
2819810 
4187881 
11496199 
2601500 
2733591 
2777169 
2828037 
2924514 
2781074 
2651223 
2607540 
2695478 
2950442 
3188121 
2886558 
3020783 
3065507 
2949037 
3001467 
2816114 
3248829 
3184112 
3688366 
5803939 
12825429 
2974445 
2913528 
2910509 
3488851 
3389510 
10367525 
3050773 
3398049 
2673246 
2903115 
2752438 
2625971 
2702403 
2591504 
2603010 
2928992 
3051606 
2679651 
3041974 
2923264 
2981629 
2917642 
2864170 
2947527 
2897336 
2934719 
2881300 
2857662 
3032134 
7862919 
2895722 
3115959 
3225712 
2856152 
2674548 
2984546 
3112367 
2933678 
12776852 
2677568 
2727967 
2615193 
2652055 
2618005 
3165472 
2985535 
2715003 
3067642 
2858651 
3171982 
4270561 
2751085 
2890151 
2882341 
3355511 
16029326 
2639195 
2629668 
2789509 
2641799 
2799713 
2859328 
2966115 
2918891 
2912799 
3216029 
2915455 
3176823 
2970228 
2755041 
2725573 
2655545 
2678506 
2806482 
2684337 
2738381 
2672049 
2879946 
12988289 
3016306 
3085917 
3517592 
2878071 
2522777 
2520487 
2592597 
5088665 
2542770 
2477741 
2482791 
2435152 
2650858 
2673715 
2558546 
3008652 
2745565 
3213686 
2835951 
2536887 
2856100 
2626023 
2612538 
2425884 
2422760 
2485915 
2373974 
2436089 
2418334 
2623263 
2610196 
2409848 
2417918 
2401153 
2374755 
2447022 
2456602 
2438223 
2498098 
2430986 
2426560 
2453582 
2388917 
2651015 
2387615 
3208114 
2492840 
2387459 
2461913 
2441763 
2426092 
2431506 
2445408 
2452697 
2461236 
2426612 
2542250 
2500233 
2415471 
2394384 
2505804 
2444939 
2442180 
2590619 
2562764 
2458997 
2433589 
2727551 
2641851 
2445408 
2417814 
2417293 
2682514 
2624878 
2591764 
3277986 
2570678 
2790862 
2762278 
2559484 
2443638 
2355960 
2354502 
2329406 
2484041 
2391052 
2462173 
2647005 
2416668 
2329146 
2407296 
3093675 
2497317 
2620348 
2427082 
2393603 
2360126 
2322274 
2382774 
2385169 
2461288 
2569272 
2374860 
2412659 
2355595 
2333468 
2372621 
2397039 
2363093 
2359605 
2453790 
2381941 
2377098 
2403339 
2392353 
2375016 
2358668 
2410524 
2685690 
2597075 
2475918 
2441451 
2453374 
2410941 
2363770 
2492267 
2404693 
2398289 
2427602 
2372152 
2366582 
2415002 
2385325 
2352055 
2392822 
2461288 
2594576 
2544801 
2554954 
2391000 
2363405 
2496693 
2630709 
2498515 
2456811 
2430622 
2407089 
2500389 
2352836 
2388396 
2596086 
2456914 
2524339 
2550580 
2365540 
2414638 
2367935 
2447491 
2556464 
2535742 
2422551 
2386887 
2365696 
2326959 
2378035 
2430673 
2637789 
2484301 
2403027 
2348723 
2348879 
2398601 
2367987 
2442076 
2468942 
2537981 
2370590 
2395009 
2458789 
2488883 
2602802 
2491851 
2565367 
2698655 
2580726 
2477845 
2548446 
2508981 
2463371 
2566668 
2855840 
2585308 
2455717 
2467484 
2520383 
2372048 
2430622 
2408077 
2453322 
2380222 
2348462 
2460871 
2598741 
2607644 
2639404 
2576822 
2396050 
2408233 
2407297 
2646329 
2627846 
2423853 
2432444 
2424999 
2619098 
2513874 
2478001 
2434683 
2445044 
2457383 
2451396 
2464621 
2557922 
2684180 
2557869 
2445720 
2396779 
2556672 
2425675 
2479308 
2458083 
2397683 
2430691 
2485831 
2483123 
2473699 
2442094 
2449123 
2398100 
2465733 
2411220 
2402212 
2469690 
2460995 
2401796 
2428453 
2695396 
2613132 
2489527 
2467920 
2396225 
2423195 
2420488 
2400026 
2443240 
2414917 
2438658 
2381386 
2413511 
2432203 
2407211 
2399036 
2429287 
2429703 
2452612 
2465733 
2407576 
2458860 
2440689 
2410856 
2406742 
2369568 
2405701 
2424653 
2785625 
2540863 
2523214 
2680296 
2654472 
5146601 
2756728 
2497441 
2494994 
2654576 
2745066 
2639112 
2441575 
2400911 
2384615 
2440741 
2360195 
2383469 
2294176 
2514415 
2431891 
2407575 
2385343 
2394038 
2362487 
2363112 
2502491 
2430120 
2393674 
2401588 
2398880 
2388936 
2519778 
2733507 
2562523 
2523370 
2410855 
2393882 
2477500 
2427777 
2429235 
2418145 
2443813 
2395600 
2382479 
2338380 
2350147 
2501398 
2454018 
2395548 
2382688 
2657231 
2569813 
2498898 
2618911 
2518631 
2520975 
2415282 
2418041 
2380449 
2483696 
2599230 
2444281 
2534564 
2548726 
2479218 
2435119 
2415854 
2549247 
2524202 
2525608 
2567834 
2480103 
2439179 
2424288 
2437878 
2452144 
2476979 
2466670 
2536387 
2440272 
2402005 
2419550 
2422102 
2436004 
2542426 
2790519 
2463651 
2472866 
2436159 
2383156 
2377794 
2447718 
2451727 
2438554 
2451363 
2500461 
2467816 
2446416 
2366704 
2496348 
2448863 
2417728 
2439596 
2373108 
2429131 
2458861 
2419082 
2403931 
2405649 
2417051 
2388675 
2385552 
2425954 
2446104 
2463858 
2439231 
2546487 
5684286 
2477448 
2448499 
2515768 
2483747 
2408825 
2517851 
2511915 
2463494 
2399453 
2392269 
2422153 
2415802 
2373836 
2492027 
2434806 
2437044 
2479530 
2424548 
2427829 
2410908 
2416063 
2498117 
2387634 
2399714 
2474427 
2482133 
2411116 
2452143 
2461203 
2429235 
2469274 
2412626 
2375086 
2381959 
2433556 
2845449 
2517174 
2569761 
2439388 
2386176 
2351137 
2360508 
2353219 
2409346 
2382845 
2378418 
2400390 
2392112 
2422882 
2424288 
2421790 
2670404 
2523161 
2346034 
2419551 
2410283 
2399869 
2407732 
2477292 
2409554 
2417989 
2389561 
2399765 
2390393 
2387686 
2355979 
2387686 
2365558 
2435847 
2348116 
2392788 
2390654 
2401691 
2359310 
2454278 
4056447 
2434233 
2385187 
2414344 
2388207 
2392580 
7248967 
2583714 
2709766 
2779482 
2624221 
2431577 
2349053 
2384510 
2313232 
4580803 
2508635 
2473855 
2376492 
2341088 
2521183 
2563408 
2550860 
2410959 
2438555 
2370921 
2400755 
2358686 
2362903 
2365714 
2640778 
2513685 
2429755 
2410804 
2421737 
2437930 
2442408 
2650514 
2529045 
2375398 
2444750 
2627502 
2649786 
2411012 
2341192 
2391643 
2508531 
2414239 
2861797 
2646662 
2571583 
2528212 
2516497 
2355457 
2460006 
2508166 
2521912 
2629375 
2596157 
2388467 
2438190 
2432150 
2428298 
2366808 
2636040 
2639164 
2403827 
2452039 
2391487 
2392164 
2513529 
2412053 
2445739 
2556431 
2379772 
2360612 
2370505 
2337339 
2404243 
2387113 
2452040 
2381491 
2380709 
2426996 
2371702 
2353063 
2297665 
2377116 
2392060 
2372535 
2329216 
2394039 
2394142 
2394923 
2395079 
2394715 
2419186 
2347700 
2377377 
2416375 
2412834 
2332132 
2350251 
2355145 
2400442 
2348845 
2370504 
2413980 
2338640 
2342441 
2372796 
2384511 
2409449 
2372171 
2363267 
2461724 
2410231 
2385864 
2408460 
2395028 
2420487 
2422258 
2398099 
2383989 
2397891 
2366131 
2390446 
2341295 
2380866 
2378262 
2396121 
2405545 
2390602 
2354937 
2430380 
3207567 
2373628 
2405597 
2460579 
2394246 
2393466 
2398672 
2383000 
2445739 
2346971 
2403410 
2374774 
2360768 
2391747 
2344888 
2378731 
2384198 
2344628 
2416427 
2399922 
2401432 
2404243 
2347440 
2416895 
2377065 
2404503 
2365766 
2395288 
2382013 
2372609 
2389424 
2381091 
2432326 
5201572 
2677349 
2616431 
2628147 
2548693 
2415560 
2479029 
2555045 
2524274 
3600951 
2922321 
2745296 
2551921 
2497564 
2476634 
2456275 
2581287 
2690418 
3378524 
3143238 
7902193 
2671466 
2839535 
2751387 
2693437 
2661417 
2487359 
2470907 
2660427 
2921384 
3372902 
2739152 
2668706 
3028223 
2709682 
2481372 
3117464 
2817199 
3065138 
2704059 
2659490 
2521202 
2446956 
2451434 
3029160 
3591423 
3816662 
2694947 
2763154 
3184734 
2433991 
3881641 
13934220 
2506520 
2775702 
2656314 
2563428 
2552963 
2486005 
2573268 
2474603 
2490275 
2650587 
2641423 
2515683 
2461118 
2461587 
2527555 
2498397 
2590398 
2575352 
2528388 
2532032 
2454662 
2520005 
2485172 
11604987 
2853332 
2853593 
2885770 
2475071 
2495013 
2598156 
2472417 
2456328 
2479601 
2390568 
2389683 
2390047 
2533803 
2499855 
2547652 
2559627 
3038011 
3194783 
2379478 
2393588 
2516464 
3048372 
2840941 
3542793 
2990579 
2539789 
2600238 
2792103 
4487274 
2551244 
2469553 
3578458 
7515810 
3570597 
4419901 
3084298 
2475488 
2445862 
2957465 
4112346 
5288418 
2879522 
2719314 
2779711 
3934175 
2950957 
2919093 
2748732 
2805431 
2526409 
2581807 
3772301 
2919822 
2853333 
3748559 
2800016 
3148652 
3146518 
2661573 
2485121 
2451278 
4393191 
2864995 
5435244 
2707078 
2734570 
2506780 
2907117 
2619243 
2443988 
2568426 
2544632 
2497773 
2501469 
2534062 
2942157 
14311492 
6744137 
2931380 
2889831 
3108405 
2903629 
2833131 
3542168 
2688491 
2675266 
3059879 
2885822 
3792972 
2758572 
2644495 
2690157 
2696249 
6543733 
5020224 
2633457 
2661833 
2684378 
7229758 
2992037 
2693906 
2738475 
2643038 
14104425 
2515631 
2494753 
2512767 
2529272 
2560720 
2769506 
2582901 
2728061 
2746805 
2775754 
2814491 
2924038 
2924560 
2568113 
2614036 
2584306 
2477883 
2803506 
3451469 
3665774 
2564782 
2507248 
2576184 
2806993 
9108047 
2968399 
2706975 
2737329 
2628719 
9980520 
2989017 
2667612 
14630711 
3041344 
2945646 
2783720 
2784969 
3379930 
2912844 
2814336 
2715461 
2515840 
2468979 
2471271 
2700778 
2619711 
2767996 
2777316 
2722386 
2711556 
2818292 
2918103 
10811289 
3154380 
2839066 
3175050 
2781377 
2671413 
2535937 
2533333 
2568583 
2827352 
2775702 
2758729 
2713379 
2762789 
3900540 
3119652 
2483611 
3360614 
3051393 
2686929 
2449820 
2450080 
2429878 
2566500 
2466897 
3061285 
2529273 
2604509 
2788823 
2592949 
2554421 
2460702 
2572956 
2668289 
5367246 
2921071 
2755448 
4397669 
13061695 
2595085 
2488609 
2492201 
2613203 
12505575 
2604091 
2463044 
2593314 
2624502 
2583942 
2450289 
2510216 
2409676 
2423578 
2465648 
2563272 
2546923 
2571081 
2521150 
2548693 
2563220 
2489494 
2505270 
2645380 
2585869 
2467990 
2497721 
2580193 
2699425 
2696249 
3831761 
2584514 
2526565 
11391309 
2702991 
2809202 
2628061 
3275042 
2622699 
2612077 
2425419 
2831746 
2863195 
2661177 
2802902 
2693926 
2590158 
2888186 
2933953 
2848616 
2538612 
2527938 
19733972 
2820344 
2803422 
2769787 
2897871 
3501531 
2826957 
2778586 
2789520 
11377074 
2771974 
2508308 
2466864 
2506278 
2425992 
2434322 
2560063 
2621553 
2446505 
2474778 
2558866 
2461501 
2535644 
2522732 
2678098 
2818365 
2681483 
2643266 
2767288 
2745681 
2767235 
2826019 
2920624 
2760675 
2724281 
4839278 
3170075 
4209064 
9697145 
9138418 
2728394 
2463584 
2547567 
2541111 
2521274 
2533613 
2475767 
2469102 
2568706 
2541371 
2471185 
2445309 
2490814 
2563291 
2432604 
2541684 
2608172 
2535384 
2619836 
2468582 
2535279 
9936131 
2531843 
2434843 
2413964 
2549702 
2552826 
2471914 
2506539 
2474361 
2407716 
2459367 
2428386 
2640089 
2680701 
2754219 
2697519 
2784210 
2966339 
2811649 
2799205 
3644767 
4280604 
2719543 
2820136 
10347613 
2481911 
2429792 
2496854 
2649149 
2778534 
2528354 
2502581 
2440466 
2472383 
2402145 
2650607 
3009606 
2509246 
2412871 
2453379 
2416047 
2538664 
3306334 
2546421 
2408341 
2548556 
2433906 
2512995 
2823208 
2503831 
2427293 
2406414 
2382204 
2344508 
2441039 
2394595 
2378142 
2405373 
2408029 
2422295 
2427970 
2401624 
2376997 
2492012 
2414381 
2446818 
2390014 
2390430 
2390534 
2433489 
2433958 
2417192 
2419170 
2460720 
2452076 
2420004 
2419327 
2401572 
2439685 
2380954 
2398604 
2536685 
2471081 
2403134 
2421045 
2439269 
2436144 
2464677 
2413755 
2434530 
2645296 
2450567 
2414381 
2399698 
3161016 
2422868 
2396470 
2382620 
2364553 
2435988 
2377309 
2399230 
2340082 
2396938 
2374706 
2385744 
2389857 
2413964 
2490710 
2493001 
2433385 
2384025 
2423180 
2458273 
2430834 
2389597 
2416099 
2373300 
2404227 
2466031 
2357107 
2420421 
2398761 
2447755 
2361273 
2430625 
2340446 
2443017 
2408288 
2373873 
2476756 
2370644 
2349506 
2412715 
2387202 
2636393 
2381527 
2405737 
2442496 
2435156 
2399230 
2377465 
2392148 
2405008 
2420369 
2387410 
2338884 
2430938 
2350078 
2353879 
2346485 
2392929 
2377830 
2364344 
2382933 
2335448 
2269635 
2302177 
2289681 
2338311 
2286245 
2436509 
2423961 
2417556 
2432032 
2393293 
2412090 
2412870 
2444787 
2438592 
2410267 
2405060 
2412454 
2466343 
2432187 
2401156 
2439268 
2498728 
2467540 
2478579 
2406987 
2462073 
2495553 
2457335 
2429844 
2438384 
2462230 
2468477 
2463115 
2511589 
2481963 
2444735 
2464052 
2437290 
2484306 
2445829 
2425002 
2429792 
2457492 
2529812 
2462542 
2399958 
2492533 
2558970 
2711473 
2561052 
2455461 
2426720 
2448849 
2383036 
2374706 
2414380 
2450879 
2379443 
2396366 
2376684 
2385796 
2418858 
2361429 
2411152 
2364970 
2404280 
2372363 
2365126 
2482952 
2377882 
2394283 
2361741 
2352629 
2343310 
2369499 
2375175 
2352213 
2358513 
2324409 
2382568 
2385588 
2451816 
2414329 
2388503 
2424429 
2415994 
2392096 
2414276 
2363928 
2353775 
2405269 
2417608 
2367417 
2348673 
2370541 
2375747 
2357107 
2350183 
2337687 
2381370 
2346798 
2346017 
2312434 
2345756 
2369603 
2326960 
2352890 
2365177 
2361376 
2359398 
2320817 
2379340 
2384286 
2361481 
2352369 
2332428 
2359710 
2399854 
2364553 
2368093 
2356014 
2382256 
2389180 
2372259 
2441299 
2370488 
2341592 
2375175 
2387878 
2373196 
2328575 
2323108 
2421514 
2682419 
2638475 
2399125 
2342529 
2351067 
2497478 
2489252 
2399333 
2401433 
2452047 
2399403 
2418304 
2428353 
2390448 
2646252 
2511503 
2537433 
2586115 
2532330 
2458604 
2369465 
2364049 
2317866 
2391749 
2362331 
2335933 
2408619 
2463185 
2371026 
2403516 
2410129 
2403152 
2436318 
2388157 
2413930 
2377848 
2332966 
2351814 
2444806 
2391801 
2334580 
2342181 
2420907 
2389094 
2365612 
2353116 
2402267 
2374776 
2343587 
2335516 
2375817 
2367173 
2409764 
2279493 
2406693 
2457978 
2370558 
2491093 
2488229 
2594550 
2394873 
2352595 
2457979 
2391385 
2407995 
2378264 
2322813 
2323385 
2357124 
2305370 
2334423 
2310473 
2322552 
2370506 
2368215 
2428300 
2386543 
2434652 
2436318 
2382013 
2355198 
2384096 
2409036 
2355510 
2362019 
2390343 
2373682 
2339838 
2339422 
2396279 
2522594 
2437932 
2452460 
2369361 
2337808 
2350252 
2366705 
2394301 
2319376 
2349054 
2366653 
2443660 
2343691 
2354677 
2426322 
2371495 
2338172 
2341141 
2421792 
2422000 
2341140 
2378472 
2341036 
2416324 
2342494 
2318074 
2477816 
2389302 
2351814 
2348326 
2461988 
2437308 
2413149 
2343066 
2391124 
2377170 
2338693 
2368111 
2377795 
2384616 
2382377 
2402267 
2391802 
2426218 
2336923 
2374619 
2442410 
2327498 
2337652 
2371391 
2434653 
2374827 
2362696 
2415388 
2365195 
2341921 
2316513 
2408306 
2348534 
2440276 
2368580 
2437933 
2415387 
2331664 
2337027 
2427311 
2377327 
2352647 
2355771 
2389042 
2410493 
2360821 
2344629 
2454438 
2365820 
2351501 
2354052 
2394717 
2375817 
2349315 
2357906 
2406119 
2444962 
2354209 
2339995 
2403465 
2394665 
2457250 
2362488 
2383523 
2390968 
2305214 
2386230 
2395550 
2402891 
2300424 
2344056 
2371912 
2378004 
2325833 
2337755 
2387844 
2377900 
2376963 
2343275 
2441577 
2342285 
2316929 
2483492 
2411483 
2384355 
2363008 
2388521 
2536287 
2478233 
2373942 
2415856 
2417054 
2403047 
2387636 
2373891 
2336194 
2317138 
2387897 
2409035 
2392166 
2352231 
2346816 
2395810 
2431216 
2420907 
2399611 
2409452 
2414606 
2317710 
2447565 
2362436 
2329686 
2344785 
2376129 
2418356 
2347023 
2399090 
2371496 
2379045 
2386074 
2458916 
2419710 
2404870 
2462405 
2404246 
2427051 
2327551 
2444701 
2378160 
2402319 
2337547 
2373317 
2436944 
2441109 
2690145 
2880398 
2448086 
2394457 
2434027 
2384252 
2395238 
2424031 
2430122 
2404402 
2423354 
2443765 
2401902 
2427207 
2387740 
2428925 
2476463 
2419761 
2435694 
2422520 
2338432 
2425593 
2451834 
2400236 
2383523 
2343431 
2468913 
2360873 
2452199 
2441212 
2423823 
2429707 
2344473 
2394926 
2404662 
2432258 
2382950 
2416169 
2397008 
2351346 
2461467 
2429758 
2393103 
2406952 
2327030 
2400914 
2426947 
2352074 
2357021 
2402995 
2394040 
2326718 
2370923 
2413721 
2388990 
2439078 
2374151 
2389250 
2394560 
2321824 
2387584 
2352387 
2374983 
2323698 
2347856 
2422104 
2373161 
3075285 
2417158 
2387011 
2365716 
2340515 
2349054 
2364623 
2380763 
2377015 
2364258 
2356760 
2411691 
2396592 
2340463 
2355667 
2375140 
2369777 
2332914 
2344576 
2457562 
2379409 
2355667 
2390344 
2479066 
2412732 
2375348 
2336246 
2391176 
2407838 
2362696 
2350564 
2414138 
2350512 
2346607 
2419866 
2391437 
2400236 
2348013 
2420282 
2382950 
2435485 
2387428 
2393363 
2417991 
2363737 
2350720 
2420959 
2381024 
2376077 
2420230 
2413669 
2356292 
2340515 
2429810 
2372797 
2365351 
2356188 
2382377 
2413410 
2382481 
2387219 
2414034 
2370558 
2366861 
2446160 
2411119 
2393520 
2337912 
2404193 
2405703 
2342285 
2360405 
2368111 
2400444 
2365820 
2431320 
2376337 
2360145 
2422781 
2395966 
2454490 
2446316 
2340672 
2375661 
2380555 
2347493 
2348221 
2415284 
2420021 
2377170 
2367278 
2396592 
2349159 
2329269 
2321772 
2453344 
2377379 
2334111 
2392999 
2372536 
2380243 
2343066 
2331195 
2460374 
2272100 
2368059 
3062893 
2473703 
2567289 
2590720 
2476896 
2477262 
2459298 
2429672 
2403430 
2409365 
2452946 
2503712 
2440762 
2415354 
2422643 
2448155 
2420976 
2389527 
2452164 
2487675 
2421809 
2457736 
2458205 
2431181 
2440398 
2445605 
2419883 
2426600 
2419623 
2434775 
2458465 
2383279 
2409730 
2483874 
2443678 
2410198 
2397390 
2445969 
2430818 
2428474 
2318196 
2391351 
2385363 
2369846 
2389423 
2421445 
2381874 
2413687 
2402493 
2396036 
2382446 
2359901 
2369430 
2384008 
2414728 
2374116 
2385362 
2386820 
2382811 
2405720 
2429619 
2385050 
2309344 
2360943 
2366618 
2366878 
2346312 
2352924 
2360266 
2373804 
2315697 
2343448 
2362713 
2385779 
2369170 
2344229 
2345063 
2568015 
2543439 
2395204 
2404576 
2330743 
2321059 
2360578 
2403951 
2368545 
2318872 
2298202 
2407335 
2439512 
2340116 
2418998 
2401139 
2405148 
2338970 
2337512 
2387965 
2362921 
2355111 
2344281 
2412750 
2472731 
2350582 
2331525 
2355423 
2362140 
2377813 
2364588 
2349124 
2379011 
2355215 
2390465 
2360839 
2375261 
2358965 
2339387 
2410146 
2407908 
2404732 
2347145 
2367555 
2401764 
2351570 
2373491 
2370992 
2398067 
2377969 
2309344 
2378229 
2343188 
2358391 
2337409 
2391090 
2403639 
2369586 
2341365 
2375991 
2381301 
2391663 
2373543 
2345219 
2352924 
2371096 
2370679 
2394422 
2383904 
2352508 
2382967 
2391923 
2407074 
2365785 
2388435 
2378438 
2428109 
2340324 
2422382 
2356517 
2381614 
2416082 
2377136 
2376980 
2336003 
2407179 
2382186 
2403378 
2415561 
2320018 
2356413 
2370992 
2357298 
2339700 
2378126 
2358236 
2392131 
2369117 
2379895 
2374012 
2382291 
2344489 
2410719 
2438680 
2330588 
2364014 
2390881 
2444198 
2380260 
2343813 
2365005 
2379895 
2614146 
2657154 
2663611 
2581604 
2821010 
2643564 
2857718 
2556091 
2778003 
2528183 
2651948 
2522924 
2764309 
2872557 
2801069 
2572493 
2800027 
2771442 
2778211 
2728278 
2798934 
2721093 
2762487 
2747908 
2775503 
2707972 
2911764 
2635130 
2824707 
2753062 
2808618 
2727758 
2859592 
2589154 
2766391 
2530579 
2816428 
2522664 
2786906 
2620134 
2725467 
2771963 
2652937 
2513292 
2774462 
2651010 
2420092 
2609304 
2590821 
2695059 
2682094 
2704431 
2719844 
2662413 
2699745 
2659289 
2707087 
2711461 
2675170 
2672306 
2696361 
2758061 
2719479 
2632109 
2552134 
2591549 
2594986 
2612897 
2614668 
2614511 
2607639 
2569733 
2666839 
2624248 
2600765 
2584312 
2653249 
2634089 
2589622 
2642731 
2619145 
2597069 
2632682 
2447010 
2416655 
2359537 
2368805 
2432484 
2398327 
2369221 
2360579 
2388174 
2406137 
2424049 
2424621 
2369898 
2439408 
2423736 
2415457 
2364171 
2403066 
2378073 
2409053 
2398223 
2440085 
2436181 
2363234 
2408377 
2397911 
2362349 
2406553 
2424622 
2414520 
2402910 
2415353 
2347927 
2421914 
2367035 
2403951 
2357403 
2459350 
2360162 
2436544 
2408376 
2386404 
2435972 
2389268 
2391246 
2354486 
2541564 
2682199 
2558279 
2384893 
2358287 
2411396 
2420040 
2467472 
2313614 
2387288 
2378750 
2365368 
2346364 
2378645 
2393172 
2358860 
2352404 
2396713 
2414051 
2326995 
2365369 
2388487 
2397598 
2342980 
2322829 
2376303 
2385623 
2358339 
2344230 
2420144 
2345635 
2331473 
2367555 
2439720 
2392547 
2345218 
2353237 
2377031 
2388486 
2356934 
2384321 
2382187 
2368129 
2364640 
2359173 
2381510 
2389580 
2327359 
2406294 
2370367 
2365994 
2327568 
2364119 
2374793 
2365577 
2326578 
2335482 
2359120 
2371669 
2390465 
2347926 
2317883 
2352091 
2348030 
2325120 
2342980 
2335326 
2349592 
2387028 
2328662 
2316477 
2372710 
2417332 
2336575 
2326370 
2372294 
2396922 
2338346 
2375834 
2398588 
2397859 
2361568 
2336054 
2365733 
2392860 
2334910 
2311687 
2368753 
3100248 
2394631 
2409886 
2628569 
2545574 
2578448 
2446668 
2380849 
2328521 
2338414 
2362522 
2380173 
2345339 
2387671 
2322586 
2390014 
2397407 
2357836 
2347526 
2364136 
2378142 
2382255 
2340237 
2362053 
2412923 
2335343 
2378143 
2406415 
2412143 
2324513 
2333781 
2368926 
2383453 
2373196 
2412247 
2364240 
2362834 
2328938 
2400167 
2392773 
2374185 
2333521 
2367832 
2448226 
2365073 
2364813 
2330136 
2357524 
2419744 
2373039 
2367573 
2325293 
2382203 
2362158 
2340601 
2379079 
2382828 
2333260 
2337061 
2348047 
2387827 
2377153 
2335083 
2293532 
2363094 
2413340 
2341799 
2331853 
2375383 
2375486 
2343048 
2327740 
2357055 
2389076 
2355753 
2288013 
2349244 
2356639 
2338987 
2350338 
2323784 
2367728 
2394127 
2405738 
2340185 
2345079 
2387410 
2377205 
2335134 
2344871 
2364917 
2362939 
2336332 
2357419 
2399229 
2351067 
2341382 
2405165 
2372363 
2375747 
2342164 
2345912 
2343100 
2369447 
2393866 
2325189 
2332687 
2386890 
2387670 
2364917 
2341799 
2394387 
2390691 
2341226 
2351067 
2373976 
2387046 
2327272 
2343517 
2383869 
2404697 
2371790 
2369551 
2386785 
2356482 
2367260 
2332739 
2404332 
2336124 
2319462 
2328887 
2365542 
2406571 
2355962 
2329771 
2322534 
2385900 
2336696 
2314932 
2335342 
2346485 
2344299 
2401937 
2347006 
2341799 
2371530 
2356638 
2431772 
2422504 
2392253 
2407457 
2309152 
2375070 
2399750 
2423285 
2336279 
2417505 
2355337 
2365698 
2322482 
2347891 
2371165 
2392773 
2341435 
2328678 
2546374 
2615779 
2473895 
2388764 
2332479 
2337165 
2335134 
2347423 
2412402 
2351380 
2399178 
2347422 
2317691 
2374550 
2346797 
2442811 
2371634 
2323210 
2349661 
2448902 
2402353 
2337321 
2322533 
2389753 
2429793 
2333416 
2353566 
2391472 
2388295 
2350547 
2393607 
2383141 
2359345 
2336592 
2354295 
2369812 
2416204 
2331177 
2354556 
2387254 
2411153 
2347006 
2340861 
2358148 
2377518 
2302176 
2344454 
2377257 
2404853 
2451193 
2312432 
2400948 
2394543 
2367260 
2379392 
2373248 
2452912 
2350442 
2327272 
2409174 
2350650 
2373560 
2349974 
2384807 
2393346 
2365177 
2661495 
2407144 
2371373 
2348255 
2359919 
2404020 
2351119 
2328053 
2331021 
2348776 
2442810 
2417974 
2330761 
2359034 
2379548 
2418287 
2354191 
2339455 
2409435 
2400583 
2323159 
2368093 
2367781 
2382828 
2336019 
2351432 
2428387 
2366896 
2359345 
2357628 
2403864 
2471656 
2382724 
2427503 
2352733 
2362991 
2381006 
2356222 
2377413 
2351900 
2326282 
2334717 
2411882 
2378923 
2328782 
2333311 
2361169 
2381110 
2360595 
2346069 
2378975 
2325450 
2394022 
2471916 
2372414 
2400687 
2364293 
2367885 
2444268 
2432657 
2372675 
2377882 
2369238 
2354191 
2330448 
2391576 
2425575 
2368562 
2389025 
2355545 
2438228 
2423598 
2337269 
2431147 
2378558 
2361325 
2392930 
2407612 
2421514 
2336019 
2381370 
2426513 
2409956 
2407040 
2384755 
2411726 
2338779 
2386837 
2404228 
2391055 
2373977 
2366427 
2378299 
2390742 
2392773 
2349349 
2382776 
2386733 
2339612 
2299989 
2389233 
2391054 
2359762 
2355076 
2457337 
2421619 
2336279 
2383141 
2401885 
2414537 
2418182 
2343621 
2410945 
2347370 
2335655 
2339143 
2351796 
2370072 
2325398 
2368405 
2421462 
2368198 
2391211 
2367052 
2412142 
2406363 
2340497 
2361168 
2366166 
2360700 
2344454 
2383817 
2359033 
2380850 
2344402 
2330500 
2371061 
2369187 
2359398 
2325710 
2384338 
2458118 
3054398 
2416985 
2351380 
2350078 
2355649 
2389858 
2331333 
2366270 
2377778 
2385171 
2343569 
2370176 
2351119 
2359658 
2334770 
2346641 
2323003 
2399281 
2371269 
2357836 
2359085 
2355857 
2396834 
2330396 
2366636 
2386785 
2352004 
2355233 
2337685 
2404905 
2405425 
2324772 
2345287 
2355857 
2352681 
2434636 
2383036 
2392409 
2368510 
2320242 
2328261 
2389493 
2411413 
2404488 
2442811 
2757873 
2437343 
2386368 
2395169 
2360856 
2410268 
2454161 
2370344 
2322139 
2359467 
2364361 
2358894 
2355874 
2319530 
2349105 
2363892 
2359675 
2315625 
2387427 
2400548 
2351500 
2367016 
2322654 
2364622 
2399715 
2343534 
2361497 
2447774 
2379565 
2366027 
2354364 
2413982 
2379096 
2332235 
2323123 
2361028 
2383886 
2355301 
2350667 
2467872 
2359779 
2340774 
2381960 
2381804 
2395029 
2343898 
2384563 
2342752 
2381908 
2354155 
2321561 
2371806 
2359310 
2422626 
2330256 
2338639 
2360196 
2378836 
2345148 
2380033 
2366392 
2368266 
2324842 
2320051 
2374983 
2385553 
2345720 
2359623 
2337598 
2349678 
2342388 
2367745 
2349314 
2376129 
2366028 
2361081 
2362799 
2361601 
2373629 
2316250 
2353322 
2390656 
2376701 
2332339 
2360716 
2418044 
2435434 
2315782 
2347543 
2358321 
2379564 
2366548 
2371182 
2478859 
3082120 
2388365 
2359154 
2331819 
2394404 
2376753 
2372796 
2321821 
2331922 
2393675 
2361966 
2364309 
2379982 
2372276 
2360873 
2359519 
2337702 
2431424 
2385553 
2360351 
2408879 
2389875 
2354520 
2364881 
2366027 
2383418 
2403672 
2354416 
2339681 
2426374 
2366652 
2333849 
2388729 
2379825 
2402631 
2347595 
2351291 
2382064 
2397736 
2385865 
2397476 
2403360 
2329579 
2341920 
2373056 
2398882 
2426895 
2331922 
2416585 
2383418 
2354832 
2368734 
2347595 
2399403 
2354312 
2398101 
2390082 
2383001 
2437413 
2462978 
2393311 
2387636 
2390343 
2465842 
2403985 
2402474 
2390916 
2357904 
2437152 
2436527 
2389823 
2422833 
2397476 
2460063 
2427051 
2431321 
2429863 
2541080 
2364986 
2437256 
2358373 
2425020 
2476359 
2404870 
2427572 
2369203 
2400236 
2362799 
2365455 
2427624 
2379096 
2410077 
2440693 
2411014 
2352333 
2435382 
2399507 
2461781 
2444181 
2363320 
2428404 
2371026 
2595648 
2419397 
2345668 
2433142 
2526918 
2378419 
2381335 
2355249 
2445587 
2448139 
2314583 
2394509 
2377534 
2321561 
2509788 
2454959 
2398622 
2424343 
2304223 
2388572 
2507392 
2370817 
2358113 
2276157 
2383366 
2399715 
2499165 
2367329 
2504320 
2378263 
2387427 
2488595 
2462093 
2492708 
2489377 
2390447 
2392374 
2342649 
2330777 
2400340 
2424031 
2436163 
2423354 
2406171 
2404089 
2340878 
2399872 
2423458 
2458656 
2420543 
2375607 
2377066 
2365558 
2431581 
2501508 
2709833 
2561751 
2380033 
2443973 
2388469 
2374827 
2466206 
2406224 
2401277 
2375556 
2462770 
2437308 
2409452 
2434236 
2441266 
2440849 
2420751 
2456261 
2370089 
2534207 
2479900 
2420751 
2430800 
2369880 
2413513 
2347856 
2392321 
2352073 
2394248 
2387271 
2394613 
2358269 
2423979 
2343898 
2377898 
2457876 
2423093 
2442931 
2416013 
2347543 
2361549 
2426635 
2398257 
2360821 
2394977 
2441734 
2344159 
2337702 
2391489 
2338171 
2412420 
2337754 
2359050 
2398674 
2375659 
2341972 
2363892 
2366235 
2419344 
2345408 
2388832 
2387895 
2376910 
2366704 
2409296 
2366860 
2403412 
2326560 
2381804 
2337233 
2367849 
2327705 
2358477 
2460635 
2382637 
2326247 
2362955 
2404870 
2340878 
2333953 
2374827 
2390551 
2407005 
2353531 
2369724 
2373837 
2352021 
2369880 
2385292 
2372692 
2366183 
2319530 
2345564 
2411534 
2364466 
2429758 
2363684 
2351395 
2369881 
2340565 
2365871 
2360508 
2400131 
2414867 
2355978 
2375608 
2363372 
2340670 
2561439 
2411743 
2434132 
2319791 
2344054 
2390082 
2416482 
2380190 
2378888 
2405078 
2373161 
2338796 
2400235 
2389458 
2383522 
2335619 
2372483 
2399819 
2343274 
2355718 
2359102 
2394769 
2347855 
2395966 
2347230 
2381491 
2412211 
2389094 
2360299 
2390499 
2374827 
2325466 
2360560 
2377482 
2376441 
2352021 
2391124 
2421740 
2374149 
2363840 
2313959 
2386177 
2407578 
2352541 
2381699 
2381231 
2398518 
2418147 
2330152 
2432310 
2385709 
2341034 
2380450 
2370713 
2351448 
2347491 
2328382 
2347126 
2373993 
2359154 
2380294 
2426062 
2371963 
2367224 
2388885 
2404453 
2416337 
2378233 
2387284 
2346670 
2329127 
2367814 
2396607 
2398118 
2445604 
2402075 
2396711 
2412333 
2431182 
2457267 
2439877 
2388016 
2377655 
2431233 
2357140 
2429359 
2418216 
2435503 
2425141 
2410041 
2422018 
2442376 
2379061 
2397753 
2472888 
2426131 
2413165 
2364690 
2355890 
2417019 
2590354 
2464818 
2436961 
2363909 
2408739 
2389579 
2393588 
2338187 
2410822 
2403272 
2396816 
2353079 
2423423 
2365418 
2384788 
2378384 
2390984 
2422798 
2432587 
2353756 
2375676 
2374062 
2369793 
2432378 
2415717 
2480542 
2390672 
2432535 
2441855 
2384320 
2344591 
2326159 
2349902 
2361982 
2391453 
2331313 
2355422 
2352350 
2360629 
2426339 
2319442 
2362190 
2841325 
2557916 
2411812 
2336417 
2399003 
2393744 
2374791 
2340166 
2360680 
2406449 
2348861 
2322567 
2347872 
2345945 
2347299 
2416550 
2326315 
2330898 
2407073 
2371980 
2355577 
2358077 
2398117 
2393900 
2364898 
2382341 
2431910 
2384424 
2326992 
2358181 
2416342 
2388329 
2362971 
2357609 
2370313 
2375833 
2342196 
2346310 
2352714 
2351985 
2341883 
2351725 
2384424 
2363179 
2349121 
2371355 
2344227 
2379373 
2326420 
2405355 
2393223 
2377447 
2348861 
2353912 
2395254 
2388381 
2345164 
2370157 
2385726 
2338187 
2390412 
2386558 
2359014 
2394785 
2385205 
2356567 
2412697 
2380883 
2351829 
2384893 
2352558 
2370729 
2358338 
2402856 
2351777 
2382393 
2352610 
2369168 
2385517 
2356203 
2343290 
2385725 
2352662 
2371615 
2409104 
2380935 
2452477 
2383122 
2350423 
2351673 
2406449 
2392911 
2341623 
2405564 
2388068 
2421236 
2346518 
2354745 
2376978 
2374114 
2380779 
2376249 
2345007 
2439200 
2423319 
3049287 
2334751 
2364846 
2357244 
2405095 
2360993 
2398378 
2385986 
2332043 
2376145 
2399732 
2369532 
2348393 
2355734 
2381716 
2366668 
2346935 
2340478 
2336833 
2356047 
2368960 
2337927 
2336260 
2362607 
2374531 
2346101 
2360837 
2362919 
2376509 
2343550 
2335323 
2392807 
2389787 
2371875 
2335896 
2347819 
2371771 
2426078 
2436388 
2338603 
2356098 
2325274 
2368959 
2396139 
2388901 
2368751 
2401034 
2361149 
2426339 
2320536 
2351412 
2404730 
2442637 
2376978 
2379112 
2422590 
2371771 
2353703 
2367658 
2365210 
2341623 
2318557 
2336521 
2355265 
2392755 
2414363 
2335948 
2399263 
2372552 
2336521 
2377967 
2378436 
2353183 
2450967 
2337354 
2411447 
2373698 
2335740 
2350476 
2398950 
2372292 
2333813 
2342717 
2384632 
2430139 
2443209 
2338708 
2340374 
2354120 
2402908 
2341572 
2416654 
2432483 
2329231 
2379009 
2368543 
2358077 
2360212 
2322254 
2343394 
2417175 
2418060 
2377967 
2398951 
2373229 
2373542 
2326211 
2394942 
2329335 
2336989 
2344070 
2371875 
2373853 
2370834 
2341936 
2358441 
2350527 
2394786 
2340894 
2358077 
2353599 
2363128 
2357244 
2374375 
2388589 
2351412 
2342456 
2449301 
2368959 
2357973 
2350788 
2407698 
2408375 
2378957 
2337926 
2343081 
2414623 
2372239 
2351829 
2337978 
2355943 
2356254 
2330273 
2334907 
2385152 
2361670 
2367345 
2391453 
2641330 
2562602 
2426912 
2378748 
2370209 
2373385 
2421548 
2374010 
2378748 
2347455 
2399263 
2369116 
2348965 
2353391 
2382601 
2404783 
2355265 
2373698 
2358233 
2375312 
2385621 
2372761 
2360420 
2376510 
2399940 
2397493 
2383122 
2398118 
2428526 
2353234 
2393536 
2401659 
2369636 
2351828 
2382550 
2375415 
2381456 
2392546 
2402752 
2320692 
2366460 
2473513 
2386246 
2345685 
2328763 
2417383 
2468254 
2339645 
2356619 
2408114 
2390515 
2339385 
2350736 
2441438 
2345997 
2349851 
2404782 
2411812 
2427120 
2326003 
2381768 
2407750 
2341155 
2343081 
2342978 
2410562 
2384268 
2366148 
2403741 
2379998 
2334022 
2335167 
2373750 
2393848 
2398898 
2350631 
2384684 
2396608 
2343914 
2368960 
2410978 
2394734 
2359692 
2408896 
2391453 
2396920 
2329647 
2356723 
2411760 
2346153 
2375477 
2425789 
2407400 
2410991 
2346430 
2365591 
2340285 
2412558 
2431667 
2365643 
2410423 
2353928 
2339817 
2387044 
2351792 
2346534 
2326384 
2335235 
2364914 
2396572 
2368298 
2418285 
2383242 
2407975 
2361322 
2390376 
2387356 
2404695 
2329508 
2364602 
2392875 
2443174 
2344711 
2370434 
2373037 
2349814 
2329299 
2370225 
2378244 
2402977 
2353459 
2347003 
2423544 
2403081 
2363508 
2398811 
2373193 
2372413 
2379493 
2400634 
2358405 
2356792 
2382930 
2386263 
2368247 
2338775 
2393291 
2431406 
2416410 
2362572 
2347524 
2415005 
2389490 
2451401 
2332267 
2354709 
2426564 
2337421 
2376838 
2413911 
2327737 
2411359 
2444215 
2377671 
2375380 
2437759 
2356531 
2352366 
2324144 
2382930 
2351637 
2372568 
2382618 
2431094 
2387877 
2370902 
2351637 
2457024 
2387773 
2414119 
2359656 
2422346 
2377411 
2348096 
2358146 
2392876 
2383763 
2364029 
2408444 
2382722 
2398967 
2420940 
2410631 
2359760 
2408184 
2325342 
2360436 
2410058 
2325550 
2379858 
2385794 
2359499 
2352730 
2335808 
2358666 
2410787 
2381837 
2331225 
2366320 
2370278 
2350387 
2333464 
2360957 
2384076 
2371527 
2332892 
2355489 
2403185 
2373506 
2460304 
2382201 
2423283 
2374756 
2345284 
2384336 
2429323 
2356479 
2337735 
2351689 
2400998 
2375120 
2362051 
2342264 
2396155 
2368820 
2337214 
2315345 
2380379 
2349294 
2338411 
2347836 
2365070 
2318261 
2371110 
2329248 
2360176 
2417035 
2369027 
2354604 
2376422 
2369236 
2405216 
2594330 
2622186 
2378868 
2366737 
2407298 
2367309 
2336277 
2322791 
2381576 
2426563 
2339452 
2325498 
2365747 
2369340 
2367206 
2325863 
2341743 
2374443 
2447964 
2397301 
2393708 
2364810 
2364706 
2411047 
2378817 
2376682 
2275669 
2327893 
2351845 
2386887 
2397769 
2340702 
2318313 
2362207 
2365435 
2322842 
2382045 
2348252 
2355854 
2309721 
2353303 
2365747 
2378869 
2416879 
2333256 
2382930 
2381472 
2380587 
2363352 
2360593 
2359083 
2376578 
2355802 
2375224 
2385013 
2355802 
2338464 
2394437 
2414587 
2394177 
2356115 
2376162 
2403809 
2389022 
2328986 
2347055 
2398499 
2426772 
2445413 
2384961 
2358405 
2347054 
2357572 
2420107 
2395270 
2360540 
2331329 
2343930 
2408965 
2317896 
2380847 
2408235 
2369965 
2405423 
2440623 
2381576 
2399384 
2419691 
2366268 
2422034 
2448485 
2377931 
2350543 
2382617 
2337109 
2349919 
2410735 
2407611 
2352782 
2352782 
2399019 
2404903 
2333621 
2347003 
2398030 
2369028 
2348564 
2365852 
2398707 
2418232 
2400009 
2418077 
3390566 
2425938 
2371579 
2409589 
2370798 
2352522 
2365227 
2348721 
2367518 
2358197 
2370225 
2361165 
2380951 
2399697 
2344868 
2365018 
2418858 
2391001 
2354969 
2313367 
2389803 
2398759 
2316022 
2323832 
2356584 
2356167 
2377827 
2342525 
2359759 
2356011 
2357260 
2368090 
2377255 
2439685 
2354761 
2434426 
2379597 
2427970 
2349919 
2346430 
2420159 
2358302 
2383503 
2367518 
2353980 
2381628 
2387044 
2394281 
2355490 
2367830 
2339088 
2351220 
2366788 
2416202 
2445829 
2349970 
2379858 
2396051 
2375588 
2359187 
2431406 
2363457 
2358927 
2435312 
2374338 
2395895 
2327581 
2338567 
2389074 
2376526 
2346795 
2362675 
2424741 
2380118 
2348409 
2382357 
2393395 
2342525 
2348408 
2417348 
2388189 
2390428 
2351377 
2337214 
2421982 
2357937 
2376525 
2342994 
2356375 
2406205 
2366632 
2341587 
2366840 
2379285 
2338099 
2342629 
2366112 
2397614 
2342994 
2361946 
2407246 
2377932 
2372568 
2356843 
2384388 
2401622 
2339557 
2373349 
2378608 
2369028 
2340807 
2364289 
2409433 
2378348 
2342056 
2359187 
2383086 
2387043 
2346117 
2362884 
2334090 
2359186 
2398446 
2362623 
2423127 
2370017 
2352574 
2381160 
2393188 
2375328 
2346481 
2371319 
2409069 
2371839 
2373870 
2361634 
2405632 
2403080 
2329768 
2361686 
2490765 
2614584 
2394802 
2394645 
2381118 
2339839 
2336970 
2451256 
2414969 
2392839 
2391953 
2356026 
2368419 
2358266 
2378729 
2375553 
2401326 
2351080 
2672659 
2425851 
2408928 
2385133 
2361129 
2349934 
2395079 
2387528 
2439442 
2418666 
2358995 
2397370 
2406377 
2424185 
2397577 
2428507 
2462768 
2432933 
2391017 
2385497 
2453812 
2380498 
2432880 
2419030 
2465841 
2420697 
2362378 
2428611 
2402420 
2427621 
2390600 
2378573 
2417051 
2391277 
2376073 
2391798 
2394349 
2401743 
2359151 
2422206 
2382113 
2394714 
2355037 
2426632 
2319110 
2382374 
2394089 
2374355 
2413302 
2459540 
2371491 
2364513 
2424757 
2449282 
2414396 
2337177 
2359724 
2387632 
2431943 
2428402 
2372897 
2362483 
2329211 
2390027 
2367638 
2429808 
2339989 
2386904 
2376021 
2433089 
2380864 
2426320 
2406221 
2365555 
2412366 
2363472 
2321036 
2347539 
2397577 
2396797 
2350611 
2339312 
2400545 
2339989 
2382426 
2367534 
2413094 
2371856 
2347904 
2390808 
2404502 
2521555 
2338010 
2472193 
2445117 
2335615 
2483336 
2329003 
2322962 
2516191 
2451834 
2507704 
2323066 
2330252 
2431110 
2394661 
2383936 
2488438 
2428454 
2352278 
2474223 
2419134 
2314943 
2396328 
2390965 
2312288 
2502549 
2427257 
2521086 
2357172 
2300312 
2491979 
2373470 
2518639 
2357015 
2374980 
2414708 
2521971 
2404711 
2407211 
2320619 
2379822 
2525876 
2433036 
2414292 
2342593 
2388205 
2372584 
2360296 
2431839 
2347591 
2376958 
2397786 
2461362 
2370398 
2411375 
2424550 
2418249 
2401483 
2398567 
2330616 
2406950 
2384924 
2313017 
2336553 
2332387 
2380447 
2360296 
2367689 
2455010 
2426267 
2355402 
2463029 
2374771 
2418197 
2433974 
2403253 
2390548 
2459488 
2422779 
2425799 
2342800 
2424809 
2383988 
2393360 
2442201 
2403514 
2469017 
2419082 
2428090 
2480367 
2510620 
2518326 
2539102 
2349153 
2392423 
2432620 
2475108 
2395078 
2408564 
2455062 
2400025 
2375500 
2410543 
2351600 
2533270 
2385341 
2413667 
2357640 
2397265 
2404555 
2409553 
2423821 
2353475 
2405024 
2471620 
2346758 
2372688 
2362535 
2419030 
2369252 
2430329 
2323535 
2393829 
2391277 
2377063 
2368262 
2397682 
2396432 
2353058 
2365972 
2400338 
2382946 
2398827 
2375969 
2396275 
2378781 
2331242 
2336448 
2351393 
2376437 
2362639 
2561335 
2602366 
2403409 
2399869 
2392891 
2402993 
2327909 
2330148 
2374771 
2377218 
2354933 
2404139 
2367586 
2361702 
2337281 
2354308 
2380603 
2353683 
2588723 
2431943 
2405336 
2359723 
2356079 
2376229 
2374095 
2342645 
2352017 
2353215 
2381905 
2438973 
2414501 
2366284 
2385758 
2349049 
2337646 
2379666 
2406273 
2386903 
2372532 
2364826 
2357120 
2398254 
2311507 
2315569 
2410855 
2389976 
2366649 
2378885 
2382790 
2378780 
2387372 
2341603 
2406378 
2328950 
2350611 
2332126 
2393099 
2324368 
2347955 
2373417 
2422311 
2484949 
2341291 
2366337 
2401067 
2364722 
2385602 
2368366 
2412730 
2400181 
2334574 
2368054 
2401534 
2380135 
2367273 
2383623 
2382894 
2364201 
2364879 
2434494 
2344571 
2354881 
2371127 
2406898 
2397004 
2325722 
2366024 
2396848 
2436837 
2366180 
2326503 
2349830 
2357276 
2351809 
2393568 
2420644 
2341342 
2342436 
2329992 
2339885 
2393725 
2405908 
2353475 
2441368 
2375344 
2348997 
2390340 
2370762 
2359098 
2371387 
2323639 
2343009 
2377479 
2395286 
2386851 
2388986 
2396848 
2361754 
2417208 
2373470 
2370866 
2356078 
3381685 
2364774 
2347851 
2331450 
2344467 
2347175 
2357848 
2400858 
2330564 
2365138 
2360140 
2398724 
2365139 
2329731 
2334314 
2383832 
2383206 
2324004 
2312757 
2365295 
2378676 
2331606 
2353996 
2387008 
2364618 
2367898 
2375083 
2413927 
2368940 
2352954 
2346029 
2342801 
2397474 
2320671 
2343477 
2355245 
2368991 
2370658 
2340197 
2367326 
2411011 
2347018 
2329210 
2350767 
2432411 
2370085 
2340353 
2355609 
2377323 
2332285 
2336782 
2371821 
2407742 
2412431 
2512772 
2380202 
2410610 
2376246 
2356406 
2425815 
2394886 
2358333 
2345837 
2378016 
2386919 
2397124 
2349273 
2320999 
2390876 
2449039 
2329695 
2360625 
2356511 
2410507 
2334745 
2380306 
2369684 
2386086 
2337245 
2356251 
2383118 
2392282 
2334017 
2347763 
2356407 
2395198 
2348440 
2358489 
2379421 
2394105 
2309961 
2371871 
2371090 
2423108 
2336932 
2337193 
2392803 
2379525 
2351720 
2337349 
2410975 
2357136 
2393428 
2362446 
2398323 
2379005 
2344899 
2362967 
2421025 
2402540 
2350679 
2427533 
2416911 
2398791 
2333392 
2333340 
2334954 
2418890 
2376401 
2419931 
2367705 
2403842 
2324071 
2355730 
2348128 
2395823 
2340317 
2343910 
2399989 
2394782 
2479447 
2536723 
2432116 
2425971 
2366665 
2378223 
2371975 
2376089 
2395979 
2378796 
2429460 
2360572 
2401863 
2389679 
2336464 
2366507 
2411444 
2392803 
2465075 
2393427 
2405768 
2354272 
2368331 
2319906 
2367446 
2384315 
2334329 
2363748 
2395823 
2412277 
2335214 
2330112 
2363436 
2357552 
2375255 
2323238 
2349897 
2398271 
2313969 
2328810 
2377807 
2364893 
2376506 
2343910 
2383170 
2406810 
2380410 
2369788 
2366976 
2381920 
2419618 
2322457 
2353542 
2383951 
2364633 
2352293 
2350263 
2425399 
2372860 
2329851 
2340838 
2432533 
2377391 
2328393 
2349638 
2394209 
2441332 
2337922 
2334589 
2395250 
2374267 
2351564 
2381452 
2375204 
2389887 
2332663 
2341410 
2436021 
2378327 
2376557 
2367342 
2392074 
2395719 
2331830 
2410299 
2381400 
2364946 
2384263 
2446070 
2450861 
2339640 
2341983 
2425295 
2383326 
2352293 
2358542 
2384211 
2416547 
2404154 
2398427 
2397177 
2358697 
2360572 
2336880 
2414047 
2401967 
2413995 
2427064 
2428366 
2445133 
2349638 
2440239 
2443987 
2411653 
2407278 
2421910 
2423732 
2373642 
2396968 
2406028 
2449715 
2403686 
2349898 
2424722 
2426752 
2439405 
2408111 
2468408 
2418422 
2410611 
2429825 
2461899 
2408840 
2426752 
2387284 
2409465 
2419306 
2469605 
2400457 
2392908 
2438416 
2406601 
2410454 
2460546 
2385930 
2435656 
2444247 
2379890 
2414828 
2433938 
2376817 
2389106 
2426023 
2434198 
2351043 
2404779 
2467055 
2407852 
2397334 
2328446 
2471637 
2351147 
2355313 
2432012 
2360052 
2451745 
2332819 
2410142 
2345107 
2369111 
2430293 
2378067 
2389575 
2350575 
2380983 
2410976 
2431907 
2352241 
2398219 
2367966 
2441019 
2387075 
2360312 
2322978 
2419879 
2361874 
2341723 
2339953 
2355782 
2393428 
2434719 
2359114 
2371767 
2390929 
2352761 
2318969 
2400822 
2407851 
2376297 
2332923 
2343701 
2376453 
2395927 
2360572 
2384941 
2396031 
2363957 
2448414 
2435708 
2386294 
2351616 
2414516 
2425450 
2362602 
2332871 
2392022 
2382129 
2513187 
2399364 
2379473 
2349065 
2397906 
2388793 
3528648 
2497879 
2414047 
2325998 
2401863 
2406289 
2484602 
2439041 
2351147 
2382910 
2331777 
2443571 
2455755 
2361405 
2391970 
2416807 
2400510 
2410871 
2366612 
2382129 
2441228 
2436386 
2385669 
2397593 
2404050 
2461067 
2428210 
2410454 
2799674 
2507720 
2462264 
2388481 
2409830 
2336152 
2372079 
2402383 
2435239 
2411340 
2406497 
2438937 
2443467 
2422066 
2404571 
2460962 
2444820 
2464139 
2377599 
2419359 
2396396 
2399989 
2366872 
2429512 
2398843 
2445498 
2407330 
2350887 
2349898 
2440812 
2413058 
2348648 
2366612 
2362603 
2372652 
2348908 
2391241 
2355417 
2374891 
2346097 
2414204 
2396708 
2390199 
2324332 
2324071 
2359791 
2425294 
2402904 
2352866 
2389783 
2370621 
2434667 
2377859 
2419150 
2394885 
2334017 
2379057 
2419202 
2333079 
2333079 
2340474 
2383482 
2404102 
2358020 
2367758 
2352554 
2362707 
2399468 
2327665 
2337661 
2381972 
2359999 
2343076 
2344326 
2449194 
2353855 
2328966 
2400769 
2382337 
2368695 
2325061 
2343285 
2387960 
2399364 
2330528 
2345159 
2384950 
2369915 
2328196 
2366885 
2379542 
2439890 
2364753 
2371053 
2409325 
2384904 
2347309 
2354392 
2358922 
2390632 
2345591 
2349497 
2364284 
2366835 
2459469 
2368033 
2397662 
2383185 
2342884 
2362879 
2367408 
2356213 
2396828 
2327211 
2382665 
2401098 
2339447 
2326585 
2376625 
2398181 
2393027 
2345539 
2351944 
2409377 
2353975 
2339864 
2379021 
2429528 
2360796 
2327315 
2361733 
3492587 
2376677 
2341009 
2357567 
2393496 
2392037 
2333459 
2336115 
2364961 
2346633 
2363243 
2349653 
2388966 
2377145 
2391726 
2343665 
2371626 
2363295 
2331480 
2323931 
2407034 
2371106 
2343092 
2435048 
2410522 
2404587 
2341998 
2321743 
2340540 
2394537 
2433173 
2356162 
2349653 
2363399 
2377614 
2360171 
2340592 
2383498 
2378447 
2361368 
2418229 
2370116 
2433172 
2330335 
2394693 
2397922 
2351944 
2349497 
2385269 
2386778 
2368919 
2388237 
2393287 
2394120 
2353037 
2344602 
2433330 
2391569 
2338562 
2370273 
2394797 
2416614 
2321067 
2338458 
2390579 
2364181 
2393600 
2394120 
2413959 
2385217 
2346268 
2363920 
2443274 
2387403 
2414427 
2351266 
2385425 
2372928 
2332938 
2391881 
2396256 
2354443 
2365482 
2328513 
2379280 
2403129 
2426456 
2355902 
2395214 
2438224 
2355432 
2403389 
2402660 
2333251 
2384696 
2380218 
2404691 
2338510 
2346372 
2355172 
2374959 
2333407 
2338301 
2625154 
2525076 
2455928 
2363660 
2379801 
2429111 
2391308 
2412032 
2442025 
2400160 
2496073 
2564753 
2432027 
2348090 
2352933 
2383862 
2353506 
2786311 
2584697 
2414063 
2561994 
2593496 
2538874 
2441660 
2492949 
2531428 
2514297 
2441764 
2498000 
2468320 
2546789 
2491752 
3754966 
2453532 
2517578 
2436817 
2373605 
2350173 
2406201 
2418020 
2381624 
2392714 
2391308 
2358713 
2344393 
2406773 
2401983 
2351007 
2395318 
2389382 
2344029 
2407503 
2430204 
2350694 
2371054 
2392714 
2416667 
2334032 
2411564 
2421978 
2377719 
2363972 
2384019 
2464727 
2337156 
2421301 
2431090 
2340749 
2333355 
2412085 
2399536 
2367825 
2357255 
2453428 
2422707 
2376052 
2405159 
2394485 
2398650 
2377718 
2439005 
2378395 
2435360 
2367304 
2371783 
2407190 
2390319 
2453637 
2395838 
2365482 
2396463 
2407242 
2364909 
2356006 
2362150 
2405992 
2341634 
2357151 
2342415 
2344290 
2424113 
2384175 
2329241 
2362775 
2405003 
2369335 
2351995 
2363191 
2388080 
2387247 
2347362 
2388496 
2381415 
2401878 
2330700 
2377823 
2374021 
2409169 
2372199 
2374750 
2392194 
2391517 
2338614 
2399900 
2372511 
2366576 
2352048 
2438536 
2411824 
2341998 
2341477 
2371782 
2437391 
2328096 
2320390 
2406878 
2392507 
2403181 
2369231 
2386830 
2355068 
2391100 
2337624 
2392871 
2360796 
2413543 
2364284 
2388341 
2417603 
2365742 
2444681 
2396776 
2402972 
2416927 
2427705 
2380166 
2349080 
2392662 
2375739 
2377406 
2347101 
2366836 
2380998 
2382873 
2369543 
2361265 
2375271 
2334865 
2368450 
2327159 
2428591 
2374386 
2322785 
2331689 
2394432 
2374750 
2317370 
2326222 
2345799 
2430517 
2407450 
2298520 
2408023 
2378135 
2393391 
2359182 
2364909 
2407190 
2342519 
2330856 
2344862 
2391569 
2426664 
2327939 
2320129 
2392090 
2375532 
2349132 
2346112 
2389903 
2407502 
2342050 
2370897 
2375584 
2380218 
2343768 
2382508 
2430153 
2380426 
2352673 
2345539 
2462645 
2409793 
2353558 
2408543 
2369595 
2436036 
2360015 
2356370 
2379124 
2382769 
2345800 
2414167 
2369439 
2384435 
2345799 
2442442 
2383967 
2355537 
2307684 
2352361 
2366576 
2366627 
2336687 
2394849 
2394902 
2358036 
2338301 
2327419 
2428903 
2356578 
2329502 
2345383 
2406409 
2367565 
2346216 
2348091 
2381311 
2434266 
2388393 
2385893 
2377250 
2355901 
2347310 
2371210 
2419947 
2410262 
2438640 
2363451 
2388601 
2404690 
2339082 
2367096 
2363347 
2423123 
2327887 
2350954 
2615729 
3270300 
2461301 
2352695 
2328681 
2396372 
2388878 
2381327 
2417358 
2550763 
2443967 
2443238 
2374401 
2402623 
2450164 
2402310 
2414235 
2411006 
2380858 
2445529 
2429387 
2418505 
2364248 
2399447 
2419806 
2442509 
2396740 
2421160 
2463285 
2430273 
2443342 
2453183 
2358155 
2446050 
2405748 
2423034 
2422254 
2476615 
2413923 
2416734 
2395073 
2398510 
2356176 
2440634 
2404394 
2385961 
2449435 
2350032 
2490883 
2420536 
2404810 
2438916 
2406216 
2419598 
2432252 
2390022 
2431731 
2367684 
2473074 
2343419 
2421681 
2475729 
2383044 
2422514 
2363622 
2373048 
2393042 
2373464 
2425117 
2442925 
2358364 
2366487 
2373776 
2382420 
2360342 
2388252 
2441676 
2360082 
2392157 
2378827 
2369507 
2355968 
2407310 
2404029 
2394031 
2375860 
2377994 
2394448 
2423087 
2381014 
2383097 
2417151 
2342951 
2400176 
2346179 
2386690 
2359822 
2373464 
2414444 
2405591 
2348730 
2377160 
2421472 
2354146 
2385284 
2384190 
2397260 
2353000 
2394916 
2385492 
2387106 
2325195 
2366695 
2409705 
2381743 
2322644 
2327434 
2419181 
2389450 
2344669 
2361852 
2384139 
2386273 
2389970 
2370600 
2403092 
2374505 
2319259 
2350970 
2431001 
2375078 
2353417 
2380650 
2385180 
2383721 
2323736 
2364612 
2417620 
2389241 
2347794 
2372475 
2419806 
3408255 
2393251 
2365393 
2389241 
2374714 
2363466 
2376172 
2387835 
2375078 
2337952 
2350397 
2384138 
2377161 
2344357 
2329413 
2379452 
2399708 
2349356 
2364716 
2422514 
2391428 
2336442 
2391845 
2436416 
2394240 
2349772 
2366017 
2404706 
2397729 
2369194 
2425690 
2397104 
2351334 
2361280 
2370184 
2362477 
2345763 
2349564 
2351438 
2396635 
2385180 
2370548 
2355865 
2397416 
2376900 
2335973 
2339098 
2406997 
2367111 
2349096 
2349095 
2386325 
2416057 
2396271 
2351698 
2384138 
2388929 
2460109 
2355969 
2404654 
2404186 
2333422 
2341493 
2410850 
2398197 
2332850 
2358884 
2399916 
2373880 
2388929 
2345398 
2367788 
2397833 
2378619 
2356385 
2377473 
2391220 
2353365 
2402831 
2372683 
2382004 
2412933 
2459276 
2399447 
2410799 
2371068 
2385180 
2379764 
2340139 
2337900 
2407726 
2389137 
2348053 
2386846 
2442092 
2435688 
2335349 
2372787 
2407205 
2375703 
2380441 
2438135 
2427148 
2404134 
2335661 
2465888 
2395333 
2344617 
2348158 
2954828 
2647510 
2556647 
2473908 
2384503 
2413037 
2407309 
2455839 
2526290 
2406373 
2328996 
2471980 
2404498 
2486404 
2443707 
2327695 
2526706 
2501869 
2498224 
2429543 
2416370 
2417307 
2407257 
2488591 
2382732 
2454746 
2472345 
2382420 
2373985 
2390439 
2351074 
2499213 
2434855 
2379920 
2428815 
2372474 
2494267 
2498015 
2407257 
2427461 
2399031 
2421889 
2424701 
2363050 
2386325 
2462244 
2340711 
2434282 
2413454 
2417411 
2373776 
2354511 
2412829 
2417255 
2337952 
2405644 
2464847 
2343524 
2341649 
2547951 
2369558 
2345918 
2385388 
2377213 
2392209 
2428555 
2387835 
2369923 
2398874 
2402780 
2370600 
2397364 
2375651 
2349147 
2426107 
2369195 
2371642 
2421629 
2363571 
2388148 
2435271 
2392729 
2347585 
2433709 
2407206 
2341389 
2399551 
2372474 
2375807 
2474533 
2407414 
2381170 
2431678 
2361696 
2371642 
2413245 
2407361 
2368413 
2425170 
2459016 
2408247 
2415797 
2359300 
2348262 
2414183 
2377108 
2363883 
2384502 
2331547 
2402311 
2476719 
2391376 
2381586 
2420952 
2405018 
2369299 
2379296 
2360498 
2332641 
2354355 
2368777 
2360550 
2364456 
2376119 
2365341 
2370860 
2328163 
2351907 
2378463 
2367632 
2423555 
2449590 
2426679 
2401582 
2401061 
2443915 
2406060 
2400644 
2387835 
2398666 
2465524 
2431470 
2433709 
2387471 
2366330 
2445633 
2396427 
2430324 
2363102 
2452663 
2429127 
2348262 
2430532 
2425794 
2437198 
2453548 
2342118 
2401009 
2441884 
2433553 
2425742 
2457141 
2408872 
2470055 
2429388 
2411006 
2399291 
2451892 
2432064 
2440698 
2433046 
2370513 
2438671 
2443201 
2419249 
2402430 
2395973 
2354786 
2447106 
2365460 
2360774 
2337915 
2415657 
2447055 
2356868 
2347236 
2362076 
2419197 
2431069 
2430600 
2409720 
2384101 
2413625 
2461894 
2424352 
2438567 
2391235 
2491367 
2484910 
2437525 
2445440 
2386757 
2427267 
2434766 
2399150 
2400764 
2417478 
2379727 
2424560 
2392537 
2422269 
2457000 
2411803 
2461270 
2441171 
2430548 
2426226 
2349266 
2443670 
2358378 
2448825 
2480172 
2391912 
2442577 
2441119 
2419822 
2399410 
2397848 
2436901 
2443305 
2431850 
2406857 
2394203 
2399878 
2442108 
2455490 
2458041 
2435391 
2450387 
2503655 
2416593 
2363846 
2406284 
2363794 
2431902 
2430288 
2412688 
2378374 
2371396 
2460020 
2422113 
2376343 
2397848 
2426539 
2414875 
2358534 
2354265 
2355202 
2347339 
2305110 
2333281 
2392693 
2347964 
2355931 
2336196 
2363221 
2411803 
2326303 
2346194 
2403367 
2364627 
2478401 
2328907 
2374156 
2404356 
2364262 
2351974 
2408887 
2358379 
2314014 
2348746 
2414563 
2361867 
2440181 
2344840 
2392172 
2405190 
2347861 
2382695 
2383112 
2388632 
2324429 
2399775 
2401076 
2406492 
2451637 
2371292 
2346923 
2406752 
2360253 
2389204 
2430132 
2367907 
2469237 
2407585 
2392380 
2430912 
2337915 
2367439 
2401076 
2360774 
2421852 
2356400 
2351453 
2357390 
2378894 
2409668 
2358482 
2374833 
2420134 
2347131 
2409251 
2357962 
2477932 
2400973 
2322814 
2426539 
2414563 
2394568 
2353016 
2375250 
2392120 
2394099 
2384049 
2368896 
2369001 
2529169 
2331198 
2389777 
2341455 
2354161 
2345413 
2407117 
2406908 
2341039 
2370146 
2392329 
2426643 
2368376 
2388684 
2387902 
2381966 
2416749 
2395557 
2397900 
2371604 
2404929 
2366866 
2385403 
2331927 
2339008 
2361919 
2399722 
2435338 
2334947 
2382279 
2383320 
2364835 
2368533 
2402326 
2436693 
2358796 
2369678 
2424143 
2350724 
2401857 
2393527 
2397692 
2412845 
2359733 
2398317 
2354473 
2409981 
2364366 
2373427 
2362752 
2399982 
2381758 
2358222 
2382904 
2361451 
2326511 
2392224 
2369001 
2466894 
2372386 
2403419 
2454657 
2366970 
2369053 
2444503 
2396285 
2342549 
3420930 
2416854 
2438254 
2371552 
2407481 
2388735 
2350100 
2352807 
2398576 
2411647 
2378582 
2327657 
2392537 
2419509 
2348016 
2302351 
2396598 
2391443 
2340571 
2398733 
2437317 
2368428 
2341768 
2385403 
2368949 
2389413 
2349422 
2360461 
2373896 
2381237 
2362805 
2333124 
2379207 
2360878 
2332500 
2352703 
2352599 
2436588 
2412376 
2332916 
2350724 
2488555 
2358066 
2395036 
2420030 
2447784 
2390193 
2390610 
2442628 
2380873 
2341143 
2338019 
2383997 
2377228 
2360982 
2331354 
2388475 
2427893 
2356087 
2399150 
2504957 
2459708 
2390922 
2470538 
2417478 
2461842 
2380977 
2399306 
2381289 
2435027 
2463926 
2416073 
2368792 
2422790 
2378113 
2421488 
2382852 
2375302 
2347964 
2468300 
2425133 
2411698 
2377697 
2359003 
2399253 
2435963 
2403055 
2500426 
2381602 
2493242 
2398525 
2426903 
2374103 
2438151 
2406909 
2363586 
2403993 
2398056 
2464342 
2409563 
2397223 
2450700 
2341091 
2426226 
2423988 
2377697 
2430184 
2355983 
2372854 
2363638 
2400400 
2409148 
2350516 
2377020 
2383581 
2389360 
2334218 
2345413 
2403940 
2380092 
2349787 
2344528 
2453460 
2409408 
2370667 
2345881 
2332760 
2370147 
2341872 
2451220 
2422165 
2419249 
2386132 
2365408 
2397692 
2406752 
2358691 
2364887 
2384830 
2356973 
2372750 
2394307 
2383060 
2370771 
2366033 
2414875 
2381290 
2363742 
2364991 
2402690 
2469393 
2363481 
2362909 
2339269 
2357858 
2324793 
2345466 
2419405 
2374572 
2361555 
2458875 
2410710 
2373011 
2337082 
2340467 
2382174 
2398056 
2353380 
2324273 
2388996 
2392954 
2364627 
2326407 
2341352 
2374468 
2353900 
2345881 
2432423 
2380196 
2345985 
2321929 
2361833 
2407398 
2440245 
2352300 
2373756 
2393802 
2368651 
2356258 
2454724 
2374274 
2342563 
2368339 
2395468 
2410464 
2333763 
2425200 
2405048 
2327411 
2411193 
2361517 
2385418 
2401456 
2377347 
2428950 
2388699 
2404684 
2401404 
2403590 
2443477 
2349906 
2413797 
2417754 
2444362 
2436031 
2395156 
2431501 
2358757 
2367349 
2391094 
2373026 
2347458 
2424367 
2398227 
2422961 
2402705 
2378232 
2424419 
2454516 
2438530 
2424367 
2352249 
2426294 
2368808 
2408225 
2348239 
2382242 
2391771 
2399738 
2355790 
2427283 
2415879 
2354279 
2450715 
2474980 
2411193 
2401872 
2422024 
2413484 
2403799 
2402185 
2415932 
2360633 
2369484 
2409788 
2399790 
2368286 
2401247 
2399893 
2348031 
2397290 
2378596 
2388542 
2403070 
2425929 
2359279 
2416973 
2360685 
2403070 
2402549 
2364225 
2404372 
2433271 
2346990 
2382971 
2403903 
2350061 
2365111 
2358341 
2396977 
2373910 
2346261 
2427127 
2372557 
2396249 
2370057 
2375004 
2428377 
2366412 
2360424 
2361100 
2423377 
2381668 
2335794 
2348656 
2378181 
2387084 
2342772 
2354748 
2395103 
2376774 
2354175 
2347823 
2407600 
2382346 
2336628 
2335170 
2395155 
2367402 
2399269 
2376202 
2345844 
2389428 
2343605 
2436395 
2427439 
2368808 
2343918 
2338606 
2432646 
2368078 
2342876 
2336836 
2388959 
2358289 
2353655 
2370005 
2389376 
2417286 
2450454 
2362559 
2430460 
2351363 
2405725 
2416660 
2383075 
2370942 
2342928 
2395155 
2423690 
2341366 
2358497 
2422701 
2372035 
2337617 
2360528 
2380471 
2347459 
2347719 
2342459 
2442540 
2400102 
2353343 
2358393 
2388959 
2390313 
2485758 
2369796 
2405830 
2431865 
2346260 
2412026 
2391249 
2371516 
2383335 
2395572 
2367141 
2371463 
2408694 
2379377 
2370265 
2366777 
2366047 
2427908 
2354227 
2337565 
2333608 
2363080 
2407912 
2350687 
2347562 
2405517 
2341990 
2370786 
2401404 
2385210 
2365110 
2358758 
2358289 
2389583 
2375577 
2335846 
2368079 
2387397 
2369276 
2335742 
2322308 
2376045 
2391823 
2390886 
2347563 
2343970 
2375681 
2378649 
2341366 
2419264 
2369380 
2341991 
2352510 
2412495 
2388907 
2347406 
2339647 
2418640 
2414526 
2355321 
2348552 
2425877 
2372764 
2351259 
2364589 
2402445 
2381513 
2322673 
2369693 
2427231 
2383022 
2351937 
2386459 
2397447 
2449778 
2469617 
2421711 
2369380 
2335013 
2352718 
2370318 
2395989 
2349697 
2346782 
2424419 
2360476 
2368495 
2313040 
2355477 
2384481 
2419004 
2344647 
2344178 
2368182 
2402757 
2367558 
2441186 
2393593 
2338815 
2356727 
2358966 
2395312 
2369171 
2406975 
2423222 
2371827 
2341470 
2363757 
2381721 
2395676 
2370318 
2427231 
2365007 
2412755 
2350427 
2406506 
2398852 
2323141 
2359903 
2393333 
2391042 
2399216 
2341782 
2410152 
2378962 
2377034 
2353759 
2376982 
2398956 
2328661 
2342824 
2391354 
2399998 
2383700 
2341106 
2369172 
2382554 
2417493 
2366984 
2375629 
2385626 
2374327 
2342303 
2401248 
2376202 
2343501 
2370318 
2397758 
2401039 
2348813 
2381252 
2447435 
2403955 
2344698 
2346833 
2338034 
3460005 
2386512 
2344282 
2403798 
2371515 
2352977 
2335274 
2387918 
2347719 
2337148 
2351884 
2346938 
2409892 
2412651 
2345636 
2386095 
2374796 
2336211 
2343969 
2356935 
2408329 
2417702 
2336887 
2351364 
2383856 
2388751 
2350374 
2385731 
2372609 
2393385 
2374066 
2346156 
2419941 
2332983 
2350791 
2341627 
2413952 
2439988 
2335951 
2384117 
2421243 
2344906 
2349645 
2324391 
2371307 
2373911 
2336888 
2380835 
2362923 
2383074 
2344959 
2313195 
2440405 
2359903 
2366204 
2338086 
2364485 
2391979 
2368859 
2360737 
2377087 
2384742 
2354488 
2352925 
2407860 
2378024 
2343241 
2339648 
2389531 
2420618 
2463056 
2396040 
2377242 
2355165 
2360580 
2381721 
2407757 
2347094 
2379898 
2412443 
2406662 
2357039 
2359122 
2384689 
2395207 
2349124 
2404112 
2376983 
2443498 
2357319 
2368350 
2401001 
2378301 
2343672 
2350388 
2371373 
2391577 
2368405 
2400221 
2436826 
2416675 
2338412 
2397774 
2397670 
2308315 
2354971 
2387411 
2366062 
2370020 
2364552 
2451928 
2441253 
2318000 
2347993 
2389754 
2400221 
2356846 
2348150 
2348514 
2345442 
2348878 
2353721 
2337683 
2391108 
2364083 
2368406 
2325030 
2408396 
2389598 
2344660 
2352159 
2397878 
2362937 
2343099 
2359033 
2421362 
2400117 
2389286 
2382152 
2367052 
2356481 
2334768 
2358200 
2430631 
2339037 
2385016 
2389755 
2400429 
2401106 
2334924 
2350024 
2384860 
2367416 
2331591 
2365385 
2376373 
2364292 
2345025 
2325916 
2422507 
2377206 
2319406 
2362782 
2398450 
2379184 
2332320 
2317583 
2376684 
2384339 
2398814 
2364239 
2402773 
2394597 
2356533 
2366687 
2364188 
2355128 
2351899 
2321594 
2361792 
2383767 
2374029 
2346223 
2340912 
2425736 
2436566 
2321072 
2350336 
2390639 
2384391 
2365490 
2424278 
2389858 
2334715 
2347265 
2439743 
2404751 
2380278 
2396108 
2420268 
2409125 
2352420 
2352628 
2412510 
2360907 
2363407 
2360282 
2427663 
2355232 
2337579 
2377153 
2379913 
2364448 
2350962 
2330445 
2392618 
2390588 
2370436 
2338985 
2392722 
2353721 
2360438 
2374185 
2385537 
2364292 
2320032 
2362053 
2445575 
2372675 
2333414 
2349763 
2394336 
2406625 
2325291 
2338048 
2336434 
2408448 
2460051 
2358877 
2420320 
2391941 
2362313 
2393087 
2419071 
2388557 
2347994 
2371009 
2396263 
2386162 
2350649 
2361584 
2351535 
2407198 
2402251 
2369187 
2369135 
2343568 
2348410 
2357574 
2418030 
2368562 
2357158 
2354867 
2428652 
2377153 
2407979 
2333987 
2391212 
2386891 
2348046 
2339974 
2371999 
2338985 
2360178 
2370697 
2406469 
2381007 
2342943 
2361636 
2372571 
2388869 
2231302 
2414176 
2364396 
2414696 
2344505 
2346119 
2368666 
2375019 
2366947 
2364656 
2389755 
2422820 
2383037 
2343463 
2349503 
2422767 
2370020 
2365437 
2326957 
2412301 
2389442 
2345181 
2351847 
2386839 
2395847 
2358928 
2366687 
2376893 
2402824 
2324092 
2398555 
2416363 
2415269 
2368510 
2462446 
2514101 
2464893 
2472496 
2525035 
3545214 
2477494 
2493220 
2358252 
2399284 
2351535 
2349035 
2336226 
2345390 
2378507 
2375695 
2373613 
2429849 
2364084 
2348618 
2368666 
2398971 
2411416 
2402564 
2391681 
2421518 
2385954 
2406105 
2443231 
2414905 
2370019 
2378663 
2420372 
2391837 
2373404 
2387463 
2413968 
2365073 
2376841 
2426517 
2415009 
2382204 
2384495 
2363355 
2410427 
2358408 
2373664 
2386266 
2376008 
2379132 
2322374 
2362470 
2359918 
2360907 
2348254 
2357627 
2390171 
2328623 
2344817 
2356690 
2481035 
2382204 
2404126 
2397721 
2408240 
2356116 
2349920 
2370280 
2344193 
2367520 
2369915 
2423757 
2378039 
2343047 
2421674 
2379028 
2404126 
2403502 
2335080 
2416311 
2364969 
2349243 
2349295 
2406209 
2381163 
2352315 
2382100 
2404439 
2374602 
2343932 
2368249 
2360387 
2340599 
2369863 
2336538 
2419174 
2368665 
2351691 
2356585 
2337163 
2375799 
2372884 
2341224 
2380590 
2370957 
2351222 
2338048 
2450001 
2438909 
2338360 
2338204 
2406834 
2360907 
2363823 
2349712 
2426882 
2380382 
2381944 
2367104 
2423028 
2381423 
2337787 
2400169 
2423601 
2384704 
2348983 
2349816 
2396836 
2371634 
2333934 
2339401 
2336278 
2431985 
2378716 
2419175 
2396888 
2357001 
2363563 
2371738 
2409645 
2380017 
2332737 
2331278 
2411884 
2397877 
2411260 
2369499 
2374862 
2407459 
2414645 
2355961 
2396420 
2346536 
2376684 
2374185 
2361480 
2428235 
2303264 
2377674 
2345494 
2401574 
2350337 
2440680 
2416675 
2341381 
2340912 
2371374 
2368769 
2406834 
2360334 
2430995 
2382777 
2341953 
2316490 
2330394 
2422924 
2394858 
2325290 
2352471 
2403657 
2403137 
2342682 
2346952 
2382985 
2367468 
2363718 
2356429 
2398606 
2363458 
2342943 
2359189 
2379861 
2392263 
2327552 
2330254 
2363105 
2383470 
3426461 
2406484 
2366077 
2425021 
2364671 
2443298 
2421689 
2347123 
2406068 
2363056 
2376282 
2409192 
2331761 
2367066 
2385759 
2392164 
2322961 
2327908 
2395445 
2355767 
2333740 
2328637 
2387165 
2374668 
2368992 
2334522 
2342905 
2389509 
2370659 
2338062 
2374200 
2379667 
2415701 
2374460 
2385655 
2368315 
2359098 
2348164 
2419710 
2398621 
2361390 
2357380 
2402891 
2339676 
2330771 
2348112 
2360453 
2375241 
2378782 
2366805 
2340249 
2387946 
2358317 
2354048 
2345300 
2432624 
2362171 
2335667 
2332751 
2361546 
2395341 
2329835 
2327335 
2343789 
2382114 
2344050 
2369617 
2351027 
2377688 
2371283 
2324575 
2383729 
2341655 
2359984 
2337854 
2337437 
2413513 
2391226 
2319941 
2335042 
2405390 
2389457 
2347018 
2342175 
2419918 
2355714 
2328898 
2338895 
2475479 
2438143 
2504274 
2479331 
2430020 
2497036 
2439914 
2471261 
2408150 
2339052 
2498807 
2424448 
2531247 
2326033 
2397735 
2480790 
2382114 
2475635 
2370607 
2347383 
2360036 
2482040 
2437050 
2493131 
2372064 
2331293 
2479488 
2464387 
2392737 
2376022 
2375293 
2370086 
2535205 
2436894 
2328221 
2367587 
2377532 
2339572 
2430541 
2428459 
2480217 
2337437 
2373731 
2388155 
2384718 
2366962 
2405807 
2387009 
2360870 
2434342 
2418616 
2376595 
2391800 
2383885 
2419033 
2394039 
2404766 
2378678 
2354829 
2377740 
2380552 
2335927 
2352486 
2350975 
2413618 
2362327 
2408046 
2377532 
2332751 
2424344 
2433666 
2355922 
2402162 
2357277 
2435071 
2361077 
2416482 
2362067 
2406432 
2384041 
2403724 
2354568 
2497349 
2380916 
2404870 
2363525 
2395237 
2322909 
2408723 
2415909 
2376022 
2360921 
2396851 
2352850 
2356599 
2423042 
2417210 
2368836 
2426271 
2382531 
2367951 
2399923 
2360088 
2412108 
2385968 
2357953 
2388467 
2393414 
2373419 
2409192 
2385603 
2360452 
2386540 
2403360 
2290365 
2390602 
2361599 
2380031 
2356183 
2335927 
2356026 
2457670 
2362848 
2361442 
2456420 
2372846 
2370086 
2455743 
2363681 
2405911 
2393518 
2366284 
2331293 
2373731 
2415648 
2339363 
2375241 
2343061 
2347227 
2302029 
2393987 
2371492 
2413305 
2334209 
2368419 
2382843 
2359099 
2367847 
2381385 
2366285 
2382948 
2415284 
2337802 
2390134 
2351809 
2341863 
2412524 
2383624 
2410650 
2393570 
2356860 
2424188 
2354569 
2905225 
2544786 
2343269 
2364671 
2352538 
2320462 
2389717 
2367222 
2364514 
2349674 
2344363 
2344727 
2370971 
2380292 
2396434 
2326241 
2339259 
2330720 
2361755 
2349257 
2367431 
2376074 
2379667 
2379094 
2425906 
2428875 
2436060 
2444652 
2395289 
2400808 
2441633 
2449963 
2393986 
2442257 
2401641 
2437102 
2423719 
2357693 
2453609 
2349987 
2441268 
2398517 
2426219 
2437987 
2348216 
2455483 
2448141 
2423564 
2437310 
2394716 
2413774 
2387061 
2458347 
2423355 
2361494 
2432624 
2378521 
2430437 
2441475 
2382323 
2410910 
2364826 
2427573 
2438768 
2421480 
2398517 
2420230 
2409609 
2394663 
2363212 
2438508 
2362587 
2442777 
2375501 
2425855 
2345924 
2390029 
2388467 
2385343 
2418825 
2395600 
2361858 
2354413 
2438820 
2350351 
2354881 
2359463 
2416013 
2358734 
2334313 
2382271 
2434394 
2362484 
2388884 
2422365 
2381594 
2363369 
2387738 
2470063 
2392060 
2394143 
2325252 
2375502 
2394039 
2391488 
2350768 
2362900 
2417731 
2462148 
2342123 
2343217 
2365035 
2356547 
2352590 
2379146 
2348892 
2399193 
2319993 
2391227 
2399766 
2411379 
2360974 
2402423 
2411535 
2359984 
2377011 
2366962 
2371701 
2356131 
2352174 
2434863 
2358526 
2335979 
2378781 
2394872 
2395549 
2351756 
2353996 
2394924 
2399871 
2415961 
2374512 
2390810 
2375866 
2327856 
2373106 
2380240 
2359151 
2328897 
2368836 
2375189 
2410338 
2349258 
2362796 
2461107 
2385031 
2362327 
2386905 
2349986 
2374616 
2460118 
2331501 
2388323 
2401039 
2345577 
2366296 
2372394 
2411394 
2379212 
2386033 
2400302 
2360519 
2342554 
2429826 
2414048 
2368017 
2371766 
2424672 
2354686 
2324589 
2365153 
2358748 
2398270 
2346407 
2358436 
2447531 
2375984 
2351563 
2342346 
2388846 
2364737 
2398635 
2340315 
2373692 
2351927 
2340627 
2388898 
2426494 
2375879 
2350052 
2340940 
2394157 
2387127 
2341773 
2376869 
2392543 
2383118 
2388846 
2335316 
2376349 
2375516 
2358956 
2385877 
2394209 
2385149 
2334066 
2351927 
2405249 
2399729 
2317976 
2359009 
2367705 
2372235 
2367705 
2416132 
2405561 
2361352 
2373693 
2386191 
2340367 
2355885 
2332764 
2338700 
2384784 
2409987 
2354635 
2341773 
2402801 
2380306 
2368642 
2409674 
2370620 
2392127 
2338336 
2371506 
2372651 
2379942 
2421026 
2366142 
2410352 
2398636 
2333077 
2355781 
2362706 
2444042 
2321309 
2393689 
2352760 
2417693 
2360363 
2343335 
3445748 
2458622 
2344325 
2363123 
2397177 
2387388 
2363851 
2346355 
2438887 
2382389 
2349271 
2342241 
2410611 
2399677 
2325318 
2330578 
2392960 
2318705 
2353229 
2327713 
2362914 
2406446 
2344689 
2355572 
2518921 
2492677 
2482314 
2524232 
2437742 
2404571 
2379160 
2423734 
2430868 
2454716 
2367757 
2408373 
2422276 
2397751 
2468620 
2413268 
2360310 
2391971 
2430295 
2362341 
2414621 
2422849 
2384836 
2445344 
2381920 
2396344 
2379420 
2421859 
2401186 
2393636 
2402906 
2399052 
2397125 
2376088 
2375515 
2418110 
2364112 
2355676 
2386815 
2408581 
2354895 
2459560 
2418527 
2348073 
2373172 
2408060 
2340315 
2393793 
2352083 
2424931 
2338545 
2370516 
2384419 
2364736 
2312821 
2350573 
2356978 
2400978 
2380983 
2357239 
2348959 
2378535 
2369892 
2392283 
2454821 
2397281 
2361560 
2338388 
2414465 
2373901 
2373068 
2403998 
2375880 
2436023 
2420297 
2338701 
2372079 
2402697 
2376348 
2351354 
2362185 
2392803 
2355520 
2348333 
2423838 
2370256 
2340315 
2347917 
2415142 
2395563 
2346042 
2363539 
2350469 
2414256 
2325370 
2363591 
2391710 
2407852 
2373276 
2343960 
2409050 
2382284 
2330630 
2359582 
2358435 
2376401 
2375724 
2356145 
2341304 
2379733 
2358905 
2398271 
2372652 
2413267 
2359321 
2350521 
2360779 
2397646 
2382181 
2349272 
2329692 
2349740 
2387284 
2291992 
2380515 
2388742 
2388586 
2355676 
2359165 
2379785 
2397437 
2346980 
2393064 
2407071 
2383691 
2405145 
2334587 
2418422 
2355676 
2347136 
2330838 
2353749 
2378067 
2315113 
2334118 
2352604 
2403530 
2436440 
2380879 
2430347 
2379837 
2337191 
2353489 
2414725 
2362914 
2352656 
2349532 
2430191 
2398896 
2347761 
2386242 
2355936 
2361144 
2348490 
2377702 
2509131 
2365102 
2361300 
2362186 
2406290 
2430347 
2364425 
2365934 
2385773 
2349740 
2402801 
2357863 
2394261 
2347501 
2364476 
2369631 
2341096 
2345157 
2343283 
2366871 
2435033 
2385878 
2330682 
2365257 
2371089 
2433211 
2381452 
2416548 
2356093 
2358853 
2388794 
2389784 
2361248 
2347865 
2373433 
2399000 
2437377 
2354166 
2343960 
2377285 
2415194 
2371506 
2413945 
2387232 
2382754 
2396032 
2347032 
2409154 
2422276 
2323131 
2414152 
2385929 
2347970 
2349792 
2379004 
2360466 
2369995 
2356509 
2354270 
2367393 
2342293 
2327192 
2340836 
2377495 
2382545 
2320424 
2351094 
2369892 
2401968 
2351041 
2342659 
2357968 
2358957 
2376661 
2343022 
2393532 
2382597 
2387128 
2356249 
2378900 
2366351 
2378900 
2434357 
2381400 
2370361 
2366768 
2346199 
2345366 
2421964 
2350573 
2347970 
2348907 
2392022 
2386971 
2376505 
2373588 
2380410 
2352813 
2344116 
2367757 
2379577 
2380202 
2330889 
2331307 
2414361 
2356458 
2428316 
2331150 
2397281 
2363539 
2350416 
2338857 
2377390 
2413892 
2417902 
2352812 
2384628 
2336826 
2342658 
2338024 
2407852 
2379577 
2342085 
2374161 
2351510 
2373640 
2347500 
2361873 
2421703 
2371245 
2325527 
2377600 
2395586 
2407557 
2353501 
2359229 
2374488 
2381153 
