959011 
882135 
780782 
802135 
810781 
771406 
685052 
529218 
580208 
537968 
530260 
517968 
507969 
526927 
501614 
519010 
527188 
509011 
511354 
515416 
557032 
513177 
510157 
526302 
523750 
533855 
511042 
508177 
538490 
525365 
508698 
522291 
510261 
522552 
690105 
548646 
524844 
522604 
542812 
512656 
530729 
519583 
532031 
522396 
526771 
513021 
523333 
523854 
524323 
516146 
575573 
503646 
520157 
522760 
523542 
633437 
524739 
524323 
523750 
513594 
513541 
519479 
525313 
519688 
522291 
545312 
510052 
537344 
520573 
517709 
534687 
520365 
531771 
566615 
521667 
537292 
528698 
539323 
537865 
522917 
551093 
537396 
538594 
523281 
537552 
525365 
530521 
532812 
543646 
537552 
529427 
520677 
529844 
525625 
534583 
531822 
522812 
683854 
529375 
523177 
513125 
535989 
524792 
510365 
532500 
508698 
522344 
669531 
517344 
520729 
515989 
520416 
524584 
521979 
520625 
508333 
526562 
533646 
552708 
522604 
537604 
521146 
533750 
531979 
526615 
574427 
522604 
528177 
519948 
537656 
521875 
539115 
549583 
499844 
510938 
523489 
521198 
520625 
510468 
521198 
500521 
513334 
542500 
522657 
511927 
520000 
527448 
520208 
545208 
536875 
537448 
510834 
524739 
520782 
519219 
537500 
540938 
538230 
519583 
536771 
527240 
529010 
519895 
519687 
519011 
510937 
525520 
519427 
510729 
537708 
552291 
507864 
525521 
520052 
527187 
510209 
511823 
519688 
534063 
527031 
528958 
534219 
523854 
530937 
522812 
524896 
540312 
513073 
529323 
539687 
509635 
536145 
510312 
529792 
513854 
527708 
513646 
524062 
507239 
505573 
523750 
517917 
510156 
534375 
521458 
530520 
505937 
524219 
547136 
512188 
526198 
521302 
521302 
517761 
512448 
656041 
513021 
523906 
524375 
494740 
525573 
522605 
523906 
539427 
522083 
538594 
539010 
539010 
521771 
519219 
541719 
534010 
524270 
530625 
518802 
518178 
507864 
516406 
506250 
535938 
512865 
522552 
520364 
526822 
541354 
522448 
532240 
493907 
521719 
505468 
508750 
649011 
528854 
518334 
537135 
515468 
523542 
513489 
524115 
524792 
515365 
572552 
523750 
535573 
1200677 
536718 
505937 
576458 
520000 
523698 
524270 
524375 
521146 
531875 
521355 
520729 
540572 
539896 
526094 
676875 
530677 
523907 
547917 
519322 
508958 
525781 
524062 
508906 
527396 
542448 
529687 
523750 
506615 
513646 
508073 
527344 
522552 
514687 
510208 
665937 
531667 
659740 
542500 
533177 
558438 
541823 
523437 
516146 
525677 
526511 
513229 
517292 
521354 
545521 
528489 
524635 
538802 
514635 
525209 
550833 
513073 
510781 
518594 
524792 
509427 
521042 
537240 
526927 
510886 
537031 
520104 
507656 
520937 
520625 
507916 
524739 
522447 
530416 
537969 
540729 
525053 
525729 
526823 
535260 
521094 
527500 
523021 
525104 
526041 
526875 
529792 
519636 
519584 
532656 
516667 
510156 
504010 
529375 
517916 
522552 
528229 
536875 
530834 
517240 
534635 
528802 
509219 
536354 
532188 
519063 
532343 
519167 
546510 
509323 
519792 
505417 
515156 
538698 
518489 
547813 
581771 
500730 
523437 
542917 
517344 
519948 
513125 
546979 
538906 
523125 
532031 
510312 
546303 
505313 
526719 
578021 
551250 
509635 
495521 
490834 
511979 
528750 
518698 
583229 
521146 
497083 
527448 
527917 
523177 
930625 
612240 
534427 
526250 
509427 
505104 
514375 
509322 
536928 
488437 
518542 
502395 
512032 
751250 
505104 
523125 
506823 
524323 
512031 
537343 
501406 
510000 
523229 
524895 
504740 
503386 
522760 
503385 
507136 
519531 
522136 
508541 
521250 
521302 
522865 
502083 
502448 
524948 
512135 
504479 
521927 
586615 
527188 
519479 
519635 
506407 
530625 
512760 
526250 
656875 
523021 
529271 
517969 
535208 
505938 
505313 
506458 
527917 
517291 
507448 
525573 
522604 
515260 
512188 
523802 
511198 
664896 
511615 
533385 
512135 
506928 
509635 
533177 
554688 
540312 
602709 
600365 
515677 
527708 
510105 
536406 
495208 
514583 
545313 
510833 
558854 
538334 
515156 
541250 
499635 
568906 
516146 
527396 
512760 
514480 
545625 
529947 
511458 
525520 
517031 
526250 
537500 
519010 
510677 
540208 
555833 
518541 
508906 
539010 
545468 
514271 
503542 
539323 
519167 
580677 
533281 
514115 
521094 
522344 
539167 
545261 
528490 
537657 
526719 
540886 
525469 
518854 
553281 
527657 
549115 
679896 
533334 
521979 
540782 
530104 
546563 
506979 
512552 
523959 
526250 
527344 
526563 
505365 
564010 
528229 
535157 
526510 
525938 
507136 
521093 
528906 
511198 
541406 
542396 
504010 
537657 
525937 
522552 
543177 
499583 
550677 
515625 
523490 
539167 
511562 
560782 
508125 
532865 
511927 
521875 
526562 
510833 
521615 
525260 
515730 
542396 
514271 
521458 
515521 
508385 
548698 
527239 
536042 
525156 
523229 
528854 
520313 
522813 
533125 
559114 
529323 
535938 
523958 
552552 
521823 
582083 
526563 
532656 
504531 
523021 
502448 
504531 
512812 
533854 
535208 
538229 
496459 
520989 
509219 
510834 
572500 
500938 
510156 
523490 
519063 
520261 
525885 
523490 
524948 
540938 
520521 
534115 
517448 
540521 
522448 
571718 
494114 
538333 
527656 
514427 
511615 
511614 
521041 
523646 
492968 
520104 
513438 
512240 
510156 
516666 
541198 
517760 
530417 
511979 
531719 
525677 
519428 
530156 
613334 
543750 
518177 
513229 
525365 
538542 
513438 
524583 
539948 
514844 
520990 
542135 
532396 
526771 
547605 
539844 
1238907 
526458 
515000 
539687 
525520 
576145 
501042 
510938 
523333 
512240 
526354 
530469 
513333 
525365 
524323 
516042 
508802 
511094 
527083 
525937 
511250 
530000 
509115 
524792 
495104 
514427 
512865 
530938 
562656 
512187 
543802 
536146 
518750 
506458 
524218 
536042 
539480 
522084 
523333 
526302 
538489 
523854 
698021 
575573 
684270 
546406 
521146 
533906 
508177 
520521 
549011 
515625 
521615 
513073 
525729 
524427 
522291 
559948 
550365 
518281 
516302 
509948 
527083 
510260 
527084 
544844 
511562 
528646 
506719 
522136 
512760 
528646 
518021 
515156 
526355 
504948 
523906 
599739 
501875 
560625 
724948 
606510 
629063 
588906 
518021 
622032 
555833 
639062 
566198 
557812 
565312 
527917 
519948 
512969 
530052 
509375 
540208 
513490 
534375 
510000 
537812 
619427 
614896 
573959 
608802 
567969 
589791 
614063 
638073 
706302 
572395 
525156 
531041 
533021 
530312 
1844948 
740990 
616093 
636927 
651302 
639375 
637500 
605313 
547083 
610885 
672656 
585520 
704480 
679375 
694896 
609896 
652552 
622500 
605625 
593698 
608646 
708594 
603333 
790157 
1477448 
743229 
637032 
646406 
603281 
607604 
562135 
547969 
616042 
586198 
618386 
568021 
610625 
625104 
569167 
507812 
662135 
579532 
601198 
576093 
624479 
631146 
605000 
721407 
723489 
711823 
716041 
729167 
822448 
731250 
637969 
572917 
571875 
533438 
592865 
615104 
589323 
553489 
547083 
530625 
542500 
520000 
552760 
518021 
533906 
530573 
543907 
538177 
530990 
607031 
658437 
635781 
564636 
555625 
556302 
598646 
562135 
614427 
612604 
638541 
635782 
638021 
730104 
621093 
645468 
623125 
597187 
612083 
622552 
604427 
604896 
592760 
568698 
540520 
521979 
578542 
523593 
518229 
509584 
528229 
538594 
512344 
571510 
546250 
698437 
874740 
744219 
637396 
720990 
661719 
660729 
696354 
633333 
660156 
741198 
706145 
716198 
613125 
661510 
771302 
755104 
753073 
733125 
646771 
605677 
679948 
643906 
632135 
590781 
534739 
529635 
539167 
616771 
655625 
533542 
538802 
528906 
524323 
548542 
575364 
515886 
552708 
530261 
523021 
511927 
533854 
559583 
528177 
535677 
517292 
546614 
506198 
539740 
528542 
557136 
519115 
523489 
538646 
509584 
530885 
530104 
584947 
552291 
759271 
541771 
516771 
524271 
518594 
560938 
547240 
505625 
546823 
521146 
527657 
525000 
515573 
535521 
534115 
514740 
533542 
524792 
532552 
528698 
603125 
533542 
588542 
547657 
524271 
558229 
735260 
589687 
550781 
529688 
540260 
547292 
546823 
522031 
526146 
529427 
521615 
556146 
541250 
546875 
536666 
590886 
543386 
527865 
554218 
516145 
526406 
543542 
528438 
567760 
524428 
558438 
545312 
557969 
573750 
571614 
608333 
537187 
531250 
536979 
520209 
533645 
531823 
559062 
519687 
539531 
529115 
524323 
562656 
587187 
601979 
574114 
564791 
564843 
544375 
573802 
549584 
600157 
537656 
513802 
545573 
571041 
570469 
556042 
542344 
594427 
557604 
594375 
641719 
621302 
691770 
762916 
625052 
561250 
586927 
671093 
634584 
748437 
662813 
667083 
606198 
583073 
625521 
660313 
604010 
630104 
618386 
614115 
630260 
672344 
631511 
636094 
659740 
645104 
596093 
681823 
740729 
603489 
586927 
623854 
645104 
700625 
626094 
619375 
602761 
615885 
712552 
1616354 
710834 
567968 
571198 
547396 
581041 
637292 
567344 
591354 
590104 
564636 
571718 
626771 
550833 
578646 
578281 
588334 
559688 
564480 
616718 
570834 
572865 
605000 
564115 
553073 
590313 
819375 
788333 
795261 
658073 
611666 
637188 
554948 
520104 
544115 
524271 
525105 
528334 
508542 
637812 
523594 
531771 
509114 
538802 
529271 
519688 
579166 
535052 
530364 
522553 
531875 
525729 
537552 
577969 
506667 
521302 
518490 
546562 
528906 
532292 
548490 
533959 
545052 
538854 
534948 
548750 
528281 
523333 
597292 
541093 
547552 
535729 
538594 
528854 
517135 
531406 
532552 
527292 
534948 
550625 
553229 
551718 
528073 
563906 
531563 
548750 
532291 
528021 
531667 
534063 
569063 
548020 
530365 
534531 
521354 
520209 
536198 
526407 
571354 
526458 
515573 
519011 
540677 
534115 
528854 
601250 
521771 
530730 
546406 
535573 
539063 
526771 
559531 
529063 
532500 
549947 
544323 
559115 
533073 
531615 
588021 
558698 
538281 
547813 
526563 
551458 
535313 
591094 
535157 
539583 
530469 
528177 
531354 
536614 
539844 
558177 
537084 
536927 
525573 
538906 
560730 
689896 
705469 
722813 
646615 
566771 
522604 
587032 
524114 
526927 
518073 
515938 
517552 
521875 
520833 
555938 
530886 
533385 
507083 
515885 
512552 
510677 
517448 
583438 
516667 
516250 
531719 
517396 
527865 
531927 
606042 
705521 
680937 
568385 
567083 
620521 
816146 
708125 
666771 
674011 
636250 
665104 
763594 
597396 
549323 
548959 
545781 
548333 
532761 
695886 
652136 
537448 
541094 
532136 
515833 
511615 
665834 
590833 
602292 
629844 
614688 
580156 
582656 
551458 
543073 
533386 
589948 
551406 
538750 
602969 
527396 
538959 
654583 
768281 
728490 
651667 
601041 
599271 
533646 
552447 
552500 
601563 
583281 
580729 
569584 
548125 
597812 
531823 
531979 
592812 
570208 
533542 
522032 
519375 
560156 
551719 
600052 
561302 
552291 
524948 
680833 
586771 
525469 
610677 
580677 
552136 
539322 
533698 
546719 
539896 
578490 
526667 
660468 
565937 
603645 
543698 
564479 
609636 
558020 
561198 
524271 
534844 
512605 
545885 
587083 
526355 
544479 
527188 
552917 
537292 
531510 
534948 
628959 
522812 
548021 
539583 
549583 
531979 
538489 
558698 
566458 
677656 
694740 
613386 
535312 
602761 
514636 
517448 
517292 
518802 
523229 
520677 
522240 
537344 
532136 
533229 
520156 
520625 
525938 
541979 
547031 
533750 
530156 
527032 
530937 
534895 
520885 
539531 
561146 
530416 
550417 
526770 
530000 
524062 
528490 
578229 
530208 
529636 
522188 
532709 
520208 
526563 
529427 
548490 
533802 
535052 
517917 
526719 
524375 
537031 
523021 
521563 
551875 
559270 
556771 
570885 
551875 
594271 
544531 
580000 
584844 
578541 
551302 
595886 
588385 
590417 
568906 
598803 
612291 
663125 
675156 
665937 
639583 
1098385 
728385 
679479 
773072 
607292 
624583 
690729 
706562 
780730 
611042 
592968 
11009375 
633229 
557031 
545052 
552396 
534687 
538229 
550781 
536771 
558021 
558073 
540573 
5651771 
635625 
546511 
530104 
546927 
534375 
530000 
538854 
537552 
533750 
6968281 
602395 
589584 
629584 
634010 
559792 
517031 
636562 
561250 
621302 
628802 
567813 
540469 
536041 
4675261 
654584 
660261 
682708 
658125 
567865 
594271 
525365 
522291 
1226875 
564011 
536822 
556094 
522917 
541563 
537395 
593125 
537135 
558489 
611094 
636093 
500000 
514635 
514271 
517917 
547813 
573333 
607552 
602031 
548646 
619636 
627240 
618750 
677604 
624635 
1080729 
596042 
704584 
666250 
591354 
549739 
549583 
2471458 
655521 
694688 
775052 
689166 
744323 
776302 
667240 
704375 
689270 
780365 
813854 
719843 
650469 
570156 
565834 
600000 
677656 
577344 
608594 
537187 
549844 
613750 
567396 
602916 
567083 
566354 
603230 
549740 
556510 
647239 
576250 
559479 
557761 
553281 
592969 
589062 
621614 
598333 
633333 
568229 
597604 
588177 
583385 
678594 
621927 
615104 
575312 
580521 
567292 
610625 
585833 
624531 
610625 
727240 
570572 
562447 
640781 
564427 
552343 
584427 
607657 
595364 
674167 
619583 
603802 
1749844 
648750 
637552 
568437 
594844 
556302 
571562 
576354 
650729 
577135 
612344 
592656 
583959 
598802 
596198 
612031 
561458 
595885 
592865 
574010 
562604 
564427 
3796979 
709531 
622813 
1049792 
604740 
572291 
585469 
634687 
643645 
699375 
681459 
698385 
704687 
798385 
683438 
703698 
662031 
669844 
680156 
652239 
631667 
632083 
812396 
724010 
1685469 
603021 
605260 
730572 
710104 
574636 
582812 
544115 
602500 
546563 
521719 
624323 
569479 
575365 
530625 
561771 
559218 
551146 
649583 
573854 
541875 
605834 
622396 
628646 
612031 
669531 
783959 
711406 
619062 
715417 
750000 
642344 
583698 
562865 
622656 
621406 
716094 
721093 
576875 
629063 
578230 
576146 
586979 
563594 
585572 
605781 
643906 
534479 
525781 
527552 
676302 
719688 
671615 
682865 
703750 
693386 
767656 
682240 
668281 
658854 
674062 
754688 
687396 
692500 
709271 
674844 
649114 
811355 
690313 
664011 
658125 
711250 
677292 
740260 
704479 
696354 
686563 
646093 
806823 
741354 
702709 
694063 
669844 
684011 
742031 
681822 
661198 
662969 
660938 
779166 
715365 
720365 
665052 
675209 
672864 
751094 
677760 
808385 
673594 
627708 
700260 
765938 
699635 
671146 
663125 
718177 
696979 
683854 
705521 
663854 
654688 
659167 
774114 
687500 
649011 
705469 
681406 
687031 
765677 
727656 
679531 
684479 
702396 
755157 
694115 
726823 
664896 
703125 
704584 
760364 
682656 
666094 
705104 
685677 
736771 
705469 
703542 
664948 
646406 
707812 
715000 
648906 
664219 
669480 
687760 
688177 
760938 
703229 
731354 
722136 
679219 
760521 
698281 
623594 
651250 
804844 
723646 
743229 
748437 
737500 
781927 
775416 
734948 
586615 
656145 
763645 
735729 
578698 
777292 
855625 
801823 
666615 
539896 
601562 
672864 
673958 
858177 
742969 
750208 
876614 
825521 
825625 
740885 
720364 
764896 
776667 
742343 
767812 
717604 
930625 
820000 
687656 
615417 
650938 
624219 
658020 
612448 
569895 
600104 
590730 
578802 
587552 
559896 
595208 
667031 
605573 
560625 
568333 
1141198 
784218 
738385 
645156 
546823 
663073 
661667 
614323 
599843 
615521 
12508750 
630781 
512448 
508021 
494167 
469167 
459948 
475625 
489375 
565678 
490990 
485572 
518073 
495469 
478385 
600052 
552292 
549584 
500104 
1966667 
696302 
614895 
560886 
669062 
649166 
585781 
580625 
533385 
613125 
873906 
647552 
672552 
790208 
536145 
602344 
777604 
726146 
627135 
526822 
585157 
735260 
529531 
571510 
587813 
526719 
513125 
1379740 
667917 
684531 
530208 
542396 
547916 
570937 
497083 
571927 
472708 
488333 
481979 
471667 
468698 
575781 
483489 
495678 
506146 
492969 
517031 
504844 
608229 
509375 
501354 
525260 
505104 
490521 
491407 
518385 
500104 
474479 
498855 
502083 
498855 
522500 
486458 
504114 
544688 
519844 
490469 
486354 
497969 
509063 
504532 
484688 
546302 
502605 
510937 
538750 
506927 
485105 
497084 
461979 
572968 
491198 
480834 
473542 
474219 
504115 
495208 
528177 
516510 
704010 
629583 
518594 
535937 
534844 
571354 
519896 
536198 
525156 
543855 
540000 
504271 
517656 
555364 
521927 
495209 
518698 
516875 
500781 
520261 
548385 
547188 
505573 
506041 
536980 
498593 
510312 
505261 
12678854 
604167 
527448 
501302 
515260 
537344 
559114 
605157 
552136 
537344 
498906 
513021 
514584 
538281 
824427 
549375 
522552 
495000 
502709 
522188 
527969 
582500 
563593 
522604 
533906 
496303 
503177 
492031 
478334 
8619740 
619739 
526719 
503542 
520677 
507761 
499948 
534375 
550781 
532552 
507083 
512135 
499583 
473073 
533073 
12648125 
612865 
548646 
552448 
534063 
554896 
567916 
562344 
486250 
481198 
511563 
527447 
485885 
510209 
510729 
498594 
531198 
571979 
536614 
646771 
665677 
637500 
7135730 
1209687 
1125208 
1033230 
910104 
1961770 
1220990 
867344 
1124583 
772500 
522396 
485052 
501667 
484531 
561406 
498333 
479063 
483021 
502292 
483281 
494323 
478281 
529166 
500990 
475782 
498594 
492187 
490886 
489063 
492396 
666563 
563698 
699479 
666042 
666666 
610989 
625833 
608906 
585469 
585781 
576511 
580573 
842292 
571510 
513281 
499375 
522709 
477500 
29356875 
614531 
490313 
810938 
529010 
478125 
486458 
498958 
482136 
491719 
487916 
497552 
481146 
496563 
492500 
8647291 
573333 
505365 
505469 
480260 
459739 
460521 
8896667 
569427 
473646 
497761 
838437 
524532 
519531 
531563 
491614 
474895 
504428 
496042 
481927 
10929375 
608907 
541771 
3389636 
590938 
536719 
601146 
568125 
525885 
495886 
518958 
724323 
523802 
2782136 
577969 
470105 
458906 
501562 
4195886 
1346510 
1426927 
1033542 
949115 
1846250 
9422292 
632188 
628542 
577448 
548750 
511093 
574271 
594219 
631823 
636198 
614532 
537864 
536458 
582968 
630209 
590365 
566771 
550521 
475573 
468594 
510469 
597761 
646354 
540104 
577187 
707709 
767968 
7961042 
1045781 
903854 
701459 
1098229 
1245729 
1941979 
652032 
730521 
547396 
503490 
490834 
458489 
5818125 
935521 
868802 
839948 
872969 
695261 
682552 
880729 
778334 
686354 
807500 
759063 
684427 
675573 
695833 
783437 
706042 
676615 
889688 
797760 
722448 
677552 
686927 
673334 
736197 
740156 
705990 
794479 
852032 
685208 
668750 
736770 
726823 
685625 
695938 
699427 
741511 
757760 
922084 
722969 
684844 
731511 
706875 
675885 
697605 
730104 
735729 
718385 
781615 
778438 
696875 
676093 
759844 
704583 
696823 
711198 
706042 
723594 
684480 
829479 
720677 
667969 
720573 
758959 
710781 
676771 
708073 
670417 
876302 
1484063 
900573 
837396 
904479 
669166 
612656 
534635 
507657 
499114 
483959 
517396 
483073 
472292 
452187 
488594 
493854 
465886 
473854 
508386 
465261 
479479 
476771 
497188 
466198 
518438 
519167 
540365 
469062 
494635 
454584 
462865 
482240 
464688 
463386 
495573 
488333 
461458 
1217187 
478073 
468125 
470156 
530417 
468594 
472657 
476250 
471980 
626198 
704531 
554479 
512448 
505989 
476198 
448594 
487604 
476459 
452292 
449531 
533021 
495677 
476511 
480677 
464271 
453750 
456093 
474062 
598958 
497292 
460157 
466042 
472865 
468282 
539427 
549792 
561406 
457448 
456094 
525157 
715469 
749948 
686354 
466979 
484011 
468021 
516927 
548385 
455417 
455729 
477604 
481615 
529948 
460886 
471458 
474375 
487864 
502709 
733073 
528854 
483645 
534479 
502709 
547396 
535834 
524323 
517708 
601823 
541302 
474792 
450208 
472552 
469011 
508854 
474375 
482292 
459011 
443333 
451198 
440729 
467135 
460573 
492344 
465573 
443750 
474792 
460677 
459010 
465729 
462656 
454375 
516928 
473333 
469843 
494739 
519948 
508646 
499583 
538073 
537031 
499218 
505209 
486354 
488073 
461250 
474583 
527500 
516927 
510052 
525677 
484062 
495364 
510469 
500833 
492917 
490677 
509844 
504948 
483386 
488438 
476510 
470573 
499479 
503489 
494948 
509219 
550364 
519218 
514792 
509271 
598125 
516303 
563698 
665677 
653125 
637657 
639843 
563645 
543281 
556927 
573802 
546355 
549271 
585625 
592865 
589792 
540938 
532604 
505209 
489531 
495208 
535468 
519948 
462448 
464739 
466198 
467187 
465312 
473542 
533177 
451770 
458645 
467396 
460417 
471146 
460678 
458907 
514271 
482500 
472292 
460573 
469375 
472604 
466927 
479167 
460989 
524427 
490313 
478073 
466823 
450364 
477240 
459219 
459323 
516615 
494375 
521198 
487396 
508698 
476459 
461354 
502500 
510782 
459636 
466563 
464739 
467344 
557500 
561146 
532239 
489011 
461094 
478177 
461875 
581302 
460885 
475105 
458125 
482656 
458125 
457448 
470834 
433646 
469740 
431927 
470364 
456980 
554739 
445521 
462188 
454740 
443594 
464063 
460260 
456666 
537448 
526093 
466823 
512865 
502448 
497291 
505833 
523178 
529896 
521771 
531666 
478073 
455416 
474323 
554948 
532656 
542604 
557761 
514427 
556302 
523281 
507396 
468855 
494531 
467709 
476355 
455937 
437031 
451979 
453645 
496511 
534375 
525781 
489688 
481198 
451354 
454427 
450885 
455468 
447917 
526510 
530052 
526146 
526041 
531719 
497448 
502552 
513490 
482188 
474740 
494270 
477343 
454531 
456927 
452813 
465885 
510677 
452968 
464375 
447344 
457396 
449479 
497708 
489271 
518073 
509740 
468802 
457865 
456094 
452656 
455104 
449948 
490990 
449479 
453906 
459271 
451354 
452656 
450729 
470000 
471146 
518802 
514948 
494947 
489791 
517500 
519479 
486406 
462083 
497032 
460937 
459427 
462761 
449114 
447708 
454271 
485208 
560469 
518646 
464167 
462865 
449844 
469636 
457761 
452396 
442969 
503385 
449532 
445833 
461458 
453073 
453750 
512135 
488333 
559688 
499844 
485000 
439740 
461093 
453438 
458385 
452500 
449532 
540989 
493073 
495520 
587500 
523802 
529375 
491927 
551980 
502656 
506980 
487187 
464010 
448073 
474375 
463541 
498542 
466406 
465260 
452500 
451042 
451719 
472135 
492865 
490209 
562188 
475313 
460000 
471146 
520104 
424584 
449063 
458854 
490208 
460209 
460521 
450625 
453593 
440625 
455573 
460781 
472552 
537239 
483906 
501823 
496250 
477760 
519844 
510261 
625937 
500520 
471718 
496458 
456094 
457708 
470730 
514427 
543854 
516511 
472136 
458333 
457605 
1186250 
465104 
489062 
472188 
457865 
456615 
459532 
457240 
487969 
485729 
497656 
536302 
455365 
486979 
452240 
458125 
463593 
456093 
452917 
485000 
471979 
494948 
487031 
476041 
475989 
531041 
547083 
575990 
514948 
523489 
510000 
472812 
459323 
463281 
454375 
441407 
464479 
461875 
458906 
449479 
455781 
538854 
524323 
519063 
454687 
430834 
479375 
475000 
475469 
470208 
467968 
469948 
516875 
449323 
485000 
454062 
453750 
475364 
509688 
487135 
505469 
472136 
503125 
511198 
490521 
533906 
497969 
490833 
575677 
474479 
461615 
466615 
517708 
494323 
499739 
483542 
546823 
471979 
474428 
440313 
456407 
459739 
454531 
451042 
470416 
472708 
458593 
456667 
459011 
479583 
483021 
486667 
477500 
513073 
456354 
466563 
452344 
460521 
464635 
450417 
453594 
483958 
465105 
471094 
483177 
507864 
504375 
545261 
521823 
569219 
510364 
489531 
484479 
469323 
439427 
465000 
453593 
456927 
453333 
462344 
453021 
452656 
462031 
450938 
515625 
489166 
540989 
463229 
445313 
455625 
454115 
455677 
462292 
451459 
447083 
448958 
463646 
456042 
456510 
475000 
491458 
481041 
475313 
562136 
461979 
487344 
491458 
455156 
481823 
516562 
547291 
532604 
469948 
474896 
454531 
441666 
497812 
493385 
494844 
559948 
492240 
452083 
454427 
456093 
454219 
444479 
451822 
475781 
454011 
451302 
456406 
437552 
457656 
491354 
526303 
471146 
520469 
474114 
456666 
451355 
461927 
451927 
451250 
451614 
482032 
486927 
500989 
517448 
535781 
563333 
655104 
537605 
491562 
466614 
471823 
455573 
463021 
462969 
445261 
451979 
462344 
472708 
452917 
515781 
500677 
488750 
484062 
469792 
497239 
455365 
452813 
457448 
452291 
450260 
457813 
450990 
449010 
468646 
465990 
460000 
470416 
487447 
473958 
461562 
459427 
516823 
467239 
498906 
520469 
496250 
502917 
519636 
517552 
563177 
474323 
513437 
495417 
541719 
486042 
452656 
458906 
494010 
468594 
449844 
450208 
468438 
452344 
449792 
461146 
448645 
521614 
441875 
479063 
510937 
474740 
467813 
457344 
451823 
485260 
466354 
442136 
453125 
452395 
450520 
447916 
442083 
460364 
487135 
525625 
533594 
526771 
478907 
490469 
495937 
478438 
541094 
514010 
503698 
456459 
487865 
450208 
444219 
453958 
510989 
457604 
472291 
543906 
499584 
466458 
471406 
455156 
500365 
463906 
459323 
441927 
453907 
464375 
451250 
449740 
442448 
505677 
481094 
498281 
511823 
466615 
467344 
473489 
454323 
477083 
533333 
509219 
479167 
476771 
489584 
497552 
480104 
541406 
507084 
529792 
520260 
505364 
484115 
474739 
456980 
506928 
462240 
448906 
460781 
451094 
451719 
457968 
442395 
476146 
468333 
476458 
489948 
480677 
478489 
457709 
454271 
452136 
515625 
458541 
452916 
462448 
451459 
451458 
494114 
462240 
472291 
464948 
496614 
543542 
564843 
503073 
508594 
520312 
637708 
525781 
465677 
457083 
465105 
454636 
453437 
448854 
481562 
514219 
508281 
530000 
467865 
457656 
458541 
463385 
492760 
456145 
462135 
452344 
453594 
451719 
461406 
456302 
452604 
488333 
471719 
518437 
495834 
464739 
462084 
469166 
446719 
504479 
462969 
525937 
515052 
505677 
538646 
522135 
484844 
540208 
499584 
515052 
520781 
488177 
459115 
449323 
464218 
478750 
467969 
449896 
1176250 
458958 
461145 
453385 
451823 
466354 
534895 
469115 
460469 
465937 
452552 
450990 
512136 
456771 
454063 
457604 
463021 
455469 
452240 
459115 
443750 
459896 
458490 
494010 
513072 
514688 
521510 
506094 
511354 
543698 
479688 
454011 
454427 
461354 
452135 
452136 
444167 
481875 
472864 
529166 
520052 
463750 
463594 
471458 
448541 
454063 
515833 
457656 
452187 
451563 
456562 
456719 
444636 
457292 
506927 
505208 
507916 
463021 
462865 
454843 
452031 
452344 
447813 
516875 
477656 
479375 
493906 
490625 
498854 
523125 
489740 
604271 
523021 
527031 
562969 
517136 
500052 
482031 
504219 
455989 
445156 
445625 
455208 
456354 
462553 
453698 
472396 
539792 
489166 
480781 
460573 
477292 
453073 
458385 
473230 
470208 
445468 
454792 
465104 
457761 
453802 
463646 
456928 
437760 
590156 
512292 
486823 
501614 
504271 
519844 
490625 
533125 
519375 
514323 
494375 
463021 
451771 
453854 
462448 
464844 
519010 
505729 
481198 
436927 
458698 
461302 
437344 
453958 
482343 
470416 
455104 
449114 
460156 
458281 
450781 
458386 
492604 
482032 
497240 
461250 
455938 
448906 
477344 
461563 
454479 
476250 
486250 
483230 
495209 
546041 
505937 
498177 
543646 
554010 
521302 
515365 
517760 
469635 
463125 
455990 
455677 
558750 
455520 
461094 
450105 
448542 
467552 
450833 
453229 
521511 
524896 
488802 
461146 
473958 
447916 
455052 
460729 
490104 
465157 
457396 
452865 
451875 
454011 
472187 
453646 
453802 
511770 
522344 
507969 
514635 
518021 
486562 
515417 
555885 
537135 
478594 
457500 
478437 
455365 
450833 
480677 
455833 
513542 
503645 
496094 
496250 
476667 
489531 
457916 
450989 
508177 
468437 
455052 
450834 
472552 
449740 
452760 
465886 
443177 
541927 
482813 
489479 
474115 
458958 
465260 
452708 
453386 
470104 
478021 
462605 
474584 
498177 
474740 
516823 
491771 
584531 
545989 
493594 
483906 
455521 
446146 
461198 
450156 
503750 
468646 
462291 
483125 
470573 
473750 
455937 
486875 
459479 
502604 
460729 
451198 
459271 
449532 
449948 
457605 
449688 
465781 
452968 
464219 
463542 
454375 
464115 
453021 
454532 
476771 
574428 
517865 
489791 
506041 
505886 
480938 
519219 
584843 
481198 
463021 
468177 
457135 
459427 
453958 
460364 
500885 
562292 
528072 
495730 
460678 
466354 
451563 
457708 
452083 
470677 
452448 
452709 
475104 
465885 
453230 
465104 
452396 
447083 
500208 
459270 
456250 
445573 
460729 
446875 
450104 
474687 
456823 
468750 
507396 
511354 
486146 
461667 
486823 
513333 
634427 
492656 
528802 
511198 
536875 
540833 
488959 
485052 
537240 
467657 
467708 
460365 
493021 
483021 
466823 
482709 
553906 
523177 
497865 
538958 
515469 
499583 
520521 
560729 
506458 
519531 
565938 
540156 
516510 
601406 
578229 
643541 
678386 
622032 
607396 
648854 
703907 
762448 
622344 
577969 
523906 
515990 
485938 
608958 
506511 
479479 
510312 
517760 
516719 
471407 
461093 
558282 
470573 
462969 
442291 
449375 
451094 
445782 
445937 
452864 
473698 
462291 
451719 
464218 
451927 
454948 
445156 
456250 
454062 
497032 
480312 
488333 
460053 
465000 
463854 
455989 
454896 
474896 
462760 
453490 
454063 
464895 
448594 
443125 
458333 
455156 
490261 
466719 
451250 
451094 
460365 
1242188 
616823 
484479 
458646 
458385 
463750 
452656 
451614 
454583 
451667 
469635 
461042 
461406 
493438 
464583 
450625 
540521 
467188 
484010 
454375 
469792 
471510 
485000 
452031 
456302 
450000 
453802 
489323 
450729 
456823 
449740 
447760 
453489 
460313 
475677 
480989 
477344 
452031 
450313 
467604 
454688 
471094 
442708 
460260 
488229 
451771 
457709 
461979 
451458 
446302 
495729 
495521 
525156 
515000 
541927 
482500 
483229 
544635 
528281 
506042 
618386 
547708 
503385 
502708 
470625 
488490 
474479 
483802 
533854 
476980 
480364 
496979 
470000 
500885 
498177 
506823 
645990 
572604 
510417 
524323 
519896 
505104 
494740 
522396 
487813 
500156 
506875 
526667 
498177 
484948 
503958 
544844 
488021 
488906 
501041 
487969 
479479 
495156 
472760 
549583 
490834 
538698 
491250 
480208 
508594 
508593 
645364 
583229 
601927 
570468 
518958 
558021 
534584 
583594 
578802 
531302 
528906 
512188 
518333 
550729 
514896 
603958 
525990 
527187 
561197 
579011 
532083 
547031 
577136 
538698 
559167 
551771 
504636 
482708 
478281 
579062 
537240 
514063 
528177 
518229 
512917 
514531 
516094 
544739 
504063 
508854 
511146 
512136 
497395 
528698 
608438 
607188 
707552 
665573 
598646 
562031 
575625 
579115 
539427 
530781 
530209 
502813 
484792 
462656 
538021 
482605 
487656 
543490 
535416 
542396 
471407 
463021 
528750 
493646 
520312 
468542 
496979 
525052 
503334 
486198 
509844 
471718 
504479 
565417 
562761 
539584 
566979 
654479 
630313 
624740 
617605 
613021 
552812 
627240 
674219 
707396 
674063 
535520 
572552 
463489 
563073 
466510 
466354 
461302 
461302 
449688 
549896 
663593 
769948 
657813 
648021 
465417 
476823 
468854 
458750 
508333 
519896 
494635 
480573 
464114 
493594 
493073 
455573 
505104 
494011 
497448 
509583 
508698 
468229 
474844 
479948 
511042 
485313 
460937 
467812 
465886 
471719 
468385 
467188 
502604 
466094 
488542 
480938 
487448 
470521 
472708 
479167 
534948 
502292 
473229 
475625 
485052 
448125 
459271 
470365 
487292 
526719 
463541 
570782 
633750 
477760 
483334 
491407 
496666 
463854 
483698 
477500 
516667 
597552 
574011 
587188 
625364 
508125 
508229 
555886 
717865 
693802 
709270 
719896 
690990 
578178 
503750 
486667 
459271 
472031 
470052 
450989 
444687 
455834 
457084 
456666 
453594 
463542 
496198 
466458 
463906 
447448 
444844 
445833 
450625 
443594 
497083 
466458 
470469 
453854 
452084 
468333 
443073 
451250 
461771 
452395 
450937 
457812 
451875 
452292 
447448 
454688 
452969 
444635 
484219 
437187 
453646 
447708 
462552 
441927 
433906 
457239 
449375 
463333 
448593 
449583 
449844 
449271 
454635 
456094 
448281 
486563 
464635 
451563 
451667 
457396 
452812 
449063 
449791 
453958 
468958 
456927 
472708 
451719 
451875 
442344 
452812 
443490 
454739 
469427 
500573 
670417 
663177 
466979 
442969 
459375 
486719 
433125 
421667 
448542 
423177 
417344 
429167 
422344 
422813 
521042 
454740 
465260 
472396 
477552 
471510 
462187 
482605 
474427 
510677 
461406 
480833 
460313 
457760 
487135 
474896 
474636 
497969 
459687 
465469 
456614 
462187 
457552 
473490 
481302 
510729 
454375 
468645 
482083 
449792 
463750 
488073 
458334 
443177 
480364 
474479 
463542 
469115 
438125 
1233125 
493646 
556563 
483437 
469427 
458333 
469739 
460105 
470469 
445313 
503906 
473802 
477708 
462761 
456614 
468646 
458854 
451250 
495365 
455937 
467396 
460989 
456875 
467187 
459584 
456041 
458698 
475052 
474115 
473073 
459583 
451615 
478490 
464011 
456823 
520260 
486250 
469844 
481250 
456042 
462136 
470365 
488907 
459948 
516875 
461197 
472292 
467292 
468021 
496198 
463802 
460677 
530416 
452343 
476823 
461042 
484271 
446093 
518542 
572500 
609323 
461458 
519375 
464323 
471875 
524896 
508437 
435104 
515156 
521562 
538646 
511615 
525313 
537135 
553802 
591927 
521407 
544480 
516041 
559688 
502708 
523959 
485989 
559010 
505833 
553854 
498177 
530521 
505573 
485678 
542865 
497500 
513073 
536510 
483959 
494375 
515573 
560104 
559948 
545521 
537344 
485260 
501146 
482344 
502292 
491510 
543958 
469948 
459062 
464479 
473177 
482864 
491667 
516459 
620157 
560782 
562969 
633594 
554166 
562709 
536146 
570573 
506667 
492396 
491198 
501145 
497969 
497291 
537917 
485521 
476407 
510417 
518802 
466406 
485208 
481875 
531041 
491510 
499427 
489792 
519843 
528594 
506042 
498490 
548386 
519844 
501094 
511615 
523229 
525573 
546354 
520312 
552916 
597969 
559792 
619271 
644740 
623645 
587239 
522968 
535886 
516094 
503073 
496459 
485781 
504011 
582239 
498021 
483542 
534062 
493542 
515677 
529167 
539583 
494843 
525781 
631302 
668646 
642709 
701823 
732917 
700468 
664323 
508125 
461719 
477656 
476928 
542083 
476614 
474219 
472343 
486407 
471197 
453021 
465729 
531562 
524167 
467865 
488542 
468802 
461458 
474114 
462552 
482657 
453281 
477552 
473593 
468125 
460937 
466302 
470469 
532448 
471250 
475313 
470156 
463125 
492292 
476042 
474479 
465209 
522031 
459010 
467760 
488906 
470989 
470937 
461771 
464896 
491928 
455833 
490625 
454480 
465416 
568282 
630781 
612709 
620052 
496927 
467604 
482761 
499531 
466562 
470052 
511145 
480989 
500521 
457084 
484583 
455156 
476563 
535781 
556771 
471928 
464479 
473646 
482396 
586511 
645052 
621875 
575885 
476875 
462969 
464010 
443177 
459948 
452500 
455677 
517084 
526927 
526250 
517396 
525573 
483177 
479271 
517864 
528386 
472760 
455000 
464167 
451719 
450312 
447761 
445782 
483594 
457760 
460105 
446875 
448854 
483021 
440677 
447708 
447760 
454375 
451197 
460104 
461979 
445625 
452292 
457136 
450625 
447448 
496979 
456354 
431771 
450730 
448333 
446771 
450052 
455156 
466042 
452969 
447812 
457761 
449583 
449479 
457656 
447031 
446614 
474843 
455573 
448230 
449844 
462188 
448802 
449687 
451302 
453125 
457916 
454531 
455938 
447761 
447916 
455729 
443229 
448177 
448333 
475990 
448178 
440052 
456094 
450000 
439166 
440677 
451719 
569792 
649479 
670677 
487136 
444479 
440937 
435052 
435885 
485052 
458959 
425677 
433750 
439323 
424427 
451823 
454948 
484271 
487709 
485052 
474271 
456146 
467187 
466198 
477813 
452135 
497916 
481719 
462969 
458698 
463906 
456875 
465364 
463020 
475729 
546719 
458593 
475209 
455312 
465834 
464740 
492969 
477188 
519323 
474375 
467917 
461875 
478594 
469843 
461562 
487188 
533177 
478125 
477188 
465625 
466510 
468072 
459740 
489584 
474375 
507135 
484687 
473802 
478385 
468177 
471354 
1241458 
495990 
462760 
455469 
463281 
444844 
449635 
448802 
456406 
459948 
453385 
460313 
447761 
447656 
444531 
515625 
423490 
446145 
507344 
450156 
449062 
464219 
455677 
452084 
447031 
456093 
470521 
454792 
457709 
448229 
450990 
483334 
421614 
446563 
450208 
464271 
452917 
451406 
472136 
453750 
452136 
446198 
454375 
443594 
453333 
459948 
447761 
448802 
448229 
455000 
452240 
449167 
480417 
446354 
454166 
449740 
455521 
448750 
455105 
461510 
450417 
480052 
464427 
447448 
451250 
442656 
459375 
447812 
448385 
460157 
453333 
451510 
440417 
454740 
452708 
451563 
456979 
449948 
447812 
480416 
446094 
477656 
467969 
461354 
453177 
448802 
461927 
477188 
451406 
447656 
463489 
452605 
451562 
460937 
451875 
449687 
492969 
454947 
450521 
450000 
457604 
453281 
454636 
466771 
438906 
467135 
451563 
458698 
450313 
443750 
450208 
448125 
452448 
479167 
454063 
453125 
446928 
460937 
450209 
447448 
454010 
448229 
474844 
450625 
461719 
434583 
450052 
455938 
449219 
450052 
445625 
451250 
448958 
451459 
457136 
434635 
451823 
454010 
448230 
452291 
493489 
458073 
450260 
450677 
450937 
453698 
452240 
451406 
481770 
449687 
452448 
455729 
463542 
451042 
460365 
450886 
451563 
476302 
464375 
434531 
454635 
462552 
451771 
450781 
448958 
462552 
498334 
451979 
457969 
450520 
452500 
452969 
453854 
440989 
476458 
455417 
497865 
417708 
486042 
491875 
486198 
461406 
463645 
483594 
463594 
462500 
449063 
455000 
455729 
459584 
458802 
527031 
466354 
434427 
453438 
446042 
454011 
448021 
443386 
460208 
475885 
457917 
464635 
452188 
452604 
447708 
465417 
451771 
455312 
500937 
448594 
450365 
456563 
448281 
452031 
449115 
472552 
476302 
453802 
458802 
442448 
450521 
445365 
447552 
447187 
433541 
488230 
461458 
448489 
449688 
455938 
449739 
438802 
457969 
446562 
449218 
448958 
450834 
450729 
450520 
455208 
443073 
465313 
452188 
476406 
452604 
451042 
472760 
454479 
451250 
458282 
452240 
466875 
475886 
451198 
435833 
449427 
456718 
450625 
450208 
454948 
452031 
449584 
448802 
453177 
447916 
448854 
457083 
448073 
448386 
486666 
452761 
447240 
452031 
454271 
450990 
445209 
456250 
450365 
481510 
447604 
452292 
445781 
447864 
455365 
442657 
453021 
479375 
514896 
509062 
497864 
509270 
485677 
493073 
507813 
584636 
526563 
483437 
500677 
489271 
461198 
494271 
468385 
520521 
494010 
505156 
480156 
479427 
484531 
470990 
458281 
511666 
475208 
473593 
467032 
501355 
469427 
484219 
522969 
535104 
530364 
510782 
534844 
504636 
493750 
513645 
531667 
604166 
585885 
627344 
563594 
504688 
500989 
496666 
504479 
496250 
492448 
497188 
531146 
551770 
500521 
504844 
583177 
543593 
541042 
542760 
541146 
496823 
532136 
592812 
521250 
522552 
535729 
530052 
521927 
526510 
584271 
593593 
549427 
600312 
653490 
597448 
582916 
619844 
527240 
484636 
500104 
488750 
489167 
502291 
495104 
508386 
487552 
507135 
493437 
511511 
677813 
702761 
747865 
707917 
673907 
689531 
678698 
691719 
676146 
676407 
601198 
579688 
522240 
508385 
558854 
501094 
488229 
491875 
477500 
482396 
475208 
518438 
608542 
544583 
529896 
520104 
504167 
490573 
486823 
551146 
513386 
508645 
482552 
1317031 
577604 
504480 
484166 
491771 
473750 
474479 
481302 
466042 
473229 
472187 
491979 
478906 
458490 
467813 
474584 
479115 
562500 
613177 
497916 
466354 
476927 
472396 
467813 
479427 
477812 
465833 
525781 
484896 
486407 
497656 
497500 
560156 
461094 
533021 
491198 
487344 
505261 
491719 
477604 
468125 
479375 
470730 
514792 
458072 
492396 
572657 
6545782 
679895 
526666 
454844 
452187 
466927 
445156 
495469 
469323 
441718 
444843 
456771 
452969 
432448 
447760 
455469 
491875 
504427 
491615 
469948 
457605 
480729 
457605 
454270 
522604 
476719 
458021 
449010 
457552 
449531 
449792 
447709 
463281 
451667 
475886 
484635 
470521 
451250 
454011 
490469 
471980 
497344 
476823 
454895 
450261 
446823 
448802 
457656 
445729 
454584 
433594 
459323 
449532 
467708 
445938 
444584 
458281 
447031 
440416 
504114 
483854 
468906 
463750 
471250 
449895 
451198 
457292 
450990 
453854 
458073 
447239 
454427 
447239 
455261 
447032 
447656 
478021 
452708 
451250 
448072 
464427 
444323 
450833 
458750 
449219 
482500 
459323 
448229 
445417 
485625 
632761 
632656 
548072 
482187 
428020 
428073 
422864 
454375 
420730 
422708 
467084 
509479 
480677 
466458 
462916 
473385 
465990 
483437 
457240 
513854 
483906 
476250 
450105 
467709 
474532 
468125 
510104 
502292 
536563 
462708 
468645 
463958 
467604 
465364 
472761 
458750 
501667 
462500 
463802 
467240 
455937 
481927 
467031 
469583 
513855 
454323 
487500 
463541 
467812 
467291 
451563 
481562 
458854 
496875 
499323 
488490 
480833 
473750 
474427 
469323 
506719 
552396 
518646 
529010 
537813 
554270 
543333 
522969 
544687 
503125 
507968 
527604 
522136 
489479 
509375 
541927 
602187 
531980 
543697 
502032 
558438 
559375 
565469 
562761 
549167 
567605 
537135 
513750 
519583 
529896 
538802 
619792 
614844 
526355 
556458 
546093 
531458 
548541 
510729 
540833 
531719 
550573 
548855 
542188 
521927 
528594 
489479 
475833 
520000 
524791 
532708 
516563 
550885 
552865 
548177 
529219 
553958 
525052 
501146 
507500 
531458 
492448 
476093 
480208 
492187 
477865 
502657 
514531 
596250 
576354 
562500 
551406 
513541 
552917 
501875 
552761 
581771 
548802 
529792 
510156 
547239 
516042 
540469 
538646 
573802 
564219 
533594 
561354 
524323 
536406 
558698 
520416 
536770 
554115 
498490 
493802 
498177 
557500 
514427 
494583 
520885 
535833 
512031 
507917 
585989 
512604 
542709 
534063 
536667 
500677 
493073 
550625 
520781 
505781 
512187 
485781 
481094 
518281 
515209 
506823 
1082552 
1170677 
583333 
516979 
530104 
591458 
526771 
475937 
517083 
482708 
500104 
560052 
533490 
503125 
531250 
519948 
543855 
564948 
559323 
527865 
608490 
12554479 
580416 
494218 
482292 
519948 
492500 
7911406 
630781 
473021 
473594 
472760 
460052 
476875 
475104 
466667 
908646 
500938 
491875 
479687 
462344 
444323 
485417 
450625 
516770 
483385 
461302 
488438 
451771 
479167 
466979 
462552 
673386 
666302 
659532 
661407 
664739 
670625 
698281 
694688 
679271 
680364 
673073 
655677 
744948 
681146 
690573 
658698 
662136 
698646 
693385 
672083 
664062 
658177 
642344 
700260 
684271 
656666 
18576198 
618437 
494271 
454531 
445573 
557083 
670781 
644480 
706875 
657240 
675312 
653125 
674218 
16732865 
1270521 
626562 
667917 
669584 
680573 
700053 
667813 
18740625 
650156 
535625 
541458 
585886 
513750 
892656 
785782 
800521 
765521 
743490 
723854 
740729 
724114 
733542 
685521 
17848333 
538177 
480677 
474219 
497240 
688021 
709792 
775469 
795105 
805677 
992448 
1030156 
1069844 
577657 
518437 
483177 
512083 
584948 
516927 
495885 
504323 
534844 
499271 
539010 
949219 
1251458 
797917 
1580989 
733750 
684896 
660781 
679896 
656354 
685209 
686459 
672083 
695156 
701563 
683385 
772292 
725208 
655885 
672656 
652396 
659740 
703073 
649479 
666928 
661979 
649375 
656303 
699166 
671094 
669114 
643177 
688854 
655313 
700937 
674479 
674583 
659115 
646146 
687084 
673542 
635990 
651719 
677500 
650468 
669115 
681302 
641250 
18654323 
602917 
528281 
462865 
605417 
719688 
703229 
820365 
759583 
677864 
668073 
664479 
853906 
699792 
672656 
677344 
627448 
664427 
672865 
686823 
645053 
652083 
657812 
680937 
682917 
649739 
638385 
672813 
659948 
671198 
684167 
661615 
655104 
657448 
650677 
678906 
723541 
658750 
664896 
642813 
659792 
640156 
702135 
654739 
675677 
652604 
665729 
640156 
695260 
667969 
650261 
683542 
652500 
657917 
696406 
666667 
659375 
635677 
640468 
677864 
589843 
508750 
576250 
717344 
716771 
613854 
742917 
821198 
795573 
778490 
1100781 
806771 
765209 
741771 
739792 
753802 
714166 
747396 
730938 
753125 
719479 
739271 
759531 
759167 
718437 
741458 
773020 
759583 
733437 
784843 
811562 
790730 
747917 
743698 
824843 
770833 
708593 
838333 
998803 
906563 
795260 
801511 
649843 
713646 
779636 
661927 
678021 
4378750 
725885 
653282 
607291 
675364 
5383177 
793750 
783802 
740000 
778125 
813958 
767760 
7243542 
799166 
741979 
725938 
730261 
16908177 
536302 
3797500 
781927 
653698 
785105 
855157 
868698 
769583 
683646 
10325573 
847083 
741562 
724271 
17730989 
512604 
487969 
483125 
459063 
678750 
784166 
812187 
723489 
725938 
705000 
704114 
12348646 
642292 
591406 
573125 
585468 
592292 
574114 
1215053 
857969 
775312 
720937 
767448 
725104 
1087448 
1097813 
760886 
784166 
744219 
739791 
2083333 
1009739 
4390886 
1758438 
1648229 
691875 
558542 
4082812 
1034375 
890416 
8139167 
731771 
503073 
492084 
597708 
716250 
789271 
1109063 
952553 
898177 
861666 
696927 
7707813 
695365 
686927 
664688 
666615 
708542 
664114 
674427 
685781 
668385 
670416 
13156771 
690208 
593489 
559427 
577135 
564531 
634479 
546250 
531198 
524843 
487291 
512864 
498229 
525937 
530573 
515313 
505989 
498281 
518907 
490260 
496563 
586614 
498437 
484583 
481615 
499687 
482448 
482500 
488594 
501615 
479219 
462604 
487448 
482761 
497448 
509114 
490364 
496041 
501458 
480416 
495677 
494688 
517865 
483750 
519271 
548489 
502917 
506667 
452031 
494427 
487083 
480313 
476614 
506406 
477031 
479948 
474219 
488646 
476718 
484427 
479375 
544896 
580157 
536510 
500729 
479011 
518854 
498907 
543959 
600104 
546875 
533593 
576771 
564114 
540208 
519687 
551146 
493542 
528125 
522761 
503438 
473073 
631875 
625365 
487552 
541979 
612344 
561510 
535625 
550834 
583854 
589115 
564531 
509375 
484792 
476354 
504844 
460677 
487031 
465625 
8467084 
651302 
549479 
596511 
542604 
577969 
611927 
618177 
560521 
555104 
573906 
545521 
591302 
1420208 
571719 
598072 
596042 
588594 
524063 
20164531 
568750 
472656 
10441667 
576250 
466667 
484896 
471927 
475365 
508229 
500052 
558750 
476563 
450156 
466302 
481770 
466146 
477864 
469375 
511719 
471823 
461094 
464427 
454583 
459219 
482084 
470156 
678230 
708541 
675729 
539114 
484218 
465625 
468177 
486511 
457448 
447864 
446562 
455937 
454323 
449687 
450417 
444740 
485312 
469115 
453697 
449531 
444115 
437604 
445156 
446770 
485260 
450208 
450365 
445000 
458906 
445365 
457708 
463906 
460105 
492448 
449271 
466771 
448073 
447032 
454166 
443229 
447188 
442604 
488594 
445521 
445781 
448541 
449010 
447604 
453594 
444167 
452396 
483958 
463906 
450677 
443177 
450990 
446042 
443490 
444948 
468438 
447552 
444636 
452813 
447031 
443906 
453334 
444583 
444740 
458177 
453906 
445520 
444375 
452865 
443698 
443178 
444948 
453281 
450677 
442917 
475365 
446771 
442708 
461719 
447084 
452500 
442032 
489167 
445000 
441041 
453541 
558177 
690521 
679584 
610000 
473021 
465104 
481667 
466406 
464636 
463229 
445365 
506041 
455469 
478906 
477448 
493229 
482240 
457553 
462969 
460156 
500781 
464479 
472500 
484895 
467500 
466406 
473438 
471979 
518645 
461146 
481927 
464219 
457447 
449948 
460886 
461563 
507656 
473750 
462813 
456928 
456406 
458802 
451094 
461823 
470938 
483177 
467604 
474270 
442864 
461094 
481146 
450885 
469739 
496562 
483437 
464114 
467813 
465729 
462344 
472760 
456510 
459063 
494895 
454063 
476406 
465157 
458542 
460313 
456406 
448230 
500834 
471511 
461927 
629115 
530417 
502188 
492292 
491615 
583437 
480886 
453802 
441875 
460677 
481770 
510104 
518854 
536250 
491042 
533072 
538906 
514635 
501406 
487448 
480000 
514584 
506979 
505521 
530260 
544843 
519844 
503906 
534427 
540261 
508386 
520625 
534635 
629375 
702135 
721458 
658177 
639114 
675625 
707135 
647344 
589687 
517396 
487500 
483073 
478854 
458437 
454531 
480052 
534375 
458594 
458854 
457552 
482239 
462656 
465052 
480782 
446198 
495625 
493698 
478438 
462708 
464115 
475833 
465417 
447396 
502448 
462605 
477083 
490885 
464479 
465104 
453802 
507917 
507865 
456667 
480104 
459167 
502187 
437031 
466562 
442500 
522187 
595468 
530000 
453072 
452083 
449843 
477864 
438698 
454010 
494583 
452344 
535312 
456302 
444062 
435208 
454792 
440730 
498021 
445834 
454375 
451563 
458698 
459739 
447343 
448125 
465000 
445781 
446614 
477396 
459583 
448333 
447656 
456302 
440990 
444063 
498229 
453386 
441406 
451562 
449427 
449167 
453386 
456041 
474271 
456458 
460625 
453177 
476563 
455625 
467396 
453334 
452292 
492812 
454688 
445625 
448959 
458490 
452135 
444114 
467709 
453021 
469687 
454844 
468802 
465469 
446146 
459011 
447500 
448698 
484791 
464166 
440104 
449063 
460365 
449635 
451302 
463072 
443802 
447239 
446979 
465469 
448646 
448541 
454428 
446771 
446875 
447084 
443698 
447604 
442604 
451407 
449115 
444115 
454531 
446718 
445520 
460312 
464948 
454218 
451615 
455000 
450678 
451041 
447187 
447136 
478646 
449271 
451458 
444375 
447604 
449115 
456198 
446354 
462917 
466667 
451094 
452136 
458125 
448906 
448907 
445573 
471615 
472031 
450520 
459635 
448959 
444062 
448802 
456666 
448958 
450990 
1210938 
461354 
463125 
449167 
452395 
448646 
450156 
448281 
453229 
453802 
460781 
454219 
457708 
460677 
451355 
450469 
486354 
459322 
453125 
456979 
454843 
454427 
454948 
466718 
482396 
453750 
458854 
450677 
444375 
451718 
459792 
448334 
447812 
460520 
448229 
461094 
447865 
449062 
448386 
458698 
507708 
469584 
507031 
464167 
452083 
444011 
431667 
433178 
414531 
416979 
475886 
478594 
455261 
444167 
461667 
446198 
450781 
449583 
452865 
488125 
455000 
451145 
451927 
450625 
452656 
451146 
445000 
457604 
475573 
450469 
452188 
449896 
448125 
449844 
456927 
454428 
451927 
487865 
450000 
449479 
444687 
458386 
448334 
449479 
462396 
432136 
444532 
450365 
457031 
451093 
448958 
458385 
447291 
442657 
470729 
474375 
443854 
436146 
456667 
484063 
479115 
480937 
454063 
493593 
449010 
458594 
450052 
450364 
456042 
443021 
451927 
476614 
460104 
451771 
448959 
458698 
448229 
453125 
455104 
453385 
481823 
454323 
449948 
452969 
449844 
455157 
450261 
433594 
452084 
486771 
451563 
452135 
463698 
437135 
446979 
451719 
435625 
565729 
406822 
439583 
453386 
453906 
462500 
451198 
452188 
449948 
481093 
454844 
449219 
467657 
453646 
452552 
446563 
488802 
455156 
490521 
452135 
436666 
449271 
469375 
467552 
490209 
542709 
540625 
426927 
447552 
458854 
447969 
451667 
449948 
455365 
457552 
483697 
461667 
448750 
448021 
447656 
452240 
448750 
448594 
484375 
445677 
450156 
459323 
439584 
455573 
451823 
433750 
455000 
440625 
463750 
452031 
451562 
467500 
453333 
449791 
446614 
459740 
454062 
455885 
457083 
451875 
448698 
454427 
456407 
452500 
448698 
483281 
453750 
455833 
447396 
457969 
450000 
450625 
457916 
466354 
451823 
442083 
448386 
451771 
449428 
462760 
442240 
450156 
478333 
452916 
449636 
454896 
455989 
450729 
456614 
457500 
450052 
479896 
451875 
455938 
452708 
450573 
454063 
461407 
453021 
480313 
455312 
450781 
448958 
456928 
450208 
444739 
464114 
451145 
472865 
453334 
456823 
451458 
439896 
457708 
452292 
447761 
449948 
444427 
452813 
451094 
455781 
461875 
466563 
532031 
492604 
545052 
491302 
540469 
470312 
449896 
469948 
458385 
454323 
463282 
515313 
455833 
452656 
465990 
456094 
454167 
460729 
451614 
445313 
452812 
451198 
451041 
469166 
468125 
448177 
462448 
461563 
488490 
460781 
444166 
453125 
445052 
454218 
463437 
455938 
480209 
453594 
461407 
448698 
469531 
459479 
455052 
445833 
449843 
450416 
446042 
449635 
452396 
451927 
449375 
454219 
452708 
451354 
446094 
461615 
459479 
452239 
460886 
452552 
453386 
437500 
451510 
465781 
494427 
474791 
457083 
457188 
462344 
456927 
454114 
490156 
463802 
455157 
454687 
462865 
458021 
455885 
454740 
459531 
466615 
462500 
464062 
453490 
456406 
461875 
455260 
453593 
476355 
465156 
455469 
454167 
460104 
453125 
454635 
436511 
460469 
466927 
458490 
466875 
459740 
459062 
452761 
458229 
450730 
451875 
482239 
468646 
457552 
451979 
445937 
449791 
456042 
474010 
491250 
460469 
460885 
452032 
451354 
449584 
457708 
451823 
451458 
483594 
450521 
448229 
456980 
446146 
449375 
455573 
464323 
450625 
476666 
462656 
453698 
455730 
454011 
544323 
539844 
535729 
542709 
426354 
445625 
450364 
1193958 
465989 
465938 
467344 
457448 
461250 
450573 
450573 
452344 
458073 
451198 
451979 
480521 
451719 
451927 
450417 
456563 
449688 
469948 
484531 
482291 
463229 
456875 
450885 
453021 
450625 
449844 
450833 
452917 
455782 
445156 
437812 
506302 
521042 
525938 
513750 
518020 
497917 
440052 
453958 
450521 
450833 
452239 
458697 
451094 
449062 
501458 
500677 
530208 
504531 
535208 
485833 
462552 
493802 
508959 
489218 
503698 
475937 
494010 
466562 
478750 
462656 
507136 
466979 
455156 
467396 
458854 
453646 
452187 
451406 
490260 
451719 
451146 
450521 
456979 
450573 
457032 
463698 
457448 
461823 
481980 
454792 
449271 
452553 
455625 
450833 
446250 
465312 
485156 
447865 
452604 
464479 
454583 
442032 
460729 
452031 
474479 
457605 
441041 
443230 
448958 
459271 
445000 
448177 
451355 
479948 
454636 
451093 
449896 
450521 
450208 
456563 
449323 
449270 
482083 
459219 
448021 
450989 
456146 
451875 
452187 
462240 
463490 
444532 
448646 
460573 
451510 
447291 
447396 
449323 
446510 
478542 
460781 
452344 
449792 
458959 
448906 
462135 
456354 
450625 
441927 
454167 
458021 
449323 
452448 
460000 
452760 
451145 
450781 
480573 
452657 
453333 
461979 
451771 
451770 
465730 
437447 
469948 
456198 
460781 
451250 
456302 
451875 
449531 
450781 
449844 
464844 
447761 
440990 
460729 
455521 
449271 
447917 
457032 
450885 
471094 
450625 
454479 
454635 
456875 
451250 
463646 
448333 
483489 
454948 
449115 
454844 
452813 
451042 
450677 
447136 
453750 
477865 
474688 
452448 
448125 
449739 
451979 
447135 
441198 
515833 
490208 
427344 
457760 
453333 
450521 
446042 
455208 
452240 
449740 
486875 
457709 
452708 
448646 
444167 
454010 
449688 
456928 
473490 
450417 
449375 
448802 
445104 
451875 
460938 
454531 
450885 
451771 
454792 
450312 
456511 
450052 
451562 
451927 
454687 
452291 
473489 
463645 
447604 
464532 
447917 
455885 
454270 
455729 
477656 
447552 
452188 
449063 
455000 
451354 
441771 
458750 
452969 
463073 
449844 
446511 
465885 
449479 
464843 
453073 
448958 
457865 
475417 
451146 
445573 
448698 
450729 
447708 
457344 
450834 
450000 
477031 
455677 
449218 
448072 
449844 
447135 
452032 
451562 
465417 
441510 
450990 
458959 
444114 
448802 
455834 
449688 
449323 
466302 
457604 
438542 
452604 
454375 
448489 
449375 
461406 
448750 
449844 
441511 
457136 
451823 
455417 
456302 
450677 
447032 
446354 
490677 
442292 
447083 
451302 
451719 
452188 
483959 
538177 
519271 
431146 
451511 
449740 
447447 
457344 
447396 
450781 
441042 
479948 
451667 
449115 
455260 
449844 
448489 
450104 
453021 
450000 
476094 
458177 
441771 
449792 
449532 
447656 
448802 
449740 
468646 
458697 
452812 
454636 
448594 
449427 
448230 
454583 
447604 
465104 
449843 
452500 
446979 
445938 
448802 
449062 
450886 
455781 
451407 
451823 
465677 
450364 
450833 
448593 
454948 
472812 
583281 
407448 
433281 
447917 
458594 
441354 
451302 
448750 
458333 
470781 
450208 
452135 
450417 
448386 
450000 
456667 
448906 
438490 
478281 
452291 
439531 
440521 
472656 
447395 
446823 
465625 
443073 
489271 
455260 
445208 
453073 
438333 
459584 
457187 
450625 
456667 
500729 
528489 
483021 
504479 
531563 
483125 
539583 
1433906 
560729 
527709 
545990 
539792 
526355 
561354 
510052 
525937 
519323 
503906 
525156 
543489 
655521 
595729 
583073 
537657 
526614 
540052 
534062 
532240 
566042 
576511 
1819271 
694011 
683541 
520156 
527657 
732813 
698906 
594895 
651563 
577552 
555000 
563333 
545104 
584375 
553021 
619375 
564687 
501458 
478438 
468750 
451771 
477656 
502760 
733593 
570677 
536198 
575834 
564792 
573646 
620364 
595157 
590833 
582135 
608802 
572604 
581042 
628177 
594323 
559271 
559219 
578594 
598385 
598802 
688281 
629375 
585521 
557760 
536666 
554896 
584739 
553230 
554792 
577448 
620156 
605260 
639114 
614791 
621510 
607969 
640365 
703333 
696250 
710469 
601563 
704010 
630417 
560156 
621615 
608385 
785990 
607552 
698073 
587083 
589792 
646823 
573125 
554844 
556146 
570521 
570989 
596562 
631250 
579270 
579323 
662917 
773229 
552448 
517396 
768386 
715365 
572500 
586927 
556875 
564323 
604739 
569063 
556250 
575625 
601198 
581615 
536458 
554219 
545834 
533334 
536510 
547604 
560729 
537291 
573490 
542761 
571563 
566875 
566563 
577657 
569687 
732656 
586719 
545521 
561302 
578073 
577761 
620469 
568854 
570729 
562344 
578490 
538021 
546303 
593697 
577448 
559375 
551510 
577187 
588906 
551198 
570313 
602917 
572864 
537708 
568125 
556407 
527708 
547344 
528906 
501510 
631094 
583281 
530989 
541927 
552708 
555937 
567344 
566458 
554479 
545104 
546823 
612969 
559167 
554687 
579011 
557813 
598386 
692760 
590364 
544010 
503021 
504323 
481510 
483802 
471354 
486302 
566094 
524896 
528959 
536667 
531198 
538646 
532239 
571041 
549635 
554687 
522968 
527500 
545677 
496510 
572187 
556719 
536615 
522604 
535781 
539270 
538438 
495989 
534323 
479947 
495364 
508125 
528854 
488333 
482865 
527136 
537916 
543385 
535052 
544063 
533958 
540677 
565000 
576041 
562500 
534010 
574740 
543594 
672708 
571719 
561719 
528906 
566354 
566198 
532031 
559063 
544948 
551458 
522917 
577188 
540208 
537761 
552552 
574948 
654427 
627240 
730990 
720365 
703855 
759583 
743906 
748698 
648541 
611875 
540000 
477083 
521406 
482656 
464687 
458125 
460104 
460677 
454792 
471094 
479792 
549063 
481563 
466459 
460416 
466354 
499011 
467969 
540157 
545417 
558438 
557239 
475885 
474583 
475313 
468802 
541406 
557864 
548229 
547917 
566094 
538281 
549896 
560261 
540416 
535834 
538072 
531771 
548646 
518802 
568802 
542187 
503490 
478594 
495313 
519271 
473125 
498385 
716458 
512396 
511666 
514427 
479948 
498230 
494375 
567291 
523073 
493177 
457187 
472448 
514219 
504688 
573073 
608593 
597604 
563542 
546459 
523021 
499531 
490834 
550053 
502292 
496458 
501771 
528021 
491458 
488281 
526094 
588437 
564271 
518230 
548906 
552135 
544844 
544688 
515417 
496146 
499063 
530209 
481250 
508490 
535104 
532812 
537187 
530104 
518698 
498698 
526354 
494115 
508490 
524792 
504166 
477708 
470989 
468906 
483020 
475677 
488021 
529583 
536250 
517656 
537968 
519166 
512084 
476823 
489375 
534636 
481563 
491250 
482343 
485729 
473490 
521562 
511458 
534792 
527083 
527239 
502083 
497396 
480364 
477813 
470729 
509062 
476250 
470729 
478959 
479375 
478282 
494115 
521250 
576562 
505261 
543906 
500052 
485573 
465520 
485417 
1268906 
529480 
487083 
479375 
536927 
485833 
502812 
9639531 
649167 
573906 
604271 
629114 
664427 
659271 
692708 
604688 
591666 
538177 
629011 
528333 
544375 
557136 
627136 
585208 
578489 
660833 
778125 
752865 
699063 
585209 
615886 
626355 
620105 
607083 
624427 
592917 
671302 
733593 
824010 
691666 
701146 
696198 
797552 
680156 
647865 
682917 
675677 
13565416 
581771 
539896 
507864 
514062 
500469 
508229 
558802 
537813 
552031 
521094 
632136 
703125 
639323 
574167 
527136 
505990 
469843 
462031 
515729 
497812 
12579011 
709792 
534792 
519792 
567136 
538073 
567239 
549531 
537240 
536615 
531667 
10828334 
609323 
511823 
473437 
536302 
515260 
558282 
560990 
513437 
501719 
556822 
766093 
693594 
782969 
877552 
743229 
788177 
611771 
633021 
578281 
801667 
602552 
568177 
529271 
536302 
631719 
688958 
694948 
731198 
674375 
699531 
684219 
5118750 
597917 
606927 
646511 
630885 
550156 
577344 
683698 
577969 
676198 
713073 
741250 
741146 
762760 
608490 
577188 
12672604 
570312 
469896 
7015990 
604114 
514375 
516406 
505208 
524584 
491146 
523281 
505104 
512032 
490468 
553333 
494636 
489740 
500990 
4517917 
754270 
746302 
640052 
530104 
484375 
519792 
531615 
502709 
462761 
522917 
495104 
472292 
504010 
554739 
491094 
541822 
536771 
541823 
571666 
665261 
676146 
551667 
521771 
501510 
477604 
523438 
533750 
534219 
595885 
567709 
599896 
530520 
533698 
516250 
535938 
582448 
528021 
509427 
503490 
527240 
485312 
479740 
5054428 
755573 
521354 
512032 
553906 
574635 
597032 
599844 
564688 
545000 
531614 
549480 
528333 
574947 
602604 
576719 
557239 
580104 
597448 
554948 
585729 
578855 
520105 
568177 
599583 
544896 
530677 
592761 
544948 
500156 
514740 
533542 
507708 
511198 
519427 
557083 
573646 
554948 
563489 
539062 
520156 
509011 
570365 
540677 
524375 
553802 
523594 
502552 
548021 
557188 
539375 
520625 
505521 
486770 
495781 
533906 
516771 
560990 
500052 
533906 
535000 
521928 
527968 
510468 
534479 
611042 
530000 
527239 
554740 
562448 
527917 
569896 
576770 
575104 
575417 
526875 
571197 
533229 
545677 
519948 
513542 
497188 
505729 
517969 
518229 
498750 
572135 
537136 
507292 
524062 
526823 
664270 
671927 
789114 
662135 
27220885 
624479 
536927 
487500 
464375 
467917 
2699479 
547760 
532968 
496875 
495781 
600469 
586355 
494688 
2164219 
725261 
513490 
494063 
507136 
502916 
515364 
498282 
615417 
530781 
4427448 
622188 
600521 
560468 
1831198 
583698 
564375 
1015260 
543698 
571979 
3680364 
604323 
546355 
543437 
561093 
585261 
526198 
533958 
590104 
557760 
532656 
525469 
519531 
502917 
502240 
733437 
597708 
512240 
498593 
517083 
526615 
493750 
585416 
538958 
518281 
550000 
544843 
577552 
561355 
700677 
611875 
522031 
529427 
495157 
528177 
549062 
569479 
571719 
533177 
586146 
571875 
547917 
552657 
520521 
611563 
565209 
551979 
558438 
615573 
635937 
661614 
625208 
618490 
595678 
577344 
571719 
564010 
564427 
507968 
570104 
600729 
555000 
562604 
627135 
626458 
622031 
634583 
581302 
587604 
7457812 
764375 
653645 
675781 
704636 
643281 
592813 
538125 
498855 
493542 
494479 
526562 
543907 
2059584 
626563 
518802 
497135 
492083 
543906 
512032 
504479 
541719 
643698 
1273125 
548125 
654479 
790312 
798333 
734635 
725625 
722916 
737292 
931875 
532916 
523281 
489896 
508334 
527291 
507135 
535677 
494011 
508125 
504896 
490625 
524739 
596615 
542969 
539010 
503073 
494427 
503021 
514479 
492760 
488438 
521615 
513385 
587500 
2084739 
589375 
520156 
516198 
529167 
493489 
495729 
514010 
507395 
559167 
514167 
506666 
494531 
457916 
500261 
490781 
482187 
12762812 
698125 
656042 
597291 
706666 
667135 
828333 
768594 
696770 
712552 
755521 
881303 
761302 
760052 
781771 
769688 
861094 
766771 
1724740 
846250 
808594 
796980 
812240 
1032135 
1014531 
841042 
826875 
804636 
784688 
926562 
1014063 
1052240 
1052291 
1131666 
988021 
818958 
745521 
775052 
806823 
966198 
965209 
731250 
723490 
739479 
1068646 
714218 
661875 
539271 
520052 
496823 
499010 
521771 
562864 
693073 
701719 
536718 
470365 
463125 
454739 
485000 
463438 
506302 
466980 
459740 
451198 
477083 
461458 
450521 
455781 
461511 
508020 
463229 
466407 
460417 
450677 
453854 
471770 
449896 
505677 
607500 
511354 
492032 
468541 
492084 
501042 
474375 
585156 
681146 
657396 
676563 
665573 
663333 
692760 
678281 
666250 
666406 
664531 
658490 
679687 
662188 
702187 
686146 
638698 
539896 
536458 
547396 
578698 
527031 
524114 
523698 
533490 
556458 
542135 
543125 
790990 
1065990 
855208 
1118646 
977135 
768907 
762500 
815938 
11547032 
800781 
542969 
535677 
508125 
506614 
730052 
788073 
761042 
10861771 
743125 
666927 
601354 
511510 
496614 
489688 
517083 
513906 
522813 
552135 
520677 
564375 
543177 
548073 
533698 
556094 
543334 
517604 
527135 
548177 
533958 
584427 
542448 
555573 
529792 
516354 
550416 
532500 
549428 
509739 
514375 
507709 
510990 
531406 
538802 
549375 
564479 
538177 
531042 
539479 
537708 
540521 
550468 
567812 
565729 
515781 
546406 
523854 
517239 
521771 
556510 
534010 
552187 
662500 
646875 
642344 
745364 
627291 
534531 
493438 
545469 
541823 
509479 
540781 
542604 
533594 
487344 
475260 
494375 
508698 
528334 
644791 
593386 
571927 
528437 
512760 
543854 
619479 
736458 
647552 
600625 
633438 
696250 
706406 
635885 
485989 
475104 
482084 
478907 
469323 
475677 
465521 
546615 
492500 
487708 
475416 
471719 
490521 
497448 
475938 
527135 
476823 
457239 
464218 
471823 
466094 
471510 
473021 
517343 
490156 
495104 
505782 
474166 
476614 
495312 
477864 
501041 
509688 
525156 
559010 
565104 
558073 
522709 
547136 
504270 
493698 
509219 
487083 
487500 
471719 
475729 
550260 
499219 
472708 
472552 
496354 
466302 
475886 
488697 
496094 
474792 
476355 
481823 
477188 
460260 
491250 
450729 
467083 
537031 
484792 
479844 
477813 
502760 
486510 
487708 
481302 
548906 
545938 
524948 
533230 
522604 
538854 
550677 
569062 
505468 
477813 
488854 
461979 
493125 
495625 
481562 
528490 
488021 
469896 
480365 
473698 
504948 
476146 
482916 
510833 
482187 
485000 
474636 
495312 
475677 
468750 
493229 
501250 
482969 
465156 
475990 
463802 
475937 
478541 
468906 
466407 
612656 
552031 
533803 
518698 
557292 
520157 
553958 
627239 
619583 
555261 
552500 
623646 
591875 
620625 
633542 
634531 
615365 
663802 
639375 
540781 
504843 
506511 
479739 
478750 
484531 
482188 
490208 
471979 
533073 
471041 
1645260 
696459 
512031 
542291 
490781 
478281 
471875 
494896 
478021 
485104 
504844 
568177 
4463385 
918958 
804583 
769323 
902865 
849791 
563750 
539062 
545157 
565364 
562447 
616511 
622657 
629791 
684584 
684843 
595989 
633438 
674792 
939948 
737500 
557395 
601510 
571198 
518125 
549844 
535781 
819167 
577135 
571094 
537031 
563281 
535156 
517552 
554271 
529896 
569011 
543281 
530885 
529063 
499479 
523802 
533593 
534375 
524479 
533541 
534428 
523594 
520573 
540417 
516406 
547604 
512552 
518073 
497292 
488385 
522135 
500000 
525729 
576354 
531198 
514584 
495938 
543020 
527135 
620782 
642240 
621615 
594166 
599375 
630834 
618854 
600417 
708177 
537240 
515417 
530938 
619792 
533906 
518020 
624791 
527343 
552396 
564011 
577969 
522448 
528698 
577865 
535521 
525104 
537656 
535729 
548125 
605261 
619062 
565469 
549323 
553802 
573906 
572291 
520833 
592813 
529219 
536823 
612344 
593437 
591354 
655625 
593386 
549167 
517969 
627396 
635261 
644062 
730469 
680729 
657032 
608854 
738854 
706458 
701718 
678698 
705260 
710521 
741771 
769739 
662865 
633854 
656614 
649844 
579636 
583750 
553906 
581667 
548907 
587448 
567864 
547083 
567552 
525469 
500521 
516302 
540000 
570104 
578750 
600625 
619271 
597604 
702865 
593854 
479167 
472917 
522812 
464532 
445365 
484271 
471770 
442448 
463542 
477968 
464115 
521980 
481823 
476093 
474011 
464219 
472813 
452656 
473750 
549375 
531093 
535625 
573802 
529687 
525260 
547032 
552864 
497604 
484479 
505520 
512135 
506354 
547656 
565781 
612031 
546719 
519011 
487605 
478229 
483334 
469896 
492708 
473542 
491354 
636458 
483281 
494167 
482916 
472187 
492656 
491354 
463334 
470938 
492865 
494479 
477709 
476406 
500156 
473177 
464688 
483334 
469166 
474896 
480313 
465729 
466302 
486979 
483594 
472552 
499010 
478542 
467396 
475781 
486771 
568073 
489375 
474270 
493490 
474427 
467968 
504583 
474219 
499479 
480000 
483854 
511094 
512760 
521094 
500469 
530677 
513333 
552813 
553750 
540625 
616875 
632708 
638646 
625313 
529792 
536980 
562500 
555833 
547083 
554010 
555573 
514375 
527448 
512343 
518906 
531302 
591406 
726458 
673438 
676406 
688750 
554584 
473334 
568490 
503802 
469584 
481614 
498281 
473959 
493229 
471355 
517396 
486198 
485521 
507136 
486823 
473698 
486406 
486667 
514896 
525156 
486562 
461667 
475573 
490313 
474167 
482500 
476459 
587292 
489323 
480989 
480052 
472292 
482135 
468125 
494115 
532656 
488541 
479844 
462032 
486146 
479479 
461771 
486511 
548906 
492969 
479323 
486511 
493698 
490417 
479167 
470678 
552448 
492709 
466093 
479740 
467865 
468646 
486458 
496718 
650782 
543073 
716198 
680052 
578385 
508178 
519687 
524479 
487657 
487240 
482344 
461458 
474688 
469792 
472812 
518958 
483854 
466979 
459062 
488541 
469375 
484844 
467968 
523386 
514948 
478386 
485364 
476927 
455469 
472552 
458698 
540729 
469896 
479947 
479375 
488281 
479948 
469479 
483020 
488281 
470677 
484531 
482553 
501042 
478646 
477292 
468959 
524635 
469948 
465729 
503594 
457396 
477240 
484584 
476093 
458750 
562031 
507708 
457292 
499166 
475625 
453854 
484948 
489167 
520052 
493125 
545521 
531510 
464323 
484062 
484011 
475260 
582187 
1640052 
681771 
641511 
5181823 
583958 
474115 
485000 
463073 
491667 
483125 
532968 
467916 
474480 
518854 
471979 
494010 
481667 
472812 
504896 
452500 
478125 
461979 
459791 
468646 
463229 
484896 
464323 
515208 
476198 
472552 
463542 
467916 
460989 
479896 
470261 
497448 
469531 
464844 
482552 
520625 
493281 
467187 
465625 
507135 
463229 
475365 
456615 
488178 
457135 
469948 
457083 
571875 
569011 
523438 
534584 
492031 
459219 
472760 
488906 
487187 
450625 
472656 
463959 
462032 
461302 
476667 
449688 
459531 
518229 
469427 
470885 
468698 
466875 
481875 
455989 
497708 
502813 
455833 
479427 
463958 
468750 
473698 
463177 
464166 
513542 
468594 
471458 
466927 
466667 
461250 
508750 
651615 
793594 
724062 
705886 
596354 
501302 
455053 
462292 
532969 
453178 
468906 
463125 
473125 
474167 
468594 
454531 
472813 
467969 
470260 
452552 
463490 
447448 
468854 
463750 
500833 
524896 
518698 
478958 
473802 
465156 
536875 
502187 
539896 
481980 
457604 
477083 
462604 
461667 
468125 
466406 
460989 
496406 
491459 
455937 
458750 
450261 
457291 
457604 
472657 
533489 
698073 
700364 
663645 
636719 
646875 
711302 
631146 
539636 
566875 
617448 
622032 
583281 
616927 
496719 
462448 
465573 
477656 
479688 
462657 
549063 
479167 
459062 
518177 
465677 
460625 
477292 
471354 
534531 
484323 
509166 
471823 
467604 
504219 
484323 
466927 
495781 
476511 
492760 
467708 
483229 
489167 
487500 
478229 
519219 
481719 
468073 
507812 
469740 
474479 
472500 
486928 
522344 
476823 
476354 
456354 
569948 
512344 
474792 
579584 
869636 
509948 
498334 
575938 
702917 
682084 
740104 
664479 
488281 
462813 
492188 
496042 
473646 
485677 
546667 
488593 
512343 
472448 
476094 
579896 
692031 
766719 
698021 
671979 
667292 
712812 
686615 
705729 
688021 
680989 
707135 
17861667 
570781 
493750 
477916 
501615 
587708 
740417 
707396 
694531 
677864 
684896 
700885 
693489 
659271 
19581406 
678177 
503229 
481927 
497604 
467865 
576667 
739010 
657760 
659270 
687552 
679635 
699688 
635521 
511146 
578177 
701667 
721459 
626146 
943802 
2832969 
1017187 
757865 
672760 
674791 
622032 
557084 
665156 
684636 
657135 
649218 
675833 
681666 
652552 
668229 
658802 
672761 
648594 
733178 
704531 
682240 
709271 
691615 
684167 
703177 
714791 
682448 
664843 
696771 
682917 
702083 
707500 
696042 
666302 
680417 
729166 
854219 
873542 
741354 
577812 
555104 
535729 
514323 
497292 
506562 
492917 
571667 
646510 
663802 
632708 
615261 
633021 
657448 
620833 
852396 
1024791 
918906 
811458 
674218 
672761 
643906 
617813 
656042 
663907 
660469 
661927 
602396 
571667 
605261 
573073 
514687 
606615 
654427 
554010 
532187 
544479 
624583 
555573 
632552 
571407 
582604 
601303 
588385 
573802 
588854 
569375 
629739 
620625 
571459 
660989 
614427 
636146 
673073 
654739 
638698 
637656 
653698 
643073 
661146 
625833 
651355 
639323 
627135 
642448 
657239 
651718 
650208 
625104 
623854 
623385 
704792 
657187 
633541 
650573 
687344 
692292 
684635 
653959 
642396 
624219 
650938 
619636 
685521 
678906 
689844 
667448 
670260 
674218 
688802 
678907 
690937 
669323 
660937 
670052 
687239 
673437 
657291 
674792 
664063 
647709 
673854 
648125 
624791 
625208 
1696511 
649948 
659948 
652552 
631407 
628542 
669740 
658958 
635052 
648542 
635729 
649062 
633020 
674115 
638698 
639792 
641458 
638854 
642344 
675000 
637917 
647969 
625156 
671302 
649011 
676094 
654636 
628021 
645782 
640781 
649896 
674479 
630104 
646718 
630729 
17683385 
794844 
502917 
522396 
493333 
587240 
589271 
626511 
725052 
737916 
751041 
671458 
660313 
648489 
655052 
672969 
609062 
656667 
636927 
12834948 
630000 
550000 
500781 
477708 
547240 
736562 
843177 
606615 
598229 
607917 
584896 
588177 
620677 
596094 
596354 
590364 
521146 
523072 
594844 
596563 
707396 
694219 
683021 
697448 
799063 
719427 
896718 
672447 
650990 
679583 
610573 
561927 
634271 
637813 
614479 
630833 
680625 
535209 
466771 
565625 
662187 
631458 
646354 
737031 
652239 
649271 
661771 
648698 
639791 
665885 
647865 
665781 
638750 
645260 
658073 
712344 
663750 
712552 
669011 
669740 
602343 
546354 
458385 
464375 
480729 
517084 
511042 
634166 
658073 
620677 
622240 
617396 
629062 
752031 
624740 
463646 
446771 
471355 
488593 
491146 
454739 
480156 
468855 
494739 
471354 
470885 
464063 
479323 
466511 
471406 
467031 
513020 
452448 
468906 
477187 
463229 
450833 
463594 
471458 
528750 
465730 
483125 
474114 
456198 
476927 
471407 
455104 
469479 
502968 
472084 
444010 
459583 
466146 
470052 
453958 
476615 
498333 
474063 
475156 
466198 
470313 
475625 
459219 
468698 
495469 
469219 
440625 
457812 
471354 
462708 
466042 
466563 
475052 
474323 
460521 
467917 
489219 
473854 
466302 
479010 
465312 
500260 
467448 
460834 
472917 
471823 
460834 
464792 
471146 
476250 
480469 
465521 
454375 
469323 
457031 
458333 
468854 
463854 
512500 
471459 
451615 
472604 
472396 
471510 
460730 
463125 
469740 
491614 
454896 
459844 
471823 
442083 
457448 
473854 
468750 
487917 
466667 
474584 
444375 
459375 
469792 
453073 
463125 
466198 
544375 
447917 
478125 
480052 
478438 
470312 
468490 
462969 
488385 
461979 
471250 
468698 
461562 
466770 
473021 
464115 
522656 
471406 
474375 
477187 
472709 
465521 
462657 
476823 
463698 
491094 
478021 
458542 
463698 
446823 
478489 
443437 
463646 
505052 
452864 
451979 
462604 
467292 
455625 
460000 
473854 
467083 
488594 
477708 
473855 
463698 
470833 
465156 
459479 
466042 
474062 
452292 
467083 
459688 
486459 
508854 
460937 
470469 
453282 
495990 
462343 
463229 
461042 
456302 
523125 
591823 
453802 
495052 
470885 
464427 
543229 
464740 
454219 
460990 
465625 
552083 
481823 
459271 
442865 
454115 
456875 
460156 
458958 
487240 
477813 
458594 
456458 
469531 
459948 
453020 
458177 
472864 
474167 
523854 
456510 
464740 
453282 
450416 
484479 
458177 
490990 
463073 
468073 
455417 
445886 
456042 
436042 
468958 
462084 
464115 
462812 
452813 
461302 
449323 
451042 
464844 
452187 
452865 
489427 
450885 
450625 
448073 
460885 
464792 
454010 
451718 
467344 
451302 
452187 
458645 
449115 
449219 
448021 
443178 
444166 
471511 
453646 
449375 
450104 
455104 
453958 
451042 
455886 
449375 
473125 
447864 
456094 
448750 
445261 
448698 
451094 
440990 
450729 
478385 
451146 
447291 
456302 
451198 
439896 
419948 
436770 
402448 
463438 
472604 
457291 
458229 
461666 
453906 
454166 
449740 
1478437 
420104 
456250 
405209 
432760 
456875 
453073 
455573 
459531 
453177 
450730 
451510 
459635 
445209 
444531 
449688 
474219 
449896 
453073 
455312 
450520 
450677 
460052 
450260 
473125 
460104 
476094 
452604 
454948 
454427 
458802 
453073 
448959 
481094 
451667 
452708 
459375 
451458 
454428 
458958 
454427 
451562 
488021 
458697 
453698 
441615 
450209 
413646 
445677 
451198 
457448 
486459 
451302 
461146 
452343 
452968 
451146 
459115 
453073 
475000 
461198 
449792 
451615 
454115 
449740 
450261 
451093 
457552 
443906 
448385 
458229 
444791 
451927 
447709 
455989 
453021 
453385 
480833 
451042 
443646 
455573 
454219 
449896 
435000 
443386 
456041 
441198 
436667 
449584 
449219 
450469 
449166 
450625 
447239 
478177 
448698 
452708 
448125 
458906 
450782 
448281 
458282 
450677 
433386 
455834 
443698 
451979 
448594 
458594 
451302 
453593 
462552 
450678 
451979 
442031 
460886 
451875 
447968 
455677 
452657 
447865 
487812 
451042 
450573 
450157 
460469 
441146 
444427 
451562 
476198 
452917 
450625 
462500 
450521 
474583 
479844 
462865 
450677 
478281 
462708 
452917 
449896 
455729 
451042 
448490 
451511 
450521 
486302 
445260 
454063 
453698 
451511 
456563 
452083 
448177 
475156 
470261 
451406 
447709 
470312 
443906 
428333 
485989 
456562 
437709 
419270 
453281 
451927 
451875 
460416 
440885 
450521 
448489 
474687 
459271 
451875 
458958 
448490 
444636 
462656 
451614 
451041 
477813 
461250 
450990 
444531 
457135 
449115 
452032 
446198 
468594 
445885 
452448 
458490 
450000 
452292 
458125 
450521 
453229 
469844 
455937 
444375 
450313 
466146 
454896 
444792 
453594 
455365 
475468 
467031 
460469 
454687 
453698 
452708 
457916 
451562 
471458 
462760 
453489 
440208 
440521 
497344 
503437 
512709 
520104 
488906 
423594 
463073 
451928 
452448 
451875 
457083 
455313 
467448 
468438 
446666 
450573 
458646 
483542 
542240 
544480 
592448 
406511 
442708 
462135 
452084 
451770 
450156 
456979 
451094 
473802 
470677 
444479 
446198 
451511 
449271 
452604 
443334 
450573 
444792 
452813 
450104 
451198 
452344 
449375 
456771 
453750 
452292 
483021 
450937 
449375 
451146 
453959 
449270 
470990 
479531 
494427 
468594 
466407 
454844 
448906 
450833 
462291 
452969 
450416 
452500 
453698 
446041 
452605 
457500 
456354 
450885 
451093 
451406 
478802 
460000 
452083 
453907 
453541 
458906 
453594 
451146 
487604 
452657 
441041 
450729 
457812 
450677 
451823 
450625 
450625 
475677 
453073 
462239 
449792 
448385 
468073 
449375 
454479 
457500 
477969 
452969 
450833 
465364 
448281 
452240 
454063 
442709 
455312 
473385 
457083 
450417 
447761 
455885 
449479 
451459 
465000 
441927 
455312 
453021 
457760 
453125 
452344 
459115 
443490 
453542 
471823 
459323 
457396 
448385 
458021 
452395 
440208 
457291 
442031 
474583 
455052 
459010 
453854 
447709 
459792 
453073 
449167 
470104 
471406 
443021 
452604 
463802 
449375 
447813 
446563 
467187 
472657 
458906 
458385 
451042 
454480 
449323 
453177 
456980 
480520 
589740 
544323 
538437 
544062 
539740 
538906 
538750 
515261 
435572 
447083 
450833 
440469 
449844 
451458 
451302 
456823 
487344 
455781 
454271 
450521 
460417 
452187 
451823 
449271 
485625 
454792 
451094 
458593 
1168177 
468646 
453385 
452812 
489584 
460469 
454271 
452500 
463020 
453385 
450105 
451979 
483542 
452708 
452292 
461146 
456459 
451563 
441823 
460469 
452188 
451250 
466719 
481250 
542500 
549792 
541354 
539479 
539427 
486250 
430989 
455208 
460208 
449843 
455677 
468542 
461458 
447187 
455104 
481406 
453958 
450833 
458021 
450677 
446093 
440990 
457292 
458437 
453959 
464063 
450521 
453490 
453646 
463021 
453020 
477239 
476302 
446979 
458698 
446875 
458854 
450834 
450938 
477917 
459479 
454479 
468177 
453646 
449114 
452500 
457552 
451041 
451250 
467343 
457344 
455625 
454532 
460365 
455782 
452760 
462343 
479166 
444948 
457917 
450365 
453021 
449427 
458750 
450885 
469063 
464375 
452500 
449323 
450730 
450313 
454583 
451459 
458438 
437552 
467813 
467864 
450312 
454427 
451302 
460417 
453958 
446927 
491094 
443489 
452605 
451771 
457865 
447813 
452344 
469688 
481771 
466979 
540781 
553177 
543386 
541458 
551562 
543334 
501042 
429219 
450937 
453802 
449322 
452083 
446822 
455052 
468646 
486771 
457552 
455469 
451094 
466094 
455833 
458542 
452031 
471510 
454479 
452448 
450260 
451459 
456354 
443646 
443958 
463542 
450417 
454792 
452083 
457500 
443854 
457500 
455052 
452448 
451510 
482136 
454584 
463594 
449844 
459375 
450990 
447969 
459740 
481771 
449792 
451094 
458542 
452709 
451198 
458385 
456407 
462709 
443437 
454896 
442136 
455261 
481979 
551145 
538802 
554428 
522083 
431094 
450833 
461562 
452552 
450104 
461771 
451667 
450000 
480417 
465260 
453385 
453698 
447917 
450625 
450782 
460364 
471563 
454271 
454063 
458542 
453490 
452083 
457864 
451980 
458802 
469166 
468281 
455730 
453073 
464531 
454480 
452396 
468177 
452396 
482292 
450104 
457500 
452552 
448125 
456354 
442188 
453281 
472812 
460677 
449479 
447396 
459010 
448593 
458125 
460312 
452084 
478906 
443698 
458802 
450625 
442917 
460157 
449792 
452500 
450729 
488229 
453437 
450156 
458125 
450052 
452344 
440886 
456250 
443177 
473802 
457031 
450000 
450886 
457239 
449948 
447448 
449011 
478021 
452187 
454791 
462552 
450885 
452812 
458073 
449844 
450000 
461459 
455573 
448855 
451563 
447917 
461927 
454115 
445209 
457500 
469115 
451354 
457813 
452813 
447136 
448333 
455729 
450781 
461042 
459011 
449531 
449427 
475208 
562552 
540625 
538958 
568958 
406354 
435000 
459948 
451250 
449635 
449270 
455104 
451146 
473855 
458438 
457916 
453021 
447500 
453021 
454531 
461614 
684011 
496407 
496823 
481510 
529792 
608490 
603593 
581302 
558959 
469844 
470937 
459427 
448020 
456302 
465834 
454271 
486407 
478281 
