16421994 
16403088 
16543664 
16386264 
16361524 
16382723 
14874563 
11179790 
12027257 
11213020 
11198488 
11169998 
11267865 
11236458 
11196041 
11271511 
11244166 
11128852 
11510892 
10500972 
10601547 
10379147 
10433783 
10409616 
10494670 
10402063 
10480607 
10349615 
10540973 
10585349 
10547015 
10516024 
10602120 
10167632 
9909761 
9809238 
10014919 
9964502 
9989867 
9859967 
9956064 
9831998 
9949709 
9752986 
9978304 
9869603 
9818352 
9917625 
9777726 
9892886 
10014243 
9893927 
10024034 
9942678 
9931948 
9919396 
9942782 
9801946 
10136433 
10171225 
10033565 
9861582 
9916688 
9970855 
10011846 
9843561 
9937523 
9960606 
9963674 
9771953 
10128576 
10144098 
10246913 
10127222 
10205505 
10101805 
10220923 
10160452 
10379155 
9915966 
10016386 
9829559 
10003730 
9881278 
9979718 
9848205 
9894144 
9866435 
10042480 
9880237 
9860341 
9893571 
10130034 
10053210 
10311133 
10155921 
10206339 
10184671 
10106128 
10119097 
10178109 
10186286 
10234152 
9967791 
10218161 
10075554 
10157119 
10164202 
10223839 
9949353 
10206755 
10089929 
10232069 
10187953 
10234047 
10131441 
10244099 
10158369 
10183526 
10198630 
10147743 
10140451 
10206859 
10178630 
10238892 
10181755 
10166390 
10024095 
10209776 
10286757 
10240610 
10157170 
10270871 
10076180 
10291445 
10166859 
10283476 
10458792 
10337539 
10178838 
10275975 
10234256 
10171077 
10169619 
10257954 
10121284 
10187067 
10191859 
10227589 
10155712 
10201911 
10196026 
10239412 
10094774 
10202953 
9983885 
10241652 
10178056 
10181702 
10199619 
10308111 
10227484 
10218839 
10212745 
10266028 
10142121 
10126398 
10146450 
10229056 
10129835 
10291818 
10226139 
10171919 
10174992 
10276088 
10169315 
10233691 
10192128 
10196034 
11122776 
10180877 
10154367 
10212805 
10149210 
10222493 
10098011 
10149679 
10137179 
10248015 
10065875 
10197805 
10154887 
10220670 
10154262 
10222024 
10156658 
10555210 
10181502 
10244004 
10214264 
10227493 
10185982 
10224628 
10167961 
10317287 
10218691 
10203899 
10096449 
10268119 
10136032 
10310308 
10084521 
10201920 
10141866 
10223639 
10246243 
10128533 
10090147 
10137439 
10163377 
10161294 
10140356 
10190513 
10164315 
10268536 
10146189 
10371039 
10192180 
10065614 
10063999 
10227493 
10087438 
10293954 
10079989 
10334006 
10236764 
10168637 
10208482 
10197961 
10144627 
10206711 
10183534 
10172752 
10181450 
10532136 
10247702 
10221295 
10071969 
10305725 
10242962 
10155356 
10161762 
10221191 
10189784 
10208587 
10420623 
10235774 
10171763 
10160669 
10303745 
10264525 
10167075 
10147908 
10093903 
10204844 
10201772 
10208595 
10205886 
10348338 
10442039 
10268700 
10175573 
10228127 
10145520 
10263909 
10151198 
10203595 
10210523 
10194168 
10198595 
10201355 
10100572 
10246930 
10135208 
10260315 
10171876 
10094842 
10215314 
10234949 
10141927 
10217605 
10270784 
10183073 
10180886 
10195209 
10203856 
10198543 
10080310 
10120364 
10028539 
10164323 
10115103 
10151249 
10145156 
10394173 
10224221 
10253961 
10202814 
10129635 
10206876 
10324952 
10206147 
10279326 
10231096 
10416517 
10174636 
10150156 
10159687 
10146875 
10204011 
10244429 
10079633 
10223231 
10172188 
10420631 
10109269 
10197813 
10156614 
10211512 
10150260 
10203647 
10156562 
10222345 
10137552 
10224325 
10209012 
10325160 
10085050 
10152708 
10144323 
10232554 
10165053 
10276773 
10134062 
10277764 
10126145 
10189167 
10203439 
10208178 
10191199 
11042783 
10197084 
10213282 
10161250 
10224585 
10179844 
10177084 
10201042 
10177761 
10169635 
10218647 
10134741 
10198653 
10177717 
10190426 
10083339 
10328867 
10272876 
10246417 
10128497 
10150476 
10163758 
10298293 
10633719 
10349857 
10155946 
10210270 
10150372 
10231000 
10139695 
10207353 
10199280 
10215374 
10092194 
10220062 
10250063 
10253397 
10239646 
10195947 
10167144 
10185738 
10167613 
10202249 
10128080 
10282459 
10226051 
10170790 
10148186 
10231052 
10165425 
10213551 
10193603 
10195062 
10129539 
10223916 
10093288 
10488714 
10504341 
10222198 
10099330 
10196051 
10215791 
10230479 
10114017 
10189019 
10164956 
10290480 
10101153 
10257043 
10163759 
10159695 
10075214 
10247250 
10280637 
10228187 
10150164 
10127559 
10111413 
10225583 
10155686 
10172613 
10745075 
10705127 
10251365 
10255896 
10253552 
10237510 
10200374 
10165998 
10248031 
10191259 
10120163 
10269646 
10132351 
10229176 
10195009 
10233656 
10166362 
10193863 
10056151 
10193550 
10097247 
10243083 
10164383 
10247927 
10219489 
10231573 
10144331 
10205269 
10153604 
10146162 
10167516 
10225852 
10146578 
10241321 
10224758 
10168089 
10064076 
10185746 
10167204 
10189861 
10131943 
10186215 
10093296 
10165590 
10111629 
10188767 
10128870 
10202257 
10123870 
10191163 
10185173 
10165954 
10084702 
10189288 
10097775 
10182309 
10171527 
10220487 
10124703 
10917954 
10348407 
10256477 
10241529 
10179757 
10302624 
10261686 
10137672 
10099858 
10257936 
10266270 
10229185 
10220904 
10093348 
10164600 
10167569 
10173611 
10141943 
10196372 
10133975 
10208924 
10161111 
10180486 
10131891 
10250644 
10147777 
10273040 
10200747 
10209654 
10191112 
11108844 
10264186 
10246633 
10248873 
10301427 
10160954 
10286374 
10117359 
10247779 
10172048 
10232831 
10180017 
10228092 
10160746 
10184027 
10204809 
10191476 
10157621 
10171891 
10142255 
10227570 
10125797 
10227727 
10241842 
10221581 
10128610 
10256738 
10123714 
10208143 
10404606 
10233664 
10147933 
10244914 
10204028 
10230436 
10222102 
10254967 
10128151 
10243672 
10097262 
10263309 
10131482 
10274559 
10184296 
10264872 
10088565 
10216224 
10141275 
10232892 
10058928 
10183619 
10208933 
10250913 
10157628 
10171848 
10200078 
10223412 
10124138 
10191901 
10182525 
10202058 
10112524 
10158827 
10167941 
10232631 
10036636 
10285028 
10151848 
10188151 
10135649 
10197369 
10168306 
10211380 
10176848 
10193098 
10180234 
10247007 
10168098 
10184713 
10174088 
10196693 
10126222 
10166692 
10133617 
10209505 
10174244 
10213516 
10182056 
10435397 
10080543 
10197890 
10070283 
10224245 
10098512 
10189349 
10207890 
10207162 
9947883 
10160702 
10368676 
10343311 
10188411 
10240548 
10295341 
10290289 
10163463 
10236120 
10170390 
10200547 
10126483 
10175859 
10111013 
10238986 
10124815 
10203099 
10123721 
10227891 
10155910 
10110075 
10194401 
10231642 
10116221 
10263413 
10151535 
10237892 
10102783 
10271747 
10237944 
10252944 
10153149 
10299091 
10194869 
10189921 
10123201 
10172577 
10192163 
10224200 
10168263 
10231650 
10148001 
10373685 
10206597 
10459104 
10162116 
10204669 
10149407 
10233264 
10363633 
10235347 
10155918 
10221493 
10250348 
10191336 
10160866 
10202377 
10325246 
10236285 
10169095 
10024300 
10087739 
10392331 
10247379 
10207013 
10136230 
10290714 
10179877 
10271078 
10176335 
10236806 
10136855 
10198940 
10992244 
10268995 
10135397 
10172220 
10178002 
10233368 
10179148 
10199253 
10156804 
10170971 
10136751 
10190815 
10159407 
10230348 
10257223 
10253108 
10248004 
10261702 
10161855 
10205659 
10144408 
10211753 
10053831 
10166126 
10025394 
10084926 
10053364 
10341236 
10128573 
10194826 
10153053 
10208159 
10184826 
10202430 
10157012 
10456188 
10251806 
10240712 
10141751 
10202899 
10251546 
10231754 
10229619 
10239150 
10183106 
10309100 
10363997 
10303683 
10262484 
10297589 
10156647 
10210920 
10220868 
10153366 
10082322 
10222795 
10161335 
10254098 
10090968 
10186961 
10187638 
10218212 
10122907 
10218584 
10157020 
10211917 
10108998 
10360672 
10193479 
9932169 
9877636 
9977379 
10088268 
10248220 
10204365 
10266814 
10150510 
10202074 
10159937 
10192437 
10131186 
10225668 
10155093 
10187907 
10131498 
10231189 
10202542 
10228012 
10198272 
10266086 
10117644 
10196917 
10120977 
10250981 
10540886 
10281816 
10182646 
10251762 
10158114 
10157228 
10238325 
10630941 
10528593 
10659118 
10615471 
10289524 
10161395 
10065142 
10305254 
10270982 
10186500 
10176552 
10194000 
10207073 
10131654 
10209104 
10154676 
10194885 
10136551 
10200980 
10160458 
10254992 
10153062 
10222959 
10289993 
10153687 
10012484 
10205667 
10266450 
10259680 
10098632 
10236658 
10203792 
10274002 
10198583 
10172177 
10200094 
10206032 
10170041 
10238950 
10174000 
10253585 
10148321 
10232491 
10192907 
10187385 
10137592 
10146030 
10192334 
10213949 
10055923 
10081445 
10850217 
10656514 
10185875 
10204157 
10094414 
10302441 
10163114 
10187388 
10092184 
10277448 
10078484 
10202029 
10147705 
10368441 
10164476 
10206457 
10138381 
10213071 
10135152 
11108567 
10172184 
10252343 
10086922 
10239947 
10168227 
10226665 
10170570 
10199217 
10081609 
10205519 
10133850 
10185675 
10147756 
10206977 
10073484 
10251614 
10161715 
10191612 
10015670 
10197394 
10170935 
10218176 
10108954 
10210520 
10153903 
10251771 
10094057 
10195466 
10163747 
10202602 
10134371 
10195258 
10182549 
10205936 
10158330 
10213905 
10175571 
10241093 
9942491 
9999315 
9894676 
9964679 
9914781 
9965042 
9937907 
9833945 
10067702 
10216978 
10138590 
10337242 
10149371 
10391358 
10229999 
10283177 
10158018 
10241145 
10150465 
10218645 
10124735 
10171195 
10117808 
10285678 
10198123 
10268698 
10209894 
10251510 
10131089 
10215103 
10129892 
10219947 
10126142 
10170309 
10153747 
10202081 
10204477 
10222186 
10159528 
10230416 
10112443 
10211353 
10204842 
10220468 
10030878 
10217082 
10133537 
10200779 
10188028 
10202504 
10163546 
10234435 
10075418 
10305582 
10229069 
10197402 
10170890 
10033855 
10133910 
10260216 
10123545 
10182714 
10111669 
10266518 
10082190 
10248080 
10129326 
10268654 
10208964 
10183443 
10177349 
10280321 
10854297 
10896642 
10310999 
10671323 
11176651 
24230757 
11945477 
10686531 
10439544 
10588351 
10434962 
11158890 
10814348 
10543506 
10349438 
10475796 
10799243 
10599654 
12358042 
10978572 
10594341 
10888309 
11470046 
10365272 
10362771 
11001073 
10944144 
10694552 
10852266 
14440868 
11014927 
10742471 
10763409 
10783149 
12601331 
22838890 
10517933 
11063574 
10284436 
10526266 
11337229 
10179484 
10651426 
10901069 
10318343 
10362511 
10432096 
10542673 
10355271 
10528662 
10474910 
10176619 
10097242 
10289072 
10239747 
10689657 
10612103 
10625123 
10624290 
11141130 
10436107 
10392876 
10207193 
10287300 
10202975 
10244121 
10177870 
10292249 
10122254 
10395281 
10479867 
11381406 
10887587 
10844045 
10498878 
10568098 
10458824 
10691800 
10506742 
10596068 
10361998 
10537994 
10565234 
10522264 
10300434 
10835815 
10715342 
10916860 
10394760 
10423614 
10731593 
10362363 
10320278 
10271631 
10148762 
10105531 
10237046 
10201524 
10210014 
10275277 
10186263 
10198087 
10111730 
10512784 
10317986 
10348039 
10480804 
10622319 
10518149 
10374499 
11349113 
10567109 
10771803 
10846753 
10608985 
10824617 
10532368 
10900922 
10501482 
10683102 
10523254 
10579245 
10486481 
10902172 
10823471 
10821753 
10698259 
10784043 
10606485 
10483512 
10560494 
10591745 
10371113 
10478304 
10402521 
10543150 
10519555 
10269704 
10322934 
10288193 
10307986 
10187774 
10202566 
10270746 
10364915 
10798991 
10124908 
10376530 
10717374 
10422990 
10653154 
10678258 
10477470 
10556327 
10291058 
10382832 
10543983 
10771751 
10108188 
11596100 
11390886 
12257944 
10333408 
11509439 
18778220 
10241638 
10202626 
10349818 
10232106 
10300910 
10183198 
10291431 
10244762 
10489145 
10655714 
11007027 
10800979 
34963750 
10314140 
10224553 
11123750 
10203616 
10788582 
11395060 
11470011 
11279119 
10689465 
12205139 
14262655 
17001025 
10835303 
10886398 
10532167 
10892961 
10754675 
10367058 
10083403 
11068957 
10713216 
15217894 
10668787 
10788010 
10464978 
10648839 
10303827 
10663318 
10371850 
10864940 
10806448 
10430862 
10302525 
10605296 
10300754 
10236742 
10018610 
10035329 
14551102 
12205452 
10071528 
10024391 
9966576 
9951837 
9857458 
9992358 
9902668 
10070851 
9803655 
9867928 
9823812 
10079184 
11017548 
10351277 
10181427 
10192470 
10179187 
10196115 
10594982 
11144428 
10145853 
10502063 
10605243 
10573835 
10228044 
10451124 
10149082 
10464561 
10240127 
10440446 
10327266 
10431800 
10685559 
10780093 
10416332 
10678847 
10554833 
10888178 
10739474 
10436652 
10557177 
10397223 
10394671 
10481913 
10371702 
10483685 
10517540 
10857030 
10543478 
10340242 
10255656 
10554156 
10319981 
10407484 
10182946 
10213363 
10239198 
10164872 
10182321 
10219301 
10109661 
10214561 
10218103 
10234197 
10238625 
10253678 
10237114 
10223519 
10210290 
10436079 
10390505 
10416183 
10390401 
10492851 
10409099 
10462538 
10483320 
10427433 
10364723 
10434100 
10382379 
10510664 
10181123 
10401390 
10688744 
10619106 
10532801 
11010421 
10691712 
10558844 
10867604 
10419308 
10479779 
10548478 
10516498 
10469153 
10819685 
12198325 
10556500 
10451392 
10405089 
10723589 
10335086 
10853437 
11111778 
10711401 
10425870 
10507488 
10381702 
10426912 
10312481 
10574000 
10477330 
10937085 
10342691 
10440142 
10656035 
11014744 
10569990 
10673743 
10662284 
10556239 
10415349 
10002992 
10568792 
10274251 
10370660 
10337742 
10391130 
10727131 
10867613 
10428795 
10504474 
10522705 
10601665 
10127795 
10860424 
10847091 
10359314 
10350198 
10426504 
10648906 
11488050 
10430410 
10158994 
10563175 
10509683 
11162518 
15330890 
22066850 
10249570 
10113627 
10102169 
10132535 
11167726 
10720212 
10381970 
10518069 
26963892 
20222828 
11347733 
11518936 
10871831 
10936833 
10643802 
10483849 
10525830 
10478223 
10520726 
10820162 
10238320 
10288165 
10155348 
10562550 
10006541 
10192745 
10192173 
10254570 
10184724 
10248528 
10210037 
10254049 
10270248 
11664358 
23674353 
22667756 
10046959 
10017010 
9962112 
10086908 
10445931 
9999301 
9991436 
9995342 
10254205 
10151233 
10246706 
10200818 
10014926 
10140451 
10944073 
10878654 
10254258 
10390304 
10368585 
10394888 
10221184 
10241705 
10087377 
10166651 
10152848 
10143629 
10113263 
10196234 
10165296 
10225819 
10167901 
10448327 
10169567 
10259316 
10101759 
10299944 
10060561 
10249473 
10136293 
10227025 
10419427 
10383332 
10277495 
10239109 
10086395 
10158012 
10602038 
11037626 
10477294 
10311559 
10216503 
10258328 
10062280 
10116344 
10169366 
10348800 
10539536 
10944342 
12726905 
23929223 
16311092 
10983250 
11073878 
10939706 
13165930 
16693918 
11346022 
10961269 
11628481 
10934497 
10476096 
10188847 
10043424 
10134886 
10078218 
10064311 
10102072 
10057332 
10665061 
26360507 
10663706 
10801212 
10621101 
10351248 
27144649 
46224014 
12482885 
11002261 
16252288 
10763502 
10911997 
10796941 
10723240 
10989760 
10639435 
11064241 
10414531 
10484638 
10267547 
10383280 
12430227 
10645581 
10508181 
10642040 
10606830 
10281245 
10340311 
10267547 
10439116 
9950609 
10245828 
13501932 
13973198 
10770430 
17056952 
12627890 
10282288 
10271618 
10457145 
10534648 
10301358 
10386726 
10372350 
11823340 
10909817 
10395059 
10225678 
10368757 
10204740 
10561889 
10157967 
9977753 
10073433 
9808424 
9843112 
9886083 
10137081 
10323494 
10486729 
11528954 
11580779 
15619309 
10675226 
10116924 
9880041 
9949626 
9935668 
10054475 
10288545 
10651319 
10545637 
10632464 
10154738 
10124997 
10062964 
10306306 
10192395 
10256774 
10291462 
9958168 
9868530 
9837071 
10170364 
10035515 
10089215 
10236617 
10058798 
11193005 
10231877 
10281044 
10277868 
10273441 
10136248 
10232085 
10231096 
10324067 
10148384 
10681840 
11302487 
10261565 
10405320 
10105726 
10205000 
10125362 
10217606 
10286513 
10577722 
10897056 
10575066 
10746218 
10472145 
10517929 
10435008 
10296983 
10912213 
10640849 
10317244 
10803356 
10032547 
10344589 
10095048 
10568660 
10353652 
10341412 
10334016 
10343912 
10360892 
10348756 
10223751 
10142759 
10248231 
10283545 
10227450 
10145268 
10126151 
10223238 
10136099 
10207925 
10248083 
10280532 
10157923 
10193445 
10142923 
10273396 
10096931 
10717631 
12324981 
11860798 
10130943 
10109588 
10058024 
10065732 
10032450 
9772961 
9881142 
10093754 
10616585 
10436631 
10072868 
10362774 
10234176 
10236415 
10152141 
10265739 
10201362 
10279906 
10247040 
10513718 
10241833 
10226884 
10131203 
10251311 
10191987 
10472362 
10543145 
10355535 
10145058 
10848469 
11554484 
10942118 
10939930 
16571335 
11670217 
14769966 
12256541 
11549276 
10717058 
10598304 
10436527 
10626951 
10575073 
10592314 
10586324 
13118499 
11649279 
14970130 
10945556 
10808780 
11112489 
16251531 
10901231 
11321038 
10872428 
10998370 
11095717 
10400692 
10169746 
10420380 
10459653 
10292876 
10494341 
10832739 
10582365 
11507920 
11593705 
10751069 
10698464 
11707771 
10240582 
10372827 
10299595 
10606116 
11311246 
10376108 
10229905 
10440545 
10267831 
10153607 
10008602 
10171629 
10094595 
10755400 
11187083 
10957856 
13426437 
10743994 
10659095 
10735139 
12161703 
18171145 
11567722 
10506328 
10633052 
10469244 
9968965 
10515964 
11307765 
20913279 
10375959 
10973638 
10591228 
10408513 
12681618 
17585030 
9991830 
10377470 
10187514 
10071938 
10963429 
10254080 
10264496 
10318717 
10329291 
10401012 
10555653 
11336829 
10740973 
10889989 
10554404 
10542112 
10447316 
10420493 
10335749 
12782507 
10335594 
10343563 
10257465 
10625291 
11208438 
10131731 
9911463 
9905786 
9930110 
10078292 
9933964 
10005217 
9963027 
10453150 
10717691 
10348146 
9973236 
10596958 
10398512 
10320384 
10496798 
10744619 
10154805 
9955266 
9929276 
10063343 
10045739 
10076001 
10400439 
10345386 
10289289 
10478568 
10440337 
10434607 
10442784 
10530652 
10284289 
10426274 
10478880 
10413617 
10317415 
10400231 
10015633 
10268561 
10153671 
10266275 
10041423 
10250910 
10325340 
10187210 
10346174 
10265858 
10151635 
10566651 
10520712 
10687958 
10440032 
10796347 
10580558 
10551755 
10489565 
10241170 
10089081 
10321903 
10199346 
10199346 
10155802 
10195751 
10387217 
10254348 
10139187 
10147989 
10266015 
10111321 
10363466 
10211013 
10130489 
10287317 
10106947 
10255546 
10198200 
10309298 
10111790 
10167157 
10194762 
10293411 
10934947 
10470189 
10255389 
10432219 
9782090 
9923762 
9991265 
10072883 
9917044 
9918502 
9756933 
10041423 
9992879 
10440501 
10376956 
10371592 
10138718 
10283203 
10064445 
10300027 
10141843 
10184970 
10454824 
10326746 
10192106 
9944232 
10138823 
10080748 
10292057 
10192783 
10177730 
10267421 
10157209 
10311225 
10194814 
10340445 
10185907 
10005276 
10199449 
10253410 
10232628 
10493783 
10347840 
10448053 
10447324 
10362477 
10449459 
10453209 
10287005 
10375706 
10252473 
10215335 
10105228 
10179918 
10187002 
10226017 
10177580 
10184613 
10191904 
10563898 
10247376 
10251647 
10165758 
10342796 
10463843 
10539158 
9950905 
10053775 
9769961 
10673225 
10065858 
10259094 
10238208 
10257011 
10136434 
10151070 
10219823 
10338785 
10214510 
10294669 
10149403 
10321441 
10242844 
10286752 
10226802 
10175654 
10282846 
10125600 
10073046 
10243521 
10133152 
10023773 
10270137 
10185342 
10600358 
10816356 
10557908 
10771406 
10567492 
10216124 
10155913 
10232427 
10176279 
10261855 
10133100 
10270970 
10204926 
10141329 
10010231 
10212062 
10205187 
10237688 
10178206 
10193415 
10160601 
10247167 
10167217 
10295294 
10114401 
10220396 
10219562 
10180238 
10365193 
10293263 
10088098 
10214146 
10000595 
10194509 
10202895 
10249511 
10163987 
10227114 
10069244 
10209145 
10150288 
10218520 
10215916 
10097005 
10159300 
10245761 
10159872 
10160602 
10154039 
10258158 
10100130 
10221281 
10230813 
10227063 
10134819 
10261699 
10009137 
10139038 
10071900 
10220094 
10177640 
10230403 
10149306 
10223580 
10165036 
10161650 
10160140 
10202954 
10135348 
10207850 
10143629 
10199569 
10159515 
10163578 
10107690 
10209048 
10126753 
10208996 
10090814 
10175557 
10052010 
10206027 
10151077 
10470725 
10216028 
10114461 
10229726 
10243216 
10205558 
10215350 
10195037 
10168630 
10198787 
10271394 
10162952 
10193162 
10155296 
10234361 
10121701 
10266915 
10047011 
10211288 
10152275 
10217955 
10204673 
10255352 
10197069 
10217225 
10154359 
10239726 
10151494 
10181026 
10199204 
10196078 
10087793 
10137743 
10067011 
10230143 
10114304 
10241028 
10189308 
10211808 
10102429 
10251133 
10256707 
10286395 
10162848 
10157900 
10160036 
10150817 
10159671 
10097898 
10592917 
10036749 
9927995 
9997165 
9761113 
10222277 
10202329 
10160556 
10103211 
10252383 
10287176 
9982112 
10131129 
11073353 
10189880 
10250196 
10256081 
10180558 
10125816 
10187589 
10181912 
10141702 
10353637 
10227799 
10189777 
10300099 
10152385 
10245463 
10101760 
10219368 
10136187 
10172074 
10181138 
10207857 
10072592 
10118062 
10153428 
10084258 
10068008 
10227858 
10158845 
10168116 
10166605 
10124573 
10130927 
10141917 
10102385 
10184731 
10106707 
10281141 
10160772 
10203066 
10134469 
10289944 
10164262 
10127750 
10125042 
10221139 
10099468 
10214056 
10197856 
10210305 
10039882 
10103322 
10089154 
10218587 
10277756 
10234161 
10217546 
10539954 
10187961 
10020350 
10077748 
10334581 
10181606 
10217233 
10133428 
10270985 
10181815 
10210045 
10198795 
10216347 
10157334 
10280152 
10212493 
10191606 
10110718 
10199992 
10095196 
10202284 
10166919 
10342134 
10155459 
10234786 
10133115 
10214055 
10068633 
10208066 
10080664 
10190825 
10088738 
10331924 
10218222 
10190721 
10196815 
10208013 
10073790 
10185930 
10151292 
10275152 
10161658 
10249057 
10145303 
10201763 
10142699 
10206138 
10170304 
10253432 
10141344 
10206034 
10152334 
10231661 
10156762 
10205621 
10166304 
10131247 
10153696 
10019836 
10564233 
10228387 
10175207 
10325266 
10296879 
10311775 
10138486 
10240001 
10147706 
10227188 
10152550 
10228178 
10179426 
10231251 
10157082 
10236355 
10244273 
10216563 
10163488 
10189948 
10177394 
10310889 
9916186 
10106610 
10104423 
10217761 
10111194 
10238908 
10186822 
10164790 
10193073 
10173489 
10102496 
10231199 
10054838 
10180467 
10219687 
10212657 
10119841 
10216355 
10172655 
10203020 
10084474 
10198593 
10143956 
10098902 
10081766 
10176509 
10129215 
10236772 
10098954 
10231616 
10137602 
10212240 
10178072 
10210157 
11026700 
10264950 
10230105 
10694916 
10088797 
10406102 
10223542 
10295889 
10192708 
10242293 
10070984 
10169061 
10178072 
10140830 
10175884 
10219427 
10129111 
10265158 
10228594 
10178540 
10134216 
10209271 
10146091 
10243700 
10113851 
10184582 
10152706 
10210521 
10108382 
10209219 
10119580 
10181717 
10166770 
10287868 
10247397 
10280159 
10188853 
10256254 
10160213 
10197819 
10150526 
10127139 
10048125 
10199903 
10169433 
10185944 
10125629 
10246779 
10149900 
10257926 
10175840 
10192038 
10065626 
10156984 
10088335 
10099743 
10188704 
10214174 
10249383 
10208809 
10193340 
10349336 
10584033 
10238185 
10098336 
10298135 
10137244 
10210320 
10216309 
10243967 
10140212 
10196152 
10194382 
10236258 
10081096 
10161203 
10215372 
10246988 
10190319 
10097502 
10141359 
10191465 
10184746 
10215320 
10102555 
10254072 
10135942 
10293344 
10145004 
10276989 
10070730 
10246311 
10161360 
10242613 
10163286 
10083856 
10271885 
10183392 
10183131 
10152453 
10102191 
10262457 
10148391 
10359388 
10065366 
10184485 
10118701 
10188183 
10201309 
10189382 
10092190 
10203028 
10125420 
10223289 
10145422 
10226310 
10139640 
10172141 
10062710 
10189068 
10258342 
10729456 
10238654 
10207871 
10153859 
10207090 
10215007 
10250842 
10317356 
10170422 
10065626 
10198392 
10170527 
10231050 
10180267 
10221265 
10168761 
10234859 
10186576 
10195013 
10211421 
10240380 
10148241 
10269287 
10065477 
10163085 
10057404 
10162356 
10216785 
10208556 
10155377 
10216369 
10117771 
10165741 
10030267 
10170846 
10175690 
10048706 
10084071 
10275225 
10184492 
10259078 
10134178 
10184440 
10176211 
10214441 
10021100 
10139699 
10137302 
10248818 
10135532 
11093749 
10075790 
10234547 
10132458 
10264392 
10132354 
10129594 
10193503 
10579040 
10624615 
10209025 
10069800 
10268402 
10254391 
10210327 
10208399 
10218401 
10178086 
10187045 
10192305 
10138762 
10105478 
10179648 
10088551 
10172149 
10268038 
10284913 
10198295 
10162460 
10238557 
10230119 
10357781 
10250016 
10128501 
10288924 
10178190 
10198086 
10124386 
10212097 
10117042 
10204493 
10104541 
10228869 
10191628 
10358198 
10227984 
10099541 
10070634 
10229078 
10117770 
10201577 
10088759 
10231786 
10098082 
10227619 
10105530 
10183971 
10077769 
10125167 
10154700 
10240172 
10102874 
10260956 
10150802 
10191167 
10165696 
10179447 
10847965 
10518107 
10123351 
10277993 
10144029 
10292004 
10092151 
10249658 
10136685 
10252783 
10251586 
10224188 
10150435 
10166738 
10251742 
10193302 
10165279 
10224814 
10199865 
10245492 
10083922 
10168040 
10113038 
10243929 
10103090 
10199084 
10117465 
10288619 
10089339 
10076631 
10086110 
10185124 
10155383 
10155696 
10127257 
10182729 
10176426 
10139497 
10191010 
10221793 
10254815 
10236429 
10135278 
10245961 
10150488 
10195073 
10170175 
10216844 
10109131 
10228303 
10081422 
10068088 
10060692 
10219605 
10236898 
10254346 
10147674 
10241013 
10166322 
10844007 
10316537 
10146321 
10250387 
10266742 
10199031 
10133403 
10221167 
10307681 
10085902 
10194344 
10168978 
10194291 
10067046 
10231063 
10071682 
10209396 
10172467 
10185801 
10176739 
10225022 
10176583 
10265336 
10010065 
10206063 
10141269 
10291796 
10094183 
10199031 
10210907 
10091474 
10092933 
10378518 
10031003 
10134087 
10147316 
10143411 
10174090 
10184558 
10146432 
10213102 
10151328 
10371337 
10196017 
11066888 
10126743 
10253572 
10154818 
10239197 
10183934 
10267843 
10216851 
10221799 
10223622 
10234300 
10178881 
10244352 
10081950 
10112629 
10546814 
10272062 
10144869 
10266489 
10194142 
10351909 
10146536 
10223935 
10174245 
10345972 
10266801 
10129660 
10196694 
10202476 
10215185 
10022936 
10234769 
10098252 
10206955 
10205080 
10152109 
10257426 
10113879 
10247843 
10085804 
10202528 
10126744 
10227894 
10134869 
10210497 
10131691 
10193413 
10180808 
10165078 
10144974 
10209924 
10132785 
10231019 
10149400 
10195548 
10134347 
10249665 
10221278 
10225654 
10207580 
10218309 
10130754 
10200705 
10213362 
10166693 
10238936 
10195184 
10156589 
10198414 
10113253 
10182370 
10123931 
10280656 
10238103 
10446758 
10192996 
10317116 
10218049 
10314251 
10135911 
10226852 
10098513 
10233623 
10201955 
10173516 
10110962 
10231279 
10147161 
10113882 
10189153 
10166439 
10097686 
10204775 
10090134 
10222171 
10226442 
10243578 
10162273 
10246026 
10139251 
10170971 
10077685 
10248474 
10164096 
10192118 
10153575 
10200087 
10266756 
10201597 
10192118 
10190087 
10089561 
10204670 
10188316 
10214983 
10149304 
10175919 
10130657 
10216077 
10165866 
10255871 
10086228 
10164825 
10127219 
10271912 
10112635 
10146959 
9980493 
10299778 
10118313 
10214462 
10125031 
10153418 
10364105 
10295821 
10218838 
10228526 
10324051 
10262434 
10051695 
10219984 
10171387 
10079301 
10066591 
10230921 
10132897 
10199827 
10207326 
10258735 
10099718 
10215817 
10095707 
9988672 
10136074 
10134459 
10247589 
10293112 
10211910 
10167794 
10216493 
10274413 
10185659 
10055236 
10084353 
10240765 
10094926 
10231599 
10220765 
10237485 
10168366 
10193107 
11019029 
10236391 
10213786 
10216285 
10120031 
10245870 
10049247 
10179773 
10262381 
10281496 
10126803 
10205817 
10113833 
10438170 
10273997 
10185713 
10168638 
10209313 
10200354 
10220043 
10199833 
10366768 
10163738 
10361664 
10235460 
10338069 
10120090 
10157383 
10166811 
10199937 
10126757 
10189520 
10093630 
10193687 
10063525 
10219678 
10112329 
10237179 
10120455 
10199260 
10182853 
10203532 
10191604 
10238064 
10154363 
10181290 
10110142 
10285046 
10122121 
10243845 
10110767 
10201552 
10137539 
10194364 
10123059 
10232595 
10241762 
10189572 
10161967 
10196135 
10142903 
10249835 
10171343 
10117225 
10173478 
10229314 
10091391 
10176499 
10061754 
10176708 
10165301 
10163009 
10113423 
10139882 
10050712 
10258638 
10209625 
10398749 
10201657 
10180457 
10094151 
10114829 
10140872 
10343225 
10215875 
10258013 
10207907 
10229158 
10197489 
10259940 
10206760 
10225355 
10165405 
10251919 
10047431 
10257179 
10191812 
10236033 
10163998 
10329527 
10227595 
10271868 
10190510 
10186343 
10142800 
10192333 
10056545 
10100819 
10199208 
10195301 
10131341 
10196760 
10138581 
10184418 
10001241 
10164890 
10182964 
10199111 
10139994 
10110096 
10123638 
10252811 
10299063 
10014519 
10136764 
10202965 
10156400 
10184110 
10200882 
10274218 
10123639 
10148744 
10175724 
10235727 
10193069 
10190568 
10103065 
10272395 
10251353 
10236664 
10095043 
10189892 
10112597 
10140150 
10231977 
10143171 
10165933 
10152286 
10249634 
10186766 
10222185 
10185361 
10187913 
10194371 
9979934 
10225570 
10164109 
10165932 
10120670 
10247655 
10141608 
10199007 
10105930 
10230935 
10085825 
10013165 
10032906 
10157806 
10169422 
10195777 
10124264 
10842682 
10102596 
10153953 
10153171 
10276406 
10155150 
10247394 
10130201 
10230258 
10157234 
10233957 
10092127 
10208643 
10149473 
10182495 
10183849 
10169110 
10229269 
10234842 
10087127 
10192756 
10189787 
10218799 
10109732 
10162390 
10203121 
10203434 
10149577 
10249738 
10193225 
10196350 
10133848 
10211612 
10149630 
10106138 
10098689 
10050823 
10214997 
10193746 
10144838 
10190988 
10106930 
10190991 
10183805 
10211775 
10179273 
10201149 
10107655 
10184430 
10549238 
10331884 
10170210 
10263756 
10096874 
10176199 
10107186 
10169585 
10189429 
10217504 
10214951 
10208337 
10098540 
10199430 
10138126 
10153126 
10188700 
10220525 
10102342 
10203024 
9997337 
9986138 
9848112 
10031610 
9888530 
10011088 
10077081 
10191461 
10112187 
10382408 
10147083 
10264589 
10126875 
10186669 
10090519 
10281101 
10047860 
10042443 
10167241 
10225734 
10116665 
10170471 
10105884 
10183127 
10171096 
10158387 
10128697 
10216827 
10122239 
10208597 
10124426 
10185211 
10147344 
10195471 
10145260 
10232296 
10176825 
10279954 
10147553 
10211410 
10305320 
10253078 
10154116 
10221671 
10184429 
10226098 
10155626 
10217140 
10174533 
10262402 
10114895 
10192920 
10149584 
10247506 
10103436 
10190159 
10135781 
10274486 
10128385 
10260162 
10131406 
10231359 
10182502 
10169533 
10170210 
10215421 
10102915 
10185315 
10106405 
10185211 
10235063 
10187509 
10111516 
10180165 
10121881 
10224021 
10139642 
10174227 
10158237 
10231157 
10162716 
10277826 
10163706 
10186832 
10190113 
10145319 
10097297 
10251991 
10186259 
10178602 
10194228 
10196416 
10149435 
10152456 
10093390 
10171050 
10155997 
10263034 
10079639 
10139747 
10106516 
11150732 
10193655 
10210166 
10168862 
10236262 
10154799 
10224282 
10182613 
10250533 
10175373 
10242877 
10118079 
10228448 
10098703 
10216937 
10043596 
10250481 
10112610 
10067972 
10150060 
10261418 
10116516 
10222199 
10229907 
10236262 
10180060 
10238918 
10218500 
10104328 
10123392 
10218084 
10172717 
10207822 
10106620 
10252773 
10120683 
10221990 
10302098 
10277774 
10181310 
10184072 
10195009 
10037919 
9867807 
9958905 
9711914 
9733530 
9957968 
10089171 
10024793 
10248918 
10215791 
10235115 
10169956 
10139225 
10135006 
10222927 
10218552 
10284492 
9995938 
10445490 
10113495 
10254648 
10150216 
10231521 
10097713 
10275117 
10163188 
10228926 
10119700 
10146211 
10145170 
10198923 
10105741 
10196474 
10098710 
10299605 
10218402 
10216111 
10170067 
10203141 
10241893 
10150691 
10138087 
10177828 
10122200 
10204704 
10080375 
10167150 
10226528 
10279135 
10184651 
10233403 
10136680 
10232778 
10206162 
10232466 
10220747 
10234862 
9990318 
10143868 
10086417 
10195746 
10163192 
10154337 
10003132 
10217882 
10181890 
10243873 
10184286 
10350076 
10190901 
10247466 
10175640 
10148086 
10154910 
10241893 
10112877 
10181057 
10213402 
10145847 
10182412 
10177411 
10204131 
10223194 
10135846 
10206475 
10172671 
10283510 
10134232 
10151941 
10110585 
10271478 
10136940 
10181109 
10235747 
10278354 
10064646 
10167567 
10200068 
10142045 
10219601 
10210173 
10126732 
10215226 
10115637 
10173505 
10203507 
10179078 
10209600 
10157201 
10073812 
10216007 
10142149 
10199183 
10181213 
10180537 
10158139 
10234549 
10146056 
10233143 
10027092 
10185901 
10126054 
10167203 
10183820 
10161067 
10105590 
10168303 
10204919 
10234088 
10981832 
10234244 
10253047 
10320914 
10249348 
10260026 
10243983 
10220336 
10202367 
10095643 
10128509 
10198565 
10136582 
10197367 
10121894 
10146427 
10120279 
10248879 
10145124 
10254244 
10139708 
10237265 
9931729 
10185179 
10220128 
10279870 
10136270 
10193304 
10120488 
10206586 
10137624 
10018400 
10162938 
10218149 
10195492 
10230805 
10169657 
10073403 
10177834 
10235962 
10233775 
10186585 
10135177 
10252785 
10156792 
10121009 
10183929 
10089185 
10190439 
10237993 
10164813 
10171271 
10145489 
10154657 
10061735 
10182209 
10152573 
10218826 
10163615 
10250807 
10171740 
10203669 
10182210 
10245337 
10158250 
10257734 
10189189 
10198721 
10178511 
10250962 
10163927 
10054026 
10036786 
10251536 
10185127 
10176376 
10179085 
10170386 
10203981 
10248514 
10170699 
10082257 
9918603 
10195856 
10108300 
10179814 
10162000 
10259088 
10163250 
10292475 
10116061 
10194501 
10109864 
10248054 
10097629 
10195706 
10195341 
10265241 
10181175 
10264407 
10210447 
10353839 
10262793 
10242010 
10186227 
10172580 
10092421 
10132838 
10133828 
10204822 
9957258 
10194404 
10132578 
10150183 
10074659 
10234615 
10179873 
10226594 
10115859 
10187842 
10220604 
10202686 
10093722 
10017572 
10202113 
10217791 
10082785 
10183310 
10149246 
10278054 
10216697 
10236802 
10159090 
10212270 
10086638 
10187685 
10145964 
10225448 
10203936 
10177320 
10121693 
10241958 
10170497 
10116328 
10170393 
10161330 
10136068 
10174664 
10109400 
10216801 
10134714 
10191799 
10142527 
10261595 
10195237 
10181644 
10167580 
10205759 
10196331 
10229042 
10157476 
10211958 
10139610 
10217530 
10164090 
10230813 
10202322 
10238885 
10183154 
10327848 
10160027 
11125543 
10064762 
10108567 
10228312 
10250917 
10142422 
10245918 
10092004 
10194092 
10181539 
10287794 
10234510 
10192634 
10137891 
10204093 
10132890 
10176070 
10137057 
10296284 
10514628 
10414215 
10159357 
10093468 
10031747 
10173055 
10158889 
10255507 
10099041 
10081332 
10289884 
10298479 
10135554 
10178473 
10075498 
10243320 
10071697 
10199046 
10092583 
10188316 
10164774 
10193109 
10088625 
10218579 
10107584 
10226652 
10106073 
10219933 
9998151 
10243163 
10221547 
10226704 
10170087 
9873353 
10136283 
10110188 
10138678 
10195296 
10151232 
10182848 
10141491 
10191859 
10183421 
10240507 
10115031 
10111282 
10106437 
10136960 
10123991 
10267747 
10187484 
10192275 
10137585 
10215922 
10158628 
10098052 
10124928 
10204984 
10064092 
10202328 
10217329 
10179202 
10191390 
10195036 
10120293 
10170243 
10070758 
10248372 
10153211 
10231236 
10250664 
10310927 
10058727 
10231235 
10111646 
10160815 
10192066 
10276499 
10175816 
10152221 
10182952 
10187327 
10188681 
10228423 
10117011 
10207796 
10060186 
10259830 
10059977 
10196390 
10137846 
10217121 
10246913 
10295926 
10137377 
10140971 
10119303 
10355981 
10191494 
10187486 
10188380 
10203532 
10136706 
10268744 
10174260 
10228430 
10097069 
10225357 
10375572 
10259785 
10316090 
10208584 
10154989 
10172125 
10107538 
10227231 
10092902 
10189105 
10141081 
10137748 
10164832 
10097745 
10160666 
10187907 
10262806 
10128320 
10229992 
10169364 
10113632 
10192178 
10175718 
10288537 
9855910 
10196865 
10086912 
10255826 
10152436 
10115975 
10140300 
10242284 
10185980 
10199574 
10079932 
10195146 
10164572 
10139050 
10051545 
10202646 
10133424 
10207647 
10197282 
11115348 
10159467 
10206292 
10078318 
10198740 
10184677 
10115298 
10160093 
10270567 
10218481 
10195875 
10193896 
10199574 
10124049 
10178896 
10135820 
10203532 
10087797 
10219574 
10207699 
10115090 
10152020 
10232023 
10147905 
10256087 
10075401 
10186344 
9955082 
10280672 
10159519 
10218793 
10170249 
10153530 
10137175 
10213689 
10218533 
10217699 
10100193 
10221919 
10199313 
10232544 
10085557 
10142019 
10205512 
10191708 
10138216 
10160983 
10174266 
10213643 
10214529 
10175829 
10168693 
10222133 
10171818 
10159942 
10208331 
10260938 
10038426 
10006497 
10153693 
10176819 
10110930 
10178382 
10159214 
10216092 
10120201 
10211351 
10080824 
10328285 
10138796 
10236405 
10142963 
10163640 
10131608 
10215883 
10160828 
10177131 
10145724 
9930660 
10079678 
9969308 
10217706 
10177600 
10166453 
10216560 
10283021 
10179370 
10151661 
10246249 
10126190 
10135514 
10201768 
10219477 
10193486 
10226248 
10259843 
10234947 
10201559 
10148692 
10146504 
10210049 
10141348 
10123170 
10136660 
10243541 
10070511 
10178277 
10149317 
10215883 
10045614 
10184788 
10163901 
10250468 
10129472 
10257708 
10210831 
10385735 
10075199 
10111503 
10077282 
10288491 
10041083 
10221665 
10152077 
10197027 
10152234 
10204371 
10178224 
10192653 
10030457 
10273542 
10199528 
10233957 
10136556 
10141036 
10115722 
10248801 
10095981 
10151661 
10237915 
10252187 
10093741 
10214945 
10147858 
10231876 
10112295 
10145677 
10176720 
10251360 
10195732 
10246412 
10124218 
10167762 
10151615 
10343031 
10228806 
10261517 
10203806 
10261361 
10155262 
10287038 
10135833 
10210681 
10134635 
10233546 
10053537 
10160626 
10185263 
10215941 
10080258 
10135000 
11000826 
10175367 
10150313 
10216514 
9993273 
10171252 
10168334 
10232765 
9972439 
9967595 
10105831 
10162344 
10078747 
10234952 
10117603 
10181825 
10167033 
10218962 
10097029 
10257662 
10165574 
10244745 
10217348 
10203962 
10100884 
10165053 
10089112 
10154376 
10122603 
10240369 
10164533 
10219639 
10163022 
10263287 
10184534 
10206305 
10103801 
10066350 
10076403 
10174012 
10132239 
10201982 
10164897 
10270319 
10192242 
10252454 
10197138 
10241411 
10169272 
10292976 
10014733 
10217244 
10094425 
10257506 
10158959 
10160209 
10137239 
10260579 
10151927 
10252818 
10206358 
10196201 
10243026 
10144375 
10271465 
10355167 
10160053 
10227764 
10072809 
10270580 
10116300 
10240475 
10172304 
10229750 
10116046 
10210687 
10139903 
10246209 
10147871 
10191675 
10306837 
10323714 
10197509 
10191468 
10157872 
10201155 
10131933 
10169123 
10050522 
10236522 
10188446 
10182196 
10164174 
10260742 
10143652 
10222146 
10216989 
10191884 
10100160 
10236782 
10171154 
10115942 
10083440 
10210844 
10218864 
10311890 
10171726 
10205843 
10154435 
10209645 
10168758 
10115473 
10186936 
10162247 
10151986 
10246886 
10223292 
10315692 
10207093 
10215010 
10233397 
10086722 
10176832 
10195791 
10267773 
10242199 
10145787 
10175841 
10150996 
10249179 
10109067 
10231834 
10019635 
10270950 
10220583 
10182717 
10094847 
10147194 
10124641 
10194593 
10187821 
10189123 
10153861 
10200582 
10241366 
10249543 
10157403 
10202665 
10256575 
10249596 
10013333 
10121724 
10141569 
10272201 
10110317 
10232147 
10203499 
10238917 
10096097 
10173497 
10148809 
10227823 
10187509 
10221312 
10185790 
10228761 
10089952 
10092243 
9951506 
10263921 
10177675 
11069020 
10109855 
10245799 
10228506 
10210173 
10074748 
10230642 
10136210 
10316897 
10149127 
10184754 
10143293 
10186161 
10259342 
10192203 
10064748 
10206318 
10209391 
10192359 
10161004 
10225330 
10128397 
10287781 
10116052 
10194547 
10138867 
10270436 
10088968 
10223558 
10138710 
10209600 
10097718 
10120584 
10110219 
10039643 
10146992 
10226631 
10176004 
10233194 
10109021 
10179962 
10183088 
10057352 
10026569 
10206682 
10267727 
10236892 
10180067 
10136888 
10150221 
10265956 
10132460 
10177879 
10141002 
10225173 
10079853 
10149700 
10132824 
10134543 
10086884 
10282624 
10145741 
10214339 
10061154 
10123606 
10170014 
10236996 
10125688 
10177723 
10221267 
10235590 
10157148 
10078134 
9930679 
10160326 
10164389 
10173035 
10108553 
10167982 
10175326 
10117720 
10177723 
10265175 
10147929 
10139647 
10141314 
10217100 
10143971 
10191421 
10218975 
10225069 
10321012 
10178973 
10020006 
10217517 
10275280 
10267519 
10205695 
10220653 
10151894 
10233149 
10186219 
10223200 
10156218 
10220283 
10186583 
10251274 
10278723 
10315393 
10187573 
10196376 
10099287 
10241378 
10172364 
10708590 
12827245 
10237211 
9837034 
9924330 
9899901 
9965113 
9815470 
9994282 
9880942 
10001469 
9919122 
9879692 
9917975 
9935997 
9904277 
9950477 
9951310 
10104444 
10135800 
10192104 
10090224 
10192834 
10140800 
10228565 
9935008 
10208355 
10137102 
10291902 
10154030 
10217210 
10107100 
10246170 
10190178 
10203563 
10212262 
10251222 
10227836 
10263202 
10189917 
10235597 
10061056 
10128247 
10165958 
10284506 
10149238 
10297787 
10175541 
10220544 
10071265 
10199397 
10111475 
10237940 
10148717 
10252212 
10098141 
11117727 
10178979 
10187365 
10176114 
10285391 
9850107 
10185594 
10188824 
10200959 
10099704 
10263567 
10189761 
10227783 
10077098 
10023555 
10062931 
10196845 
10192782 
10206793 
10123976 
10201428 
10190282 
10154186 
10202939 
10286693 
10171845 
10206959 
10172423 
10298106 
10142368 
10252687 
10193205 
10265657 
10140754 
10209143 
10244093 
10242061 
10199768 
10148827 
10184194 
10226956 
10216696 
10191642 
10016789 
10166276 
10142212 
10171484 
10214039 
10233155 
10124764 
10216852 
10113044 
10270917 
10138514 
10163568 
10185444 
10155859 
10123722 
10225862 
10203101 
10191954 
10133879 
10212216 
10122419 
10182474 
10031373 
10198778 
10167057 
10279564 
10073198 
10195288 
10131431 
10183047 
10126170 
10174454 
10064604 
10231956 
10138514 
10207736 
10134817 
10238364 
10099085 
10221800 
10188934 
10211331 
10138670 
10262271 
10292533 
10285813 
10110596 
10173985 
10158880 
10325035 
10118148 
10227321 
10253520 
10165183 
10015174 
10186173 
10127576 
10283835 
10092835 
10177839 
10209143 
10203622 
10134816 
10152004 
10173256 
10163098 
10067937 
10201799 
10099710 
10241280 
10132160 
10161223 
10218414 
10251072 
10178985 
10232373 
10244353 
10204351 
10081219 
10282064 
10116172 
10233530 
10129822 
10178626 
10287852 
10190450 
10162792 
10190086 
10170137 
10185763 
10258683 
10204722 
10250245 
10245036 
10149511 
10285767 
10133208 
10234983 
10140812 
10090913 
10170136 
10198992 
10123519 
10129092 
10187794 
10139719 
10153521 
10242068 
10212586 
10207794 
10109247 
10171647 
10229359 
10230400 
10144718 
10084923 
10031327 
10236025 
10103206 
10227171 
10157167 
10214618 
10226441 
10207743 
10176647 
10085340 
10142947 
10201284 
11087165 
10190815 
10134405 
10244880 
10082371 
10237223 
10116904 
10250505 
10184616 
10274361 
10139666 
10215556 
10128416 
10202950 
10203367 
10204774 
10153261 
10147011 
10215607 
10247432 
10177845 
10224931 
9966063 
10280611 
10250662 
10300925 
10148990 
10143000 
10120602 
10234307 
10141177 
10194564 
10191440 
10228213 
10142739 
10225972 
10213785 
10194044 
10121540 
10212013 
10201180 
10268163 
10176543 
10279048 
10206493 
10278111 
10139666 
10213993 
10163313 
10255089 
10309993 
10176340 
10081961 
10201706 
10193165 
10204779 
10151027 
10209519 
10126859 
10122588 
10203634 
10303639 
10124151 
10202852 
10101493 
10229573 
10137797 
10196134 
10217020 
10325151 
10096961 
10223583 
10205092 
10125088 
10169518 
10181653 
10218270 
10242855 
10183841 
10091961 
10257543 
10220405 
10125140 
10223948 
10172799 
10107119 
10032010 
10138110 
10207436 
10174361 
10182695 
10232386 
10179883 
10221917 
10067377 
10148110 
10175143 
10185300 
10171445 
10184570 
10163163 
10198269 
10174622 
10201395 
10152642 
10178008 
10166653 
10149621 
10105244 
10224468 
10151444 
10176341 
10253428 
10271971 
10159985 
10229000 
10128734 
10233115 
10179934 
10054407 
10179674 
10332078 
10229938 
10218270 
10151339 
10203530 
10176185 
10135766 
10228583 
10148579 
9875335 
10169101 
10182383 
10241292 
10201706 
10074982 
10130713 
10173684 
10199728 
10161184 
10214520 
10220250 
10123213 
10213686 
10164673 
10192748 
10229260 
10233844 
10126809 
10219269 
10133272 
10202807 
10144782 
10246819 
10047642 
10173951 
10204526 
10271091 
10168013 
10262498 
10271039 
10202078 
10139574 
10212286 
10128688 
10159471 
10177076 
10244475 
10117593 
10257341 
10114000 
11180205 
10200150 
10143220 
10173638 
10227182 
10168846 
10231975 
10125980 
10208848 
10154575 
10021442 
10116448 
10202911 
10207338 
10233121 
10095561 
10192650 
10410162 
10656426 
10765755 
10493135 
10181399 
10957536 
10160825 
10220099 
10112073 
10223537 
9935968 
10304791 
10656373 
10855238 
10427715 
10201453 
10124677 
10176972 
10137803 
10136813 
10163846 
10238902 
10146449 
10209682 
10107332 
10219786 
10156189 
10267810 
10169732 
10314011 
10142335 
10365107 
10127178 
10073059 
10145147 
10098582 
10189942 
10199421 
10204265 
10246090 
10123479 
10215099 
10234371 
10254112 
10215620 
10231819 
10095405 
10133584 
10174575 
10203119 
10182441 
10229631 
10139157 
10156085 
10104103 
10242548 
10107697 
10204942 
10166297 
10101922 
10141820 
10225679 
10153434 
10176561 
10113693 
10206615 
10239013 
10162446 
10112547 
10416679 
10254013 
10219949 
10186874 
10183124 
10077701 
10259899 
10153956 
10189686 
10142444 
10181665 
10113484 
10269118 
10181145 
10108849 
10027542 
10178072 
10096192 
10058846 
10172602 
10246460 
10106401 
10146872 
10118797 
10276879 
10134580 
10101765 
10129163 
10216720 
10158279 
10133694 
10208333 
10206562 
10095984 
10284796 
10203490 
9836386 
9798987 
10108849 
10196875 
10317767 
10251409 
10068846 
10224116 
10216719 
10084161 
10129163 
10086556 
10247086 
10129996 
10197239 
10171717 
10114735 
10144893 
10198385 
10151768 
10162445 
10175207 
10186197 
10155571 
10210678 
10212344 
10250263 
10175206 
10192031 
10263076 
10203802 
10171353 
10204791 
10111609 
10226772 
10218646 
10195885 
10302297 
10234689 
10126871 
10164686 
9988322 
10297349 
10102390 
10201875 
10201979 
10192708 
10202708 
11063902 
10125309 
10184999 
10059837 
10272250 
10080989 
10181202 
10187505 
10231466 
10102083 
10202870 
10147554 
10253499 
10152399 
10257874 
10179224 
10182557 
10086041 
10186307 
10178859 
10206516 
10182400 
10237820 
10197610 
10192037 
10083020 
10236778 
10155472 
10242821 
10178703 
10210006 
10140784 
10249853 
10064998 
10211413 
10170786 
10247144 
10105104 
10228340 
10050935 
10119063 
10147451 
10199537 
10202923 
10219590 
10205579 
10171306 
10112292 
10279072 
10145211 
10267665 
9969993 
10234904 
10032392 
10099636 
10274593 
10241154 
10099531 
10190474 
10097968 
10265062 
10163441 
10185839 
10147503 
10217559 
10140107 
10126043 
10160212 
10112449 
10068800 
10227559 
10127085 
10241622 
10089427 
10228237 
10192245 
10363870 
10230945 
10165369 
10193390 
10159119 
10046090 
10177713 
10140367 
10238289 
10042340 
10143232 
10193963 
10305428 
10199850 
10245373 
10184327 
10199745 
10097969 
10245217 
10004682 
10288240 
10107657 
10203860 
10187818 
10154118 
9963691 
10213346 
10180740 
10235326 
10167823 
10168968 
10188969 
10188969 
10209335 
10048909 
10178864 
10337259 
10233347 
10102350 
10103704 
10203449 
10160843 
10174593 
10155478 
10221003 
10149019 
10196939 
10142457 
10196991 
10108444 
10145790 
10200637 
10151779 
10150217 
10162145 
10180949 
10211314 
10168291 
10209075 
10114017 
10220429 
10132924 
10138967 
10152352 
10258660 
10157718 
10193293 
10170166 
10223190 
10123549 
10243035 
10165791 
10187980 
10121413 
10095214 
9994479 
10075838 
10081984 
10229075 
10191157 
10121101 
10264234 
10235742 
10194073 
10246681 
10095474 
10238868 
10224857 
10143967 
10111101 
10291631 
10161364 
10176208 
10152457 
10197511 
11162046 
10199335 
10334238 
10276787 
10085995 
10124643 
10102037 
10141519 
10150999 
10244754 
9987500 
10232722 
10216002 
10231836 
10182042 
10196261 
10094537 
10211783 
10177823 
10196053 
10245796 
10185115 
10126518 
10213137 
10144696 
10146623 
9972239 
10253192 
10182458 
10193814 
10173349 
10246999 
10123659 
10235020 
10190069 
10202674 
10165068 
10290595 
10147254 
10219393 
10359506 
10258459 
10166838 
10242676 
10148608 
10223196 
10132409 
10200903 
10169338 
10171266 
10180849 
10195746 
10149910 
10282522 
10086469 
10265177 
10176318 
10231999 
10212518 
10161734 
10179339 
10165224 
10159026 
10217414 
10221998 
10186579 
10172932 
10129701 
10081053 
10109439 
10148452 
10239343 
10175224 
10192101 
10200695 
10237572 
10072614 
10245020 
10102460 
10201371 
10161213 
10259240 
10180329 
10183558 
10099907 
10213352 
10205851 
10139910 
10184600 
10167463 
10111054 
10184183 
10134337 
10173505 
10144389 
10223196 
10149858 
10275855 
10191892 
10171526 
10126316 
10387997 
10078240 
10250541 
10186787 
10233665 
10206632 
10226686 
10120273 
10157567 
10104075 
10204653 
10195746 
10288356 
10210070 
10275699 
10129023 
10251114 
10124804 
10202674 
10147462 
10232988 
10176683 
10198976 
10272626 
10108866 
10048707 
10175069 
10019961 
10177209 
10261173 
10193669 
10129655 
10231587 
10139863 
10247161 
10211118 
10280237 
10269090 
10281487 
10237056 
10215025 
10173876 
10233046 
10217680 
10192002 
10179137 
10231119 
10107779 
10205752 
10213721 
10203513 
10202680 
10353886 
10176376 
10254714 
10214555 
10204971 
10163459 
10195596 
10112883 
10277216 
10140332 
10235129 
10191273 
10238411 
10185439 
10250027 
10158928 
10161166 
10141791 
11025592 
10181324 
10251172 
10122258 
10173251 
10088506 
10162156 
10046993 
10051368 
10179813 
10225546 
10169500 
10207576 
10117466 
10149603 
10027773 
10115123 
10115383 
10250183 
10160230 
10233307 
10147469 
10276122 
10205545 
10227004 
10137259 
10257162 
10106632 
10243411 
10160385 
10202263 
10215858 
10201638 
10158927 
10196221 
10195908 
10139395 
10185283 
10248256 
10120956 
10203669 
10187418 
10145645 
10162365 
10185699 
10118091 
10293778 
10147051 
10073245 
10076943 
10158511 
9844533 
10029753 
10212888 
10258829 
10161120 
10248573 
10204508 
10170548 
10122525 
10214926 
10053354 
10263679 
10117629 
10208936 
10176173 
10225291 
10218937 
10213779 
10083876 
10209405 
10100075 
10168725 
10158151 
10214926 
10110544 
10230812 
10156120 
10232322 
10182580 
10171954 
10019393 
10127316 
10203831 
10220551 
10168361 
10262064 
10100492 
10197008 
10155911 
10292065 
10215187 
10233365 
10138723 
10272065 
10097211 
10202165 
10174246 
10119087 
10129504 
10113097 
10127212 
10210915 
10130390 
10168882 
10132420 
10201539 
10113878 
10210134 
10092523 
10268262 
10162475 
10237427 
10173361 
10232010 
10158412 
10232687 
10185549 
10223832 
10088564 
10235396 
10146797 
10246073 
10161589 
9963088 
10129348 
10367070 
10335819 
10302327 
10167267 
10262584 
10178830 
10243834 
10211905 
10306233 
10138567 
10239667 
10165965 
10266960 
10191903 
10232843 
10133827 
10249563 
10122785 
10173309 
10182945 
10416448 
10173256 
10069501 
9907147 
10202685 
10030019 
10164559 
10177325 
10228213 
10249100 
10263893 
10163783 
10199930 
10149459 
10234829 
10169460 
10227120 
10174825 
10250402 
10146229 
10212744 
10178158 
10288738 
10169669 
11109151 
10123623 
10257903 
10152844 
10150136 
10144302 
10166856 
10168522 
10246235 
10169616 
10249360 
10182273 
10227901 
10143104 
10211024 
10092945 
10125082 
10097632 
10220973 
10121957 
10264257 
10106800 
10182012 
10165033 
10274154 
10142063 
10263111 
10136906 
10294415 
10102581 
10180034 
10267955 
10103988 
10156542 
10189878 
10142427 
10246391 
10135916 
10209514 
10138364 
10239984 
10091539 
10207743 
10186909 
10390046 
10198993 
10191597 
10177325 
10205192 
10219359 
10245350 
10169981 
10098779 
10085184 
10218838 
10288217 
10261809 
10173992 
10227224 
10103883 
10231495 
10129770 
10194982 
10143678 
10284154 
10102946 
10196597 
10090914 
10269518 
10177221 
10172742 
10133833 
10133572 
10115290 
10148938 
10126124 
10223630 
10150553 
10173783 
10082371 
10210767 
10142016 
10221812 
9970443 
10204051 
10146651 
10234105 
10174101 
10215041 
10114462 
10200353 
10138578 
10234104 
10184675 
10103264 
10094461 
10200717 
10220406 
10241449 
10162903 
10241865 
10197696 
10211135 
10194467 
10214260 
10060032 
10159048 
10136494 
10262440 
10123733 
10229001 
10158632 
10230302 
10099878 
10231448 
10065241 
10220458 
10261763 
10186706 
10247804 
10244626 
10157017 
10198686 
10081492 
10165820 
10140870 
10174674 
10161756 
10255304 
10029613 
10273430 
10031541 
10187643 
10138474 
10104774 
10105555 
10217489 
10147589 
10186237 
10099357 
10232854 
10161392 
10265773 
10114566 
10197175 
10109202 
10199467 
10202332 
10248116 
10132016 
10180039 
10109410 
10229782 
10260929 
10154569 
10110451 
10176133 
10125661 
10198947 
10121442 
10168371 
10092638 
10176080 
10074356 
10201342 
10241344 
10176549 
10221032 
10200613 
10182904 
10196915 
11223226 
10635431 
14923554 
11536214 
10949982 
14678487 
23073169 
11716596 
10585225 
10224162 
10273592 
10098269 
32224871 
10479646 
10341981 
10774716 
10833626 
18655767 
10463134 
10740808 
10498867 
10415996 
10268748 
10416204 
10667210 
10945403 
10308438 
10242132 
10045765 
10213171 
10397818 
10321303 
10135772 
10182076 
10297135 
10634760 
9982428 
10668616 
10800551 
10545119 
10447561 
10597414 
10538191 
10529545 
10442717 
10475375 
10488397 
10447561 
10395110 
10938996 
10653563 
16538867 
18403096 
12619724 
10024306 
10432248 
10242132 
10227912 
10197181 
10113269 
10776435 
11679094 
9969980 
13090012 
10269529 
10849720 
10427663 
10986084 
10161033 
10754715 
10505533 
10524128 
10373807 
10792217 
11574921 
19946262 
11145416 
10380422 
10254528 
10167127 
10217964 
10462718 
10267185 
11006813 
13121160 
10698670 
10413340 
10450530 
10374067 
10406568 
10430269 
10457406 
10839928 
14803659 
11569926 
12350704 
11060885 
10975672 
15108112 
10297036 
10300318 
10316881 
10195156 
10110931 
10002696 
10063949 
9907481 
11826193 
10904365 
11137400 
11312828 
16594088 
10791702 
10704509 
10578251 
10693676 
10501633 
10549500 
10580231 
10857488 
12356381 
12853131 
10260784 
15538556 
10153642 
10562626 
10406991 
10581064 
22777800 
11015362 
10896084 
10858165 
10527780 
10689873 
10288286 
10366364 
10228439 
10344748 
10155830 
10205052 
10567105 
10411991 
10318548 
10433920 
10158539 
10297506 
10190259 
10376104 
10472985 
10281723 
10078117 
10290630 
10300370 
10994736 
10837173 
10319798 
10171247 
10409960 
10139996 
10248752 
10085878 
10276566 
10284223 
10464442 
10396678 
10444598 
10532884 
10433295 
10497622 
10569345 
10377093 
11322412 
10482361 
10491371 
10374645 
10505695 
10354645 
10492777 
10619348 
10277035 
10239481 
10244897 
10236356 
10255003 
10274275 
10326831 
10383974 
10272822 
10229850 
10218547 
10148075 
10267770 
10207974 
10282354 
10218288 
10248132 
10172139 
10275113 
10357983 
10374860 
10172972 
10859837 
10829679 
10581070 
10331992 
10403976 
10304907 
10301052 
10292406 
10299177 
10203182 
10201619 
10283135 
10456062 
10259071 
10258706 
10145522 
10177399 
10120677 
10260686 
10190838 
10244695 
10149480 
10223391 
10340430 
10708839 
10282927 
10303397 
10246101 
10070569 
10203078 
10212609 
10172815 
10233913 
10186046 
10232975 
10166096 
10202400 
10114062 
10217141 
10149116 
10179483 
9998950 
10441322 
10445853 
10577528 
10357097 
10517316 
10367775 
10547526 
10997919 
10453563 
10230371 
10142084 
10182660 
10275895 
10047235 
10212818 
10202713 
10139792 
10121458 
10107760 
10123542 
10292615 
10569246 
10502107 
9830451 
10212297 
10090206 
10151773 
10013066 
10132031 
10089790 
10225267 
10126094 
10366525 
10024630 
10825668 
10614198 
10511066 
10068278 
10174326 
10201359 
10247824 
10181103 
10657799 
10196937 
10218814 
10207928 
10123287 
10317257 
10909117 
10212824 
10598994 
10124016 
10250898 
10198500 
10266368 
10560084 
10945526 
10438671 
10407471 
10481017 
10515238 
10307516 
10432160 
10675613 
10397574 
10480757 
10602900 
10572638 
10431275 
10670092 
10797912 
10899273 
10851404 
10778692 
10838279 
10431327 
10704625 
10518519 
10550189 
10514874 
10621286 
10410701 
10710459 
10487319 
10327831 
10312204 
10575659 
10311110 
10674259 
11116630 
11619422 
13439430 
11639059 
11355499 
11163091 
10968600 
12980183 
10645454 
12024031 
14725031 
16317162 
11554574 
10637381 
10715876 
16559313 
10694156 
11280025 
10341530 
10598420 
10724105 
10508572 
10018019 
10129173 
10195218 
10114328 
10071460 
10020468 
10429607 
10509508 
10486539 
27057466 
11086315 
10400856 
10702021 
11337424 
10718480 
10134329 
10198812 
10398303 
11278254 
27896903 
10319346 
10222829 
10270801 
10331638 
10318044 
10240695 
10241164 
11228882 
10757291 
13343651 
11528589 
10412165 
10323097 
10968085 
10388830 
10761718 
10284552 
10335545 
10888340 
11313680 
10786927 
10903081 
11263051 
10287625 
10037401 
10603114 
10109541 
10209860 
10060788 
10213141 
10067143 
10351171 
11619949 
10354713 
9994847 
10262728 
12072477 
10731455 
10422113 
26649174 
10925738 
10893340 
10332264 
10395184 
10753644 
10640877 
10566497 
10684629 
10487690 
10533318 
10715464 
10529099 
10383882 
10309814 
10203922 
10327524 
10130428 
10171785 
10146523 
10272781 
10027036 
10239550 
10349504 
10289656 
10126521 
10202464 
10220121 
10285281 
10254238 
10269499 
10254499 
10342368 
10158920 
10240852 
10161628 
10209287 
10152930 
10213871 
10145794 
10310231 
10108396 
10146262 
10200016 
10209547 
10330649 
10181629 
10229913 
10542276 
10136574 
10325753 
10259134 
10310335 
10219238 
10234606 
10309455 
10294402 
10144392 
10335498 
10564523 
10230180 
10100067 
10120120 
10899440 
11049606 
10282370 
10254712 
10187781 
10274974 
10126215 
10332946 
10260598 
10271275 
10171998 
10533479 
10429150 
10520354 
10405138 
10411076 
10480091 
10493529 
10382324 
10339613 
10329091 
10323935 
10149392 
10253409 
10286329 
10209918 
10193354 
10210647 
10216428 
10319300 
10222939 
10227315 
10151581 
10265963 
10015009 
10245284 
11111693 
10402534 
10119599 
10242993 
10182415 
10138975 
10151841 
10209709 
10193874 
10229450 
10235857 
10279089 
10178561 
10385554 
10152570 
10227679 
10117464 
10281745 
10222887 
10249764 
10102515 
10254191 
10192469 
10452121 
10205230 
10231637 
10270130 
10360240 
10280026 
10205334 
10151320 
10265806 
10156841 
10299403 
10026677 
10141059 
10234242 
10296225 
10175592 
10245024 
9924951 
10254972 
10132413 
10205959 
10174499 
10304767 
10089232 
10130589 
10177832 
10216116 
10268879 
10268673 
10325659 
10302793 
10131481 
10254040 
10137105 
10216330 
10105541 
10238674 
10131480 
10107260 
10151534 
10201120 
10331493 
10277428 
10118198 
10129240 
10213777 
10119917 
10129033 
10174191 
10134866 
10286699 
10093405 
10241748 
10177004 
10214454 
10167368 
10327691 
10170337 
10156586 
10305033 
10270239 
10155805 
10291855 
10206902 
10224403 
10139970 
10308159 
10120543 
10189818 
10091062 
10216538 
10172525 
10170701 
10183776 
10222996 
10146325 
10268208 
10180442 
10194713 
10130594 
10218205 
10183724 
10232216 
10110020 
10183046 
10078664 
10140648 
10174087 
10183307 
10142210 
10300449 
10148669 
10243154 
10156587 
10199297 
10156065 
10278781 
10156639 
10227476 
10066685 
10187369 
10147419 
10251905 
10267583 
10213465 
10202995 
10178255 
10142315 
10271176 
10044235 
10115073 
10107989 
10211642 
10156326 
10332847 
10101843 
10210184 
10014233 
10487180 
10120646 
10194922 
10170024 
10278937 
10133876 
10166587 
10112885 
10231592 
10244358 
10265296 
10199198 
10279725 
10166487 
10216334 
10134663 
10185500 
10060908 
10085701 
10290663 
10243159 
10194875 
10258265 
10080076 
10215657 
10061012 
10214981 
10110443 
10249357 
10147216 
11084828 
10176645 
10239148 
10207011 
10268734 
10238107 
10228680 
10171593 
10210866 
10135549 
10244670 
10187322 
10196177 
10173988 
10222585 
10207428 
10238785 
10174925 
10195657 
10109505 
10211386 
10135236 
10197063 
10170446 
10184249 
10083462 
10211595 
10131694 
10228576 
10578754 
10252952 
10166176 
10212325 
10134142 
10153935 
10135652 
10151070 
10162998 
10249879 
10096743 
10254254 
10149664 
10185916 
10171436 
10239305 
10189354 
10222585 
10149247 
10263525 
10181072 
10254254 
10164561 
10153987 
10379001 
10289777 
10091431 
10227273 
10433641 
10306705 
10168415 
10121485 
10151851 
10268005 
10104974 
10255347 
10198156 
10177947 
10642769 
10376918 
10202063 
10287121 
10190603 
10224512 
10176488 
10215918 
10149195 
10294466 
10535685 
10357078 
10263009 
10221966 
10202902 
10190661 
10182119 
10217121 
10217174 
10196964 
10506932 
10627668 
10270511 
10340411 
10147794 
10366662 
10186859 
10208996 
10150294 
10235300 
10240092 
10220716 
10235925 
10156805 
10198162 
10256239 
10167899 
10127115 
10119198 
10266343 
10170035 
10195036 
10230247 
10243738 
10124511 
10201340 
10213736 
10217591 
10164775 
10230716 
10165034 
10250405 
10143679 
10156076 
10143575 
10207485 
10052371 
10157847 
10152847 
10212694 
10112063 
10230872 
10166441 
10259988 
10053257 
10212538 
10179411 
10188995 
10136803 
10270249 
10147742 
10248581 
10210298 
10216757 
10225768 
10239571 
10115500 
10202277 
10150086 
11599555 
10322336 
10237800 
10192016 
10222174 
10310929 
10288688 
10204829 
10271135 
10211340 
10198631 
10170035 
10247905 
10195089 
10335931 
10183943 
10194412 
10247071 
10258426 
10211496 
10248686 
10298064 
10223215 
10183057 
11175569 
10165347 
10239050 
10315148 
10262078 
10213897 
10236659 
10154727 
10235305 
10170561 
10236503 
10226294 
10218898 
10182541 
10182958 
10089670 
10224210 
10306508 
10238430 
10135403 
10256765 
10165405 
10255827 
10120037 
10159362 
10153998 
10217022 
10088576 
10227232 
10150664 
10190042 
10161706 
10177280 
10231399 
10208272 
10371563 
10279735 
10192906 
10269317 
10323331 
10274995 
10157748 
10181551 
10200719 
10318331 
10148528 
10240149 
10150559 
10204626 
10171134 
10195093 
10200250 
10271609 
10139048 
10170926 
10149622 
10199729 
10215876 
10298903 
10207230 
10267495 
10164414 
10194678 
10098213 
10189781 
10083992 
10190198 
10135767 
10167540 
10101546 
10188687 
10144153 
10210564 
10123423 
10237024 
10089775 
10289736 
10153841 
10214053 
10306924 
10271609 
10098629 
10251295 
10128683 
10215303 
10158477 
10155299 
10060553 
10261817 
10193688 
10194834 
10167957 
10123527 
9978413 
10426255 
10269839 
10314373 
10178895 
10289110 
10108370 
10246555 
10153580 
10232181 
10176608 
10283699 
10088425 
10141345 
10117125 
10245936 
10124521 
10243280 
10171764 
10242915 
10195828 
10212600 
10093321 
10261874 
10253957 
10209006 
10206922 
10279427 
10173431 
10239582 
10104677 
10196766 
10155826 
10172285 
10137231 
10219996 
10160982 
10208954 
10206819 
10252915 
10166659 
10281771 
10183640 
10185046 
10173952 
10166087 
10199526 
10245206 
10448970 
10648253 
10615231 
10734562 
10196141 
10238435 
10275312 
10145929 
10150564 
10218642 
10009462 
10241196 
11220740 
10234216 
10249529 
10235987 
10129522 
10234997 
10180254 
10251613 
10211767 
10199110 
10190880 
10268281 
10166503 
10184109 
10124834 
10195933 
10136450 
10191817 
11160840 
10247863 
10166868 
10179213 
10214631 
10209371 
10273177 
10303179 
10144002 
10256145 
10207704 
10290418 
10202495 
10251822 
10139939 
10253124 
10150512 
10299220 
10220362 
10202704 
10180202 
10244321 
10100874 
10234633 
10198433 
10263749 
10137178 
10189161 
10149890 
10344958 
10115776 
10291882 
10168748 
10251671 
10166092 
10246775 
10036344 
10269328 
10166560 
10249222 
10679459 
10272505 
10191875 
10250316 
10293132 
10315633 
10144736 
10241410 
10210886 
10218907 
10155050 
10239847 
10157654 
10220627 
10216616 
10189271 
10262608 
10193438 
10106817 
10271880 
10142444 
10300371 
10149060 
10222710 
10178020 
10272713 
10206719 
10194322 
10209637 
10213438 
10172446 
10215001 
10255212 
10237919 
10106244 
10228596 
10137756 
10226305 
10154164 
10212918 
10159372 
10229690 
10163852 
10195104 
10131975 
10211095 
10142080 
10210834 
10144840 
10165571 
9981392 
10135569 
10212917 
10191093 
10193959 
10243857 
10188281 
10229064 
10139944 
10468039 
10149997 
10262505 
10196666 
10327248 
10181405 
10287454 
10218491 
10229846 
10162133 
10260838 
10216928 
10205313 
10185832 
10243857 
10152654 
10213647 
10201199 
10196980 
10078951 
10194479 
10116713 
10240732 
10140725 
10218387 
10136871 
10296101 
10168958 
10013899 
10058277 
10021088 
10096457 
10199276 
10254592 
10264332 
10203287 
10192974 
10209277 
10251988 
10071768 
10381841 
10326836 
10114635 
10138803 
10265375 
10179379 
10209433 
10080519 
10223341 
10143856 
10285948 
10154638 
10236935 
10252613 
10211829 
10127761 
10169430 
10204485 
10257822 
10401946 
10150210 
10083852 
10134741 
10259176 
10283448 
10197661 
10206360 
10106717 
10193130 
10206465 
10229851 
10197661 
11134964 
10131928 
10182661 
10110677 
10223237 
10177139 
10249175 
10143648 
10236778 
10243498 
10067601 
10151460 
10214850 
10114114 
10228236 
10082081 
10237039 
10220840 
10247040 
10174119 
10151877 
10151825 
10253759 
10185473 
10207246 
10182295 
10244696 
10121459 
10211934 
10120885 
10205579 
10325691 
10301054 
10093801 
10237456 
10152294 
10139429 
10237613 
10226048 
10152554 
10220059 
10253863 
10232925 
10227612 
10227716 
10165732 
10516433 
10238342 
10333660 
10229226 
10306575 
10224590 
10189327 
10252301 
10268244 
10088700 
9910877 
9969474 
10122141 
10164852 
10292516 
10155060 
10260848 
10169436 
10253139 
10222095 
10248503 
10187770 
10269755 
10127454 
10212147 
10086878 
10134381 
10082190 
10133965 
10014008 
10101045 
10081252 
10473258 
10238138 
10246316 
10184854 
10236107 
10142871 
10241940 
10177717 
10245899 
10155424 
10152143 
10098389 
10219283 
10143809 
10151570 
10149173 
10253504 
10179749 
10229491 
10124641 
10232982 
10175582 
10216470 
10244597 
10190478 
10170581 
10213293 
10505291 
10276682 
10199854 
10258661 
10211209 
10241316 
10114640 
10223605 
10168706 
10160477 
10209125 
10197771 
10176051 
10241003 
10178863 
10182718 
10129224 
10251628 
10140787 
10216991 
10148236 
10284495 
10202458 
10261056 
10168498 
10436953 
10216366 
10170738 
10202198 
10215584 
10176154 
10235325 
10189802 
10256108 
10227148 
10212719 
10165633 
10261317 
10123182 
10230377 
10179020 
10343978 
10166519 
10227356 
10160997 
10223919 
10005571 
10188349 
10297835 
10273093 
10279761 
10134907 
10231633 
10235435 
10077768 
10178503 
10193556 
10185118 
10199182 
11012363 
10256582 
10324242 
10108186 
10186889 
10186785 
11153049 
10068704 
10203765 
10200015 
10268145 
10193452 
10212256 
10168712 
10229393 
10216475 
10140429 
10225538 
10204963 
10138501 
10253873 
10148241 
10185952 
10184754 
10160742 
10160221 
10140011 
10162200 
10201005 
10160377 
10238977 
10103915 
10193505 
10102092 
10262624 
10092508 
10191473 
10136365 
10207256 
10119541 
10163711 
10163294 
10224496 
10151575 
10209964 
10151731 
10162148 
10130896 
10199598 
10206214 
10265957 
10089487 
10254394 
10193974 
10263613 
10106884 
10224131 
10092040 
10682548 
10686038 
10252831 
10312523 
10273770 
10243039 
10429718 
10200484 
10294918 
10172931 
10241216 
10194181 
10298616 
10136730 
10181473 
10068236 
10228871 
10136678 
10229393 
10153241 
10251165 
10179389 
10180378 
10200953 
10209912 
10108030 
10219028 
10151471 
10283569 
10188196 
10057563 
10151683 
10093763 
10185280 
10137360 
10161268 
10302788 
10122984 
10251014 
10228356 
10228407 
10268515 
10217313 
9982557 
10295964 
10152674 
10200906 
10119702 
10263150 
10180540 
10259087 
10101055 
10268254 
10163299 
10172518 
10152569 
10243722 
10135172 
10273879 
10212938 
10229658 
10159133 
10232211 
10139964 
10169289 
10143766 
10222887 
10184706 
10326905 
10172779 
10217625 
10131318 
10275911 
10173404 
10208303 
10211844 
10259504 
10178925 
10180279 
10232367 
10178040 
10150850 
10122254 
10180853 
10289245 
10129703 
10203250 
10148767 
10244190 
10123088 
10199864 
10136005 
10243721 
10171581 
10269608 
10211010 
10255858 
10201687 
10230543 
10234607 
10233825 
10132047 
10243930 
10109754 
10293047 
10270859 
10241430 
10215907 
10194916 
10119442 
10283515 
10186426 
10232678 
10173195 
10031051 
10157725 
10230908 
10133141 
10184395 
11316243 
10247316 
10119911 
10222210 
10117202 
10213616 
10130798 
10225132 
10201119 
10232058 
10118874 
10174502 
10119447 
10297688 
10171690 
10174555 
10151741 
10194661 
9986313 
10273312 
10152053 
10292948 
10273728 
10282896 
10232997 
10269197 
10194660 
10294355 
10079809 
10250289 
10085538 
10199452 
10214818 
10237736 
10174086 
10193097 
10242580 
10247060 
10783295 
10594219 
10229506 
10202057 
10100331 
10193202 
10122052 
10238414 
10059859 
10257165 
10149240 
10230288 
10231798 
10224350 
10138928 
10230340 
10123093 
10287948 
10098821 
10336754 
10244403 
10196327 
10144501 
10246330 
10095956 
10253206 
10168148 
10292063 
10174816 
10228308 
10242892 
10180232 
10132260 
10164711 
10209089 
10258154 
10098143 
10205807 
10118978 
10241903 
10153825 
10204713 
10187577 
10222058 
10118614 
10360453 
10122051 
10266853 
10077204 
10272218 
10212318 
10165231 
10187368 
10209453 
10242424 
10166481 
10140125 
10159033 
10150126 
10282167 
10120801 
10247581 
10192890 
10292687 
10464263 
10931482 
10662301 
10312747 
14606274 
10547085 
10206750 
10271859 
10161538 
10177998 
10158152 
10264983 
10178675 
10259462 
10261076 
10205552 
10243679 
10304933 
10158778 
10235970 
10344728 
10191592 
10122004 
10289515 
10229460 
10240189 
10200499 
10226751 
10178935 
10194405 
10138828 
10254773 
10146953 
10227897 
10131380 
10219615 
10139036 
10174143 
10194041 
10239773 
10097471 
10232689 
10070542 
10265399 
10191488 
10192946 
10169090 
10221490 
10164403 
10154767 
10200186 
10200082 
10134296 
10180758 
10168465 
10250503 
10170341 
10116899 
10165080 
10218677 
10096325 
10177372 
10133932 
10266025 
10126536 
10204614 
10084919 
10264410 
10152892 
11442825 
10123983 
10257534 
10207739 
10197738 
10257638 
10249929 
10092210 
10143880 
10243835 
10291755 
10211854 
10205604 
10169403 
10243575 
10159507 
10157110 
10145079 
10198259 
10175914 
10275869 
10201489 
10264722 
10149871 
10296235 
10134089 
10151068 
10122525 
10204562 
10164455 
10240921 
9998562 
10311397 
10162011 
10248164 
10141333 
10303896 
10156439 
10178524 
10197483 
10198212 
10223891 
10324732 
10104299 
10214098 
10297959 
10141281 
9949393 
10187847 
10211078 
10183419 
10117790 
10211702 
10141229 
10316918 
10176544 
10249674 
10173731 
10189253 
10183680 
10271602 
10132166 
10238996 
10234934 
10227797 
10116279 
10229569 
10175086 
10074298 
10005021 
10237329 
10167064 
10184304 
10142635 
10193316 
10154824 
10209932 
10144406 
10193004 
10144927 
10170345 
10186128 
10228892 
10181753 
10247069 
10316293 
10203577 
10098466 
10194722 
10150917 
10245038 
10104247 
10297490 
10175034 
10247225 
10268998 
10192170 
10123936 
10102789 
10145291 
10221756 
10160866 
10226078 
10160553 
10200660 
10207015 
10202014 
10182794 
10341972 
10287489 
10269519 
10129301 
10173210 
10129874 
10277228 
10122633 
10145656 
10128311 
10207171 
10148729 
10170554 
10114977 
10234830 
10117582 
10224360 
10140656 
10322544 
10127009 
10210088 
10057061 
10224990 
10168527 
10234730 
10108419 
10239418 
10068781 
10206238 
10198321 
10195195 
10103471 
10220718 
10189830 
10290984 
10218218 
10323903 
10195143 
10194988 
10067062 
10342186 
10120347 
10168892 
10174934 
10236032 
10156339 
10283744 
10100085 
10255513 
10202748 
10251398 
10119044 
10151859 
10105554 
10251606 
10130399 
10188164 
10165506 
10207072 
10142952 
10198581 
10176497 
11469660 
10145140 
10217905 
10174569 
10220458 
10113159 
10228324 
10094356 
10201602 
10168996 
10167277 
10111388 
10181237 
10093470 
10206291 
10088001 
10288953 
10128889 
10189883 
10161235 
10195091 
10136754 
10176757 
10134410 
10235824 
10121753 
10203998 
10018934 
10160766 
10105138 
10210874 
10160506 
10235771 
10143630 
10247335 
10219520 
10241449 
10227490 
10208947 
10082427 
10230719 
10096282 
10273066 
10195664 
10210457 
10117951 
10251710 
10113784 
10228480 
10170975 
10209936 
10143786 
10182174 
10156599 
10171132 
10218166 
10237752 
10201868 
10173116 
10183689 
10211348 
10155770 
10227390 
10118476 
10216296 
10191086 
10234058 
10136447 
10334481 
10208587 
10318491 
10225099 
10386412 
10196138 
10179730 
10241037 
10231036 
10196190 
10181970 
10220619 
10238068 
10062848 
10248225 
10184940 
10284374 
10138061 
10191346 
10623877 
10660806 
10755136 
10629503 
10306719 
10864936 
10404121 
10248746 
10275571 
10882853 
9955027 
10158427 
10125717 
10711279 
10430270 
10311823 
10578040 
10466001 
10197492 
10207076 
10627471 
10136238 
10089151 
10704299 
10548455 
10605855 
10969474 
10795972 
10467563 
10938586 
10796545 
10721592 
11034635 
10847330 
10478918 
11114589 
10498712 
10504493 
10474803 
10329897 
10023313 
10274894 
10179366 
10214265 
10216608 
10594968 
10755917 
10750240 
10668776 
10370942 
10698101 
10305729 
10248590 
10641691 
10670807 
10535589 
10780971 
10337138 
10301979 
10533089 
10371463 
10489440 
10272446 
10312709 
10286353 
10156241 
10035975 
10367092 
10304431 
10716180 
10069207 
10174110 
9916019 
10313859 
10249688 
10284327 
10164630 
10276253 
10192237 
10260054 
10307661 
10247084 
10134940 
10192340 
11493319 
10167860 
10057488 
10210988 
10204008 
22246637 
10365947 
10571847 
10242553 
10308442 
10174579 
10660760 
10521375 
10562784 
10189111 
10245886 
10189684 
10273544 
10108063 
10248386 
10235729 
10269794 
10243490 
10296879 
10203852 
10386416 
10247500 
10207967 
10122283 
10220311 
10213175 
10225311 
10152703 
10252866 
10200049 
10190934 
10173745 
10251095 
10145827 
10176506 
10152129 
10213071 
10145723 
10258282 
10192185 
10231301 
10118117 
10244063 
10158849 
10238854 
10189840 
10245938 
10200622 
10306724 
10141920 
10256564 
10211144 
10266356 
10303130 
10266044 
10162495 
10158067 
10103741 
10171349 
10108273 
10205571 
10153744 
10232396 
10156245 
10271148 
10167287 
10219999 
10245105 
10199893 
10110408 
10220207 
10179944 
10225832 
10150307 
10273446 
10249537 
10272247 
10121403 
10240787 
10148384 
10261256 
10064888 
10205888 
10140779 
10241880 
10228129 
10119319 
10185053 
10393349 
10110725 
10180001 
10085150 
10280945 
10102078 
10244693 
10216931 
10152030 
10074212 
10227087 
10120361 
10255839 
10123590 
10219691 
10146925 
10225681 
10212451 
10200471 
10067961 
10212711 
10228598 
10180209 
10062909 
10267819 
10210940 
10233181 
10200784 
10240838 
10045147 
10081764 
10213648 
10219326 
10171094 
10142342 
10120048 
10175209 
10116611 
10167135 
10070045 
10253704 
10152603 
10196408 
10126298 
10228286 
10116141 
10195575 
10289436 
10229900 
10117549 
10222191 
10216775 
10179636 
10163437 
10206565 
10151509 
10254225 
10138174 
10261569 
10149425 
10237400 
10117808 
10171198 
10388141 
10315688 
10054523 
10159114 
10189688 
10273237 
10096140 
10255371 
10183594 
10165104 
10186199 
10157760 
10097651 
10212138 
10141612 
11394932 
10162916 
10270007 
10163854 
10222399 
10142811 
10211049 
10113750 
10245218 
10137971 
10196309 
10140471 
10203653 
10106771 
10198861 
10145419 
10230998 
10102031 
10238291 
10179693 
10241311 
10226206 
10246312 
10150368 
10189016 
10207038 
10196517 
10178443 
10153493 
10210893 
10192975 
10063799 
10214852 
10126720 
10236676 
10117344 
10227561 
10099010 
10210007 
10168599 
10258761 
10133127 
10259386 
10163546 
10253396 
10138596 
10247563 
10227926 
10195318 
10152295 
10244958 
10105312 
10240374 
10194746 
10284804 
10162556 
10209018 
10140575 
10203705 
10192767 
10206986 
10171724 
10189485 
10154118 
10204226 
10139638 
10207195 
10127033 
10206726 
10150524 
10226258 
10181099 
10204435 
10191881 
10208861 
10140523 
10133856 
10122865 
10205424 
10164536 
10218289 
10146513 
10256781 
10179537 
10409084 
10265480 
10190787 
10213393 
10224748 
10229384 
10220112 
10122502 
10287565 
10134064 
10247979 
10157399 
10283659 
10174849 
10206830 
10078905 
10199642 
10099582 
10257980 
10145057 
10179489 
10177509 
10237045 
10170530 
10225742 
10130839 
10208814 
10225899 
10123026 
10132090 
10236108 
10132975 
10235587 
10223294 
10399349 
10201418 
10251473 
10135110 
10236212 
10158289 
10195323 
10174176 
10245171 
10186312 
10192823 
10173343 
10226680 
10173759 
10151414 
10199021 
10261943 
10087607 
10167561 
10229753 
10241317 
10129121 
10219336 
10164124 
10206731 
10191678 
10181051 
10153133 
10196834 
10078909 
10121152 
10195845 
10187927 
10121308 
10191469 
10179072 
10227201 
10049219 
10191782 
10146518 
10211940 
10061877 
10168863 
10228139 
10201261 
10221731 
10230639 
10227149 
10250796 
10087295 
10178448 
10172092 
11430465 
10121048 
10204230 
10133913 
10247619 
10125266 
10194074 
10074637 
10262620 
10145633 
10192563 
10129746 
10372941 
10088128 
10155372 
10047188 
10166102 
10148549 
10223346 
10166572 
10253453 
10162196 
10258297 
10106462 
10271683 
10153653 
10245275 
10173760 
10184072 
10077242 
10242879 
10196158 
10207985 
10154648 
10244134 
10166264 
10214913 
10164544 
10102613 
10079174 
10208350 
10189963 
10238925 
10193193 
10209287 
10153346 
10304919 
10150793 
10206214 
10121833 
10184754 
10146731 
10225591 
10154908 
10226320 
10155637 
10366851 
10157877 
10234341 
10155064 
10217361 
10159076 
10193713 
10125062 
10210173 
10060631 
10209912 
10141627 
10266583 
10159701 
10242155 
10177514 
10285804 
10184807 
10311378 
10159388 
10217257 
10186421 
10162097 
10166940 
10225174 
10191890 
10179285 
10166264 
10226320 
10164544 
10227831 
10141887 
10249030 
10192932 
10229653 
10055006 
10283772 
10179390 
10150846 
10175847 
10160690 
10114957 
10183660 
10162461 
10275073 
10188817 
10189547 
10154180 
10262469 
10163191 
10190588 
10135636 
10268771 
10168034 
10284605 
10224080 
10265073 
10224861 
10201995 
10172566 
10206683 
10178035 
10250749 
10177931 
10216267 
10148866 
10197568 
10274449 
10283042 
10074538 
10272729 
10215069 
10304502 
10061517 
10253149 
10168664 
10301487 
10152830 
10219501 
10180123 
10241117 
10162205 
10176529 
10185592 
10181894 
10183665 
10096575 
10161372 
10345865 
10173091 
10159757 
10147360 
10278620 
9943492 
10004433 
9869424 
10079908 
10054750 
10138454 
10129495 
10266067 
10193562 
10393993 
10171164 
10144964 
10086627 
10130432 
10212001 
10266328 
10156216 
10187728 
10190071 
10060896 
10264817 
10256223 
11416932 
10311487 
10204448 
10172622 
10218042 
10180540 
10159497 
10248983 
10211219 
10228356 
10104701 
10201115 
10023966 
10584996 
10162310 
10207105 
10175175 
10290184 
10199188 
10210907 
10174341 
10263410 
10126838 
10146370 
10181738 
10206219 
10139808 
10189342 
10126318 
10216376 
10110535 
10208928 
10191531 
10329301 
10255337 
10176269 
10100430 
10349771 
10157309 
10208771 
10097461 
10247628 
10157205 
10187259 
10165330 
10222210 
10088137 
10283932 
10175175 
10212001 
10086106 
10172049 
10156892 
10259712 
10125484 
10251274 
10161269 
10201120 
10179763 
10263519 
10183357 
10254456 
10147886 
10230027 
10254404 
10316805 
10179763 
10288208 
10182368 
10239507 
10153720 
10202526 
10282635 
10259092 
10151636 
10255342 
10102570 
10189920 
10219193 
10088871 
10013605 
10206275 
10307637 
10195389 
10203723 
10281697 
10176377 
10159501 
10219922 
10176482 
10117571 
10223152 
10166168 
11123687 
10256644 
10693291 
12827198 
10645527 
12820583 
10588908 
10768036 
10692665 
10141375 
10081579 
10119238 
10131738 
9968029 
9985999 
9891148 
10010271 
9927141 
10093247 
9917504 
9989020 
9901670 
9935474 
9901253 
10178670 
10255498 
10251070 
10186899 
10230548 
10249977 
10281177 
10222527 
10385560 
10251018 
10214141 
10262113 
10596200 
11087747 
10728450 
10622296 
10772515 
11013106 
29528642 
10818508 
13142743 
10601460 
11575699 
10476244 
18303124 
10558124 
11250728 
28475803 
10668184 
10857001 
10623650 
10436610 
10575474 
10416191 
10672461 
20270050 
10831222 
9968190 
10814919 
10321393 
10351863 
10320976 
10472706 
10437912 
10400357 
10281963 
10337905 
10296234 
10369886 
11081658 
10902686 
11564611 
10833098 
10392440 
11430382 
10344468 
10413639 
10854558 
11281047 
11575653 
10317069 
9990847 
10161381 
10043768 
10435151 
10037674 
10340977 
10126691 
10406191 
20023989 
10334414 
10352749 
24383220 
11046082 
10864506 
10670116 
10711265 
10387751 
10238991 
16468099 
10813512 
10318737 
10430516 
10333008 
10952117 
10391554 
10253575 
10097105 
11068949 
10154245 
10307173 
9876308 
10045383 
10480207 
10823982 
10291599 
10280400 
10902634 
10418066 
10597455 
10389210 
10694493 
10619227 
10675533 
10526408 
10640740 
10350197 
10745799 
10501979 
10698816 
10495885 
10335612 
10347437 
10203207 
10350093 
10275713 
10262639 
10581203 
10366916 
10010692 
10333373 
10116169 
10297175 
10167427 
10724136 
10304834 
10447449 
10991135 
11284178 
10104350 
10351660 
10223994 
10416353 
10374005 
10297541 
10273841 
10210035 
10148520 
10261237 
10245923 
10239204 
10184096 
10767003 
10463856 
10257122 
10235245 
10312178 
10322648 
10298167 
10411664 
10269727 
10276394 
10415050 
10477399 
10412133 
10285197 
10301552 
10213889 
10269830 
10035960 
10017937 
9917513 
9892823 
10047314 
10278894 
10200346 
10318793 
10279780 
10271602 
10227380 
10318689 
10188731 
10320251 
10122268 
10199513 
10556988 
11194431 
10372807 
10464325 
10191179 
10333169 
10131122 
10290718 
10249882 
10256548 
10173834 
10257538 
10142060 
10232901 
10147478 
10188470 
10073774 
10202325 
10169823 
10306969 
10145342 
10147790 
10083150 
10193523 
10147426 
10280978 
10606367 
10653558 
10801224 
10685019 
10431041 
10922848 
10924306 
10833102 
10842687 
10435520 
10778307 
10368432 
10494275 
10883783 
10517870 
10502140 
10683716 
10666736 
10885141 
11154485 
11094064 
11544462 
10560430 
17708832 
18980543 
10560274 
10505999 
10449484 
10268221 
10422399 
10315412 
11014995 
10778363 
10503811 
11443465 
13360640 
11133702 
10758206 
10449016 
10600902 
10674709 
10785135 
10716796 
10445734 
10842431 
10396616 
10848108 
10447244 
10734974 
10716953 
11252670 
11162872 
10489384 
10427816 
10569857 
10604288 
10425263 
11209594 
10609860 
10700024 
10267179 
10597776 
11420704 
10682783 
10403387 
10601474 
10816856 
10854306 
10478965 
10502874 
21154560 
11229595 
10574598 
11641813 
10136387 
12449791 
10687210 
11038018 
11401066 
11082813 
11051196 
10440889 
13300428 
10753934 
10872849 
11117295 
10928895 
11306528 
10703618 
11229803 
10847066 
11423776 
10571265 
10744558 
10328069 
10282544 
10301400 
10234677 
10142117 
10278534 
10163316 
10224363 
10149722 
10189673 
10108833 
10178734 
10157379 
10221967 
10146337 
10259525 
10181916 
10274684 
10138267 
14968112 
10506264 
10368962 
10260204 
10221138 
10241816 
10297706 
20718651 
10399850 
10393339 
10408757 
10323125 
10385838 
10333439 
10378806 
10536370 
10174780 
10188531 
10184104 
10597520 
10465687 
10256141 
10629919 
10472251 
10459490 
10511837 
10493138 
10294373 
10216919 
10172749 
10185459 
10138163 
10636377 
10552309 
10670755 
10454072 
10326979 
10084305 
10198636 
10201085 
10150091 
10212231 
10276715 
10103994 
10242390 
10181344 
10609969 
10807120 
10744564 
10183271 
10263589 
10549757 
10281507 
9932783 
10307447 
10162279 
10112432 
10471053 
10249265 
10133059 
10236399 
10095451 
9987215 
10240619 
10117901 
10154310 
10208116 
10070762 
10310729 
10147539 
10238379 
10062168 
10577831 
10066022 
10118943 
9992266 
10865197 
9854496 
10015446 
9979140 
10218326 
11436074 
10273486 
10224941 
10220149 
10194626 
10165040 
10192698 
10263850 
10201345 
10260934 
10144836 
10117280 
10216559 
10216507 
10622787 
11494468 
10296513 
10352975 
10189525 
10263490 
10216350 
10260260 
9950132 
10209266 
10193015 
10078215 
10117124 
10284324 
10284064 
10301982 
10225674 
10235102 
10267239 
10233747 
10550543 
10425689 
10212861 
10194890 
10025815 
10155460 
10051390 
10249269 
10204109 
10199995 
10242810 
10223278 
10173118 
10231144 
10185307 
10265573 
10106237 
10244165 
10148324 
10218955 
10149002 
10291929 
10183796 
10277344 
10271563 
10220518 
10156450 
10220518 
10145199 
10611224 
10705711 
10330213 
10305263 
10242185 
10271511 
10191401 
10111134 
10316619 
10188588 
10273178 
10113843 
10186296 
10219215 
10225101 
10230570 
10234477 
10246092 
10203850 
10113739 
10240935 
10229372 
10231716 
10149001 
10264323 
10089987 
10071964 
10122020 
10203641 
10124521 
10474339 
10327401 
10260156 
10220205 
10247655 
10280417 
10217757 
10149470 
10253281 
10187285 
10202027 
10201245 
10285314 
10155981 
10294847 
10192134 
10281568 
10238231 
10182915 
10629147 
10662014 
9978940 
10175362 
9953210 
10165570 
10041758 
9968003 
9779343 
10232345 
9915707 
10096033 
10420641 
10223074 
10103065 
10229689 
10124056 
10285944 
10145307 
10212812 
10171091 
10239742 
10196041 
10203489 
10152912 
10157809 
10315164 
10092491 
10178904 
10257868 
10272088 
10157912 
10072334 
10238231 
10178539 
10253337 
10085824 
10208438 
9992901 
10130150 
10329749 
10390378 
10307195 
10176351 
10175310 
10132547 
10236252 
10197656 
10129786 
10602218 
10682536 
10196770 
10247763 
10364283 
10146349 
10290006 
10201249 
10265421 
10197603 
11393215 
10125722 
10319800 
10159215 
10247815 
10197135 
10302195 
10235314 
10195677 
10240628 
10057541 
10104836 
10250055 
10185363 
10197604 
10131453 
10099575 
10045509 
10186769 
10170778 
10276932 
10344854 
10248285 
10165101 
10208645 
10157965 
10272869 
10244273 
10432412 
10263129 
10676546 
10804004 
10323030 
10550756 
16902915 
19564734 
11865028 
11100437 
10783069 
10724419 
10728794 
12224847 
12619981 
10996263 
10594252 
11040485 
10636808 
10963499 
12309072 
10842084 
10039471 
10037387 
10104580 
10629308 
10749993 
10582585 
10919278 
10392883 
10290843 
10040564 
9998426 
10296730 
10093172 
9994935 
10208442 
10243288 
10149531 
10097027 
10179950 
9980976 
10519039 
10219745 
10861513 
10552530 
10610608 
10340639 
10565500 
10576699 
11597924 
10463409 
11432130 
10959958 
10210838 
10274019 
11360874 
10580866 
10714210 
17434623 
11192527 
10915944 
10537530 
10362464 
10016708 
10095516 
10170627 
10112653 
10082443 
10058847 
10141614 
10338399 
11090958 
10092234 
10115361 
10087339 
10186149 
10134634 
10194951 
10104476 
10183596 
11402336 
11789553 
10594357 
11052830 
12609095 
11730330 
10105360 
10166355 
9938057 
10774996 
11333997 
10564407 
10386164 
10252091 
10340639 
16957347 
10654156 
10294390 
14937458 
10487739 
10669575 
11407653 
10992725 
11408278 
10755885 
10223656 
10015045 
10025620 
9922799 
10140784 
10103021 
10266940 
10321424 
10401013 
13138933 
10861205 
10310016 
10387366 
10119742 
10194331 
10152712 
10100781 
10197403 
10363302 
10101927 
10124481 
11103776 
10925585 
10300016 
10089114 
10267617 
10401377 
10356843 
10336946 
10404607 
10372573 
10364864 
10794481 
11693457 
10622905 
10469351 
12193913 
10930481 
10488884 
10160057 
10895426 
10432109 
10586548 
10462476 
10562276 
10413045 
10618113 
10352207 
10741352 
10407628 
10143129 
9872482 
9819718 
9727107 
9949780 
9754869 
9891442 
9795967 
9866388 
9890505 
10034162 
9989522 
10059059 
9907954 
9931497 
10002128 
10123126 
9724606 
9827583 
9984001 
9961760 
9922747 
10035828 
9958583 
10062966 
9999419 
9910662 
9814718 
9963167 
9889099 
10117605 
10135888 
10231990 
10274493 
10210529 
9964677 
10155004 
10071092 
10232671 
10274080 
10110786 
9972182 
10094431 
10213347 
10311010 
10202772 
10276945 
10250953 
10041667 
9830087 
10189595 
10454719 
10396538 
10087191 
10381797 
10271215 
10811205 
10118652 
10067814 
9965150 
10155321 
10178917 
10364348 
10266736 
10100942 
10194960 
10269028 
10417894 
10102244 
10018904 
10087034 
10120943 
10189126 
10136778 
9979265 
10086410 
10035312 
10202148 
10235953 
10088441 
10124329 
10085732 
10131257 
10038593 
10091827 
10057917 
9989370 
9980152 
10098233 
10201731 
10739377 
10070627 
10267882 
10281946 
10265694 
10183501 
9975046 
10127767 
10202303 
10256371 
10215691 
10215638 
10038332 
10144019 
10045937 
10162404 
10248818 
10097869 
10209597 
10186782 
10003434 
9933117 
10030676 
9894363 
10459043 
10431123 
10710469 
10474721 
10157821 
10130267 
10262412 
10050834 
9995412 
9864726 
9947232 
9883686 
9994684 
9866080 
9875768 
9903531 
9968171 
10047292 
9941137 
9898426 
10014424 
10082815 
9964006 
10222414 
10246113 
10202725 
10204600 
10065735 
10408053 
10232415 
10202152 
10249239 
10325547 
10192619 
10241009 
10220122 
10231634 
10197308 
10221892 
10255437 
10210538 
10111364 
10180900 
11288174 
10245749 
10147981 
10074799 
10120219 
10267366 
10190693 
10060265 
10221267 
10252208 
10188245 
10186109 
10142720 
10171577 
10180119 
10134334 
10212153 
10496550 
10254604 
10267521 
10299816 
10295857 
10179910 
10204600 
10227206 
10324870 
10200589 
10252989 
10103602 
10242468 
10226581 
10176994 
10224966 
10229654 
10204183 
10233248 
10212257 
10218924 
10140272 
10247572 
10336850 
10358727 
10027555 
10206632 
10246322 
10238509 
10174077 
10193922 
10167983 
10193141 
10187828 
10220070 
10357945 
10245124 
10161055 
10266063 
10190849 
10264709 
10112248 
10182410 
10092768 
10335703 
10184129 
10289607 
10234290 
10253510 
10201371 
10214080 
10167462 
10235644 
10244082 
10399928 
10159336 
10193245 
10146210 
10221111 
10674324 
10307213 
10229503 
10276329 
10375295 
10324717 
10183196 
10087824 
10056885 
10295028 
10211948 
10243618 
10159028 
10206635 
10203354 
10196270 
10209657 
10239659 
10110118 
10393369 
10191218 
10233356 
10237210 
10225179 
10269036 
10228929 
10217209 
10286798 
10253150 
10251691 
10136578 
10250128 
10218303 
10240284 
10185175 
10283985 
10156006 
10234815 
10118295 
10238044 
10239450 
10161475 
10067926 
10226585 
10180748 
10238148 
10170122 
10246535 
10172571 
10210437 
10166372 
10234554 
10152256 
10117097 
10113086 
10308831 
10040998 
10072458 
10662713 
10808141 
10252681 
10174237 
10048550 
10331801 
10194447 
10246899 
10186478 
10277735 
10211323 
10290236 
10256431 
10240857 
10199968 
10291382 
10222731 
10238096 
10225491 
10155538 
10383576 
10231117 
10171997 
10271484 
9971149 
10402224 
10068031 
10274245 
10123035 
10328103 
10168507 
10229971 
10180644 
10220334 
10155798 
10253566 
10151058 
11378082 
10187936 
10164445 
10127255 
10236226 
10167937 
10275864 
10154864 
10199868 
10161636 
10149395 
10110121 
10223360 
10226798 
10197420 
10107621 
10246278 
10144343 
10250133 
10172158 
10230288 
10232371 
10585263 
10172210 
10287636 
10115643 
10310606 
10111267 
10261227 
10213151 
10220026 
10123768 
10277218 
10234089 
10264197 
10169345 
10194972 
10178304 
10238152 
10080015 
10113611 
10015374 
10321024 
10131530 
10288834 
10262060 
10260186 
10259613 
10232370 
10223776 
10267895 
10203566 
10193565 
10156271 
10096474 
10130696 
10295344 
10176637 
10359412 
10127154 
10295605 
10171377 
10288677 
10146322 
10217735 
10158771 
10199347 
10247632 
10277583 
10187211 
10224662 
10195701 
10205597 
10279406 
10267738 
10153563 
10275499 
10213984 
10244195 
10157781 
10237215 
10437283 
10386081 
10149187 
10089078 
10227579 
10183825 
10140541 
10393321 
10232527 
10310710 
10095016 
10189295 
10167366 
10260967 
10139186 
10242111 
10240601 
10315242 
10107570 
10342536 
10235602 
10280401 
10253991 
10254460 
10235031 
10270555 
10117261 
10360458 
10096062 
10234563 
10188778 
10234979 
10129971 
10322487 
10263836 
10420307 
10293526 
10302588 
10314048 
10198570 
10196695 
10243417 
10202737 
10229250 
10233521 
10318111 
10168099 
10338737 
10281962 
10261752 
10166953 
10219145 
10168047 
10292015 
10255918 
10223624 
10239094 
10267795 
10433433 
10971132 
10217166 
10298422 
10213884 
10317903 
10177475 
10171224 
10073821 
10316131 
10335664 
10141586 
10219405 
10236282 
10151587 
10230448 
10078352 
10270868 
10188934 
10241178 
10141222 
10293943 
10205237 
10216749 
10205758 
10233989 
10106740 
10295974 
10154973 
10227531 
10151847 
11431428 
10115230 
10184714 
10195602 
10237480 
10233782 
10224405 
10140493 
9950060 
9918495 
9926882 
9876149 
9870002 
9723949 
9911724 
10288056 
10244928 
10194924 
10205341 
10155181 
10253262 
10198309 
10230395 
10171433 
10272065 
10106897 
10186694 
10066789 
10780699 
10697727 
10337543 
10300144 
10263632 
10238525 
10232848 
10146227 
10208627 
10423696 
10324209 
10219096 
10275404 
10173052 
10347388 
10243734 
10272226 
10179458 
10310562 
10234202 
10309885 
10230712 
10268006 
10179614 
10190813 
10127787 
10242171 
10198261 
10239151 
10167530 
10350357 
10179615 
10257798 
10129090 
10188990 
10239984 
10288998 
10219253 
10059605 
10157945 
10210086 
10070699 
10102942 
10087837 
10225868 
10173052 
10228941 
10225035 
10284936 
10076325 
10168624 
10146799 
10274779 
10193261 
10203418 
10181646 
10241495 
10231129 
10248266 
10520892 
10361868 
10293426 
10238578 
10348013 
10248422 
10178521 
10336919 
10169197 
10238317 
10176593 
10206074 
10236702 
10283321 
10126902 
10363327 
10270871 
10262434 
10236858 
10226910 
10040124 
9866412 
9610610 
9698326 
9867922 
10160342 
10182271 
10260663 
10155863 
10205762 
10145237 
10139768 
10397236 
10400101 
10317074 
10284362 
10159665 
10257902 
10136225 
10241911 
10111433 
10142117 
10135604 
10272282 
10332078 
10319890 
10217746 
10077995 
10106800 
10164304 
10129927 
10295201 
10210610 
10291762 
10173681 
10245822 
10194567 
10271865 
10316452 
10506468 
10064922 
10259208 
10229518 
10299940 
10225299 
10359998 
10203370 
10253113 
10143783 
10284314 
10150085 
10222851 
10067370 
10245249 
10068880 
10236238 
10158523 
10258583 
10152533 
10210194 
10203266 
10245561 
10225038 
10255562 
11377631 
10349476 
10096955 
10161127 
10219830 
10275668 
10111124 
10118624 
10186182 
10249572 
10172482 
10179254 
10145137 
10211183 
10120811 
10231706 
10190505 
10162013 
10200141 
10312546 
10230664 
10179306 
10175139 
10217642 
10238426 
10257437 
10252906 
10241290 
10240978 
10257750 
10108414 
10246602 
10178993 
10332652 
10719401 
10309524 
10101226 
10023043 
10200922 
10279522 
10024293 
10266605 
10100185 
10251812 
10174722 
10239311 
10191651 
10246134 
10203474 
10213475 
10093413 
10141282 
10102164 
10293533 
10186391 
10257078 
10173111 
10126284 
10239002 
10248482 
10127066 
10213271 
10255931 
10161392 
10161809 
10244315 
10183581 
10193946 
10208635 
10208739 
10181653 
10317186 
10247336 
10207281 
10135036 
10241346 
10243481 
10216292 
10195978 
10184570 
10213479 
10232700 
10199832 
10210719 
10226553 
10257494 
10172226 
10197280 
10270775 
10283745 
10175560 
10232074 
10968124 
10828216 
10132379 
10251660 
10322967 
10259212 
10197436 
10209156 
10158370 
10380889 
10126076 
10242701 
10079562 
10108418 
10066644 
10288797 
10044143 
10080813 
10155610 
10224262 
10294944 
10175038 
10156026 
10204416 
10233533 
10268484 
10123316 
10021432 
10153891 
10238273 
10179257 
10229991 
10148839 
10231606 
10148630 
10218688 
9967053 
10176602 
10124775 
10168840 
10176236 
10231085 
10172330 
10197176 
10130973 
10260774 
10252701 
10097481 
10076176 
10218792 
10217490 
10237388 
10145869 
10291454 
10139567 
10199572 
10135660 
10283485 
10098730 
10878950 
10611329 
10256350 
10166084 
10276821 
10097589 
10235412 
10173792 
10335473 
10107172 
10235464 
10091025 
10185772 
10166396 
10335837 
10107537 
10257133 
10174834 
10326253 
10230047 
11380035 
10182387 
10261664 
10159156 
10174886 
10162802 
10259529 
10182179 
10181657 
10176136 
10243329 
10125091 
10207857 
10216869 
10217337 
10163948 
10214890 
10110141 
10228328 
10126393 
10621380 
10576742 
10966461 
10479494 
10267342 
10142540 
10143895 
10279218 
10224109 
10161083 
10205878 
10158322 
10204785 
10105766 
10257914 
10110089 
10230724 
10106391 
10228693 
10424125 
10259528 
10178584 
10255987 
10235568 
10196711 
10265519 
10250204 
10224890 
10215619 
10187022 
10240152 
10154781 
10265414 
10126601 
10342191 
10197023 
10241194 
10166083 
10185929 
10176501 
10253018 
10118215 
10234475 
10168896 
10256612 
10116756 
10119205 
10226036 
10207128 
10193950 
10226557 
10143582 
10173585 
10114464 
10248225 
10192440 
10175771 
10126236 
10210463 
10129418 
10197080 
10160671 
10238906 
10163639 
10202965 
10196923 
10260835 
10158326 
10207913 
10180203 
10204893 
10054203 
10121500 
10079362 
10311307 
10095769 
10300734 
10237031 
10475644 
10163275 
10241302 
10112698 
10146815 
10131137 
10275368 
10229999 
10269325 
10258283 
10181922 
10160670 
10296359 
10160826 
10248647 
10189319 
10259532 
10235833 
10207809 
10084205 
10401159 
10263491 
10201038 
10180516 
10204736 
10508667 
10560755 
10167338 
10301880 
10096030 
10257918 
10185880 
10234739 
10154576 
10216821 
10209372 
10185151 
10163744 
10179213 
10204736 
10235364 
10187183 
10278076 
10223123 
10244114 
10188798 
10178692 
10138272 
10191558 
10094936 
10231666 
10163223 
10243385 
10147753 
10193069 
10209946 
10222446 
10159420 
10303755 
10813744 
10275055 
10177234 
10212237 
10260939 
10236770 
10202340 
10238281 
10177287 
10185203 
10284170 
10333706 
10109780 
11492810 
10194996 
10214529 
10142387 
10273857 
10153066 
10275212 
10199168 
10225420 
10173539 
10237607 
10146142 
10265735 
10125984 
10208907 
10097752 
10235993 
10171509 
10178123 
10092179 
10082386 
10080459 
10112233 
10088637 
10276517 
10061656 
10160831 
10184270 
10263495 
10191875 
10235785 
10179790 
10295476 
10112649 
10186614 
10134630 
10249275 
10178904 
10191457 
10131140 
10167185 
10122181 
10197552 
10149267 
10231253 
10171664 
10284903 
10163123 
10590657 
10166456 
10241514 
10122650 
10205157 
10169529 
10161091 
10172342 
10225731 
10182551 
10166039 
10236357 
10207344 
10149371 
10255422 
10156090 
10202865 
10195520 
10241879 
10149631 
10384599 
10147705 
10238181 
10106608 
10217971 
10157497 
10212450 
10232086 
10221564 
10186614 
10159945 
10177498 
10225107 
10172029 
10233388 
10204167 
10232347 
10158122 
10217293 
10159997 
10213543 
10170883 
10378973 
10257870 
10248441 
10327459 
10184426 
10181457 
10229847 
10181822 
10246723 
10105826 
10210782 
10130151 
10230628 
10176144 
10199011 
10138125 
10254592 
10186253 
10466433 
10182607 
10214380 
10161563 
10196202 
10153959 
10197504 
10215318 
10260894 
10184898 
10245372 
10178804 
10173804 
10109685 
10391270 
10178492 
10315639 
10176929 
10262509 
10147552 
10226309 
10192816 
10181722 
10164168 
10193753 
10145729 
10195160 
10127290 
10244539 
10141093 
10226621 
10157240 
10234434 
10217923 
10162397 
10127603 
10169533 
9956599 
10247195 
10243237 
10267041 
10179013 
10204224 
10195941 
10163022 
10198182 
10230111 
10195993 
10178336 
10129165 
10184743 
10025459 
10222194 
10125467 
10157500 
10155677 
10261260 
10195160 
10263343 
10110882 
10220267 
10118852 
10188232 
11446565 
10252925 
10120727 
10209953 
10099371 
10264697 
10146718 
10255530 
10172814 
10205630 
10157917 
10186983 
10198024 
10283136 
10066243 
10218964 
10162866 
10220162 
10152760 
10192347 
10197869 
10201254 
10185055 
10232611 
10141354 
10184951 
10179326 
10261050 
10174585 
10219954 
10061294 
10291159 
10143391 
10238084 
10126304 
10183496 
10175058 
10245324 
10074685 
10168495 
10203133 
10236366 
10156619 
10229750 
10127658 
10257148 
10254909 
10373824 
10237823 
10322727 
10240949 
10286369 
10149900 
10162141 
10111720 
10130315 
10101406 
10231105 
10188340 
10234906 
10197977 
10227823 
10160057 
10154588 
10139326 
10175996 
10084009 
10203810 
10114168 
10274806 
10199695 
10201154 
10146357 
10141670 
9884721 
10189747 
10145525 
10205164 
10153390 
10236156 
10156046 
10225635 
10115261 
10193549 
10141461 
10178443 
10128960 
10194435 
10108230 
10224698 
10196362 
10215478 
10212770 
10242928 
