1119531 
1782239 
1794271 
1795729 
1802760 
1790416 
1805625 
1864948 
1766666 
1789896 
1793907 
1789688 
1790781 
1801771 
1801302 
1784948 
1802760 
1805156 
1783177 
1809896 
1809115 
1804063 
1818437 
1803906 
1811927 
1789375 
1787604 
1817760 
1834583 
1793750 
1778698 
1796823 
1799584 
1856823 
1810313 
1801979 
1797187 
1807760 
1839635 
1752917 
1800208 
1795469 
1796979 
1756511 
1814063 
1778021 
1797760 
1829375 
1792656 
1811823 
1806042 
1797448 
1837552 
1784844 
1807448 
1836146 
1822188 
1819948 
1797239 
1774062 
1793437 
1778802 
1785625 
1789792 
1816614 
1803698 
1790782 
1781928 
1815416 
1864011 
1760625 
1786770 
1800261 
1805261 
1772969 
1781927 
1794375 
1772761 
1806875 
1785937 
1792917 
1812344 
1851406 
1797292 
1807500 
1830261 
1778698 
1784896 
1757969 
1816927 
1764791 
1758333 
1764687 
1761354 
1765417 
1773906 
1783073 
1792344 
1779792 
1774896 
1771719 
1728229 
1744167 
1718542 
1738281 
1786459 
1761614 
1781510 
1780625 
1708437 
1753125 
1737865 
1772239 
1761458 
1781511 
1760312 
1768020 
1726510 
1779791 
1769323 
1769062 
1774844 
1786406 
1775209 
1775677 
1782239 
1756562 
1778906 
1781979 
1782187 
1786406 
1797552 
1758646 
1745989 
1734531 
1789219 
1764635 
1761614 
1730989 
1749427 
1744323 
1768646 
1741406 
1752344 
1781458 
1747344 
1752240 
1740989 
1764896 
1741458 
1767864 
1763958 
1745417 
1758021 
1742916 
1757552 
1729271 
1755730 
1734167 
1730156 
1756146 
1784531 
1757500 
1764688 
1763281 
1753646 
1758594 
1700938 
1743437 
1769635 
1765417 
1771979 
1771615 
1774167 
1724375 
1738594 
1736146 
1753802 
1754270 
1752969 
1745938 
1735313 
1803438 
1763125 
1759948 
1766667 
1761666 
1753698 
1719479 
1731511 
1729896 
1731406 
1765104 
1763385 
1758073 
1754948 
1767969 
1745937 
1752500 
1761302 
1762916 
1765677 
1751823 
1859010 
1748333 
1783542 
1733281 
1760469 
1724427 
1777448 
1739375 
1735521 
1748021 
1733385 
1740417 
1738750 
1720469 
1731771 
1729948 
1737969 
1732240 
1720260 
1751354 
1791459 
1694531 
1732552 
1725156 
1739479 
1737344 
1730000 
1757396 
1744531 
1742865 
1753906 
1749843 
1746823 
1731823 
1747395 
1734583 
1729323 
1679219 
1737813 
1735521 
1732448 
1731770 
1742968 
1803802 
1748750 
1746771 
1745052 
1736771 
1742344 
1733125 
1716875 
1719531 
1730521 
1734948 
1734688 
1725782 
1741406 
1740104 
1726614 
1788490 
1772864 
1733854 
1737239 
1758021 
1731979 
1753750 
1745208 
1725938 
1737917 
1735000 
1733750 
1751771 
1745521 
1751615 
1790208 
1805885 
1741146 
1753594 
1757604 
1756250 
1760416 
1733854 
1735156 
1744114 
1740052 
1735104 
1775677 
1733594 
1737708 
1735677 
1713333 
1766458 
1727084 
1744792 
1742396 
1730364 
1741406 
1740625 
1744063 
1737708 
1729323 
1736511 
1722187 
1736041 
1725781 
1742709 
1743542 
1787500 
1667552 
1715261 
1719427 
1734219 
1771510 
1735938 
1779011 
1749062 
1748177 
1752813 
1751354 
1785885 
1748021 
1751771 
1740104 
1795260 
1697864 
1726667 
1751094 
1732968 
1731927 
1815208 
1730313 
1734844 
1730834 
1799167 
1735208 
1720938 
1756302 
1798855 
1738281 
1760104 
1719583 
1730313 
1734739 
1745052 
1737396 
1738333 
1729427 
1734896 
1751094 
1724115 
1736406 
1732760 
1737917 
1729948 
1733906 
1720729 
1745625 
1738125 
1745313 
1734271 
1747708 
1746354 
1769687 
1728594 
1723333 
1726719 
1732083 
1728906 
1732917 
1733333 
1736823 
1739219 
1746250 
1739948 
1759844 
1658489 
1679844 
1678959 
1723125 
1937136 
1655625 
1693438 
1696979 
1713229 
1747083 
1753854 
1709010 
1699323 
1703437 
1701093 
1731250 
1705625 
1733229 
1765313 
1737344 
1738906 
1744636 
1741771 
1723906 
1728385 
1725625 
1779323 
1742187 
1721615 
1730781 
1734636 
1737968 
1649115 
1836979 
1719323 
1750208 
1725989 
1735312 
1737917 
1776719 
1733177 
1735260 
1736979 
1742604 
1728907 
1739010 
1738542 
1751771 
1744010 
1802448 
1711719 
1732865 
1724323 
1734323 
1743907 
1681094 
1737187 
1699167 
1695625 
1704271 
1704583 
1718802 
1709010 
1747708 
1735312 
1715208 
1703490 
1691406 
1718489 
1704115 
1793386 
1736510 
1734062 
1716718 
1753020 
1743698 
1732552 
1727083 
1654844 
1801875 
1722656 
1736615 
1737291 
1748958 
1743178 
1746719 
1745416 
1730885 
1728854 
1731666 
1737292 
1739219 
1728750 
1733489 
1732239 
1731979 
1742552 
1740052 
1741198 
1754584 
1738282 
1733230 
1743229 
1729479 
1723282 
1725730 
1737761 
1724219 
1759947 
1822968 
1754791 
1742605 
1738334 
1730937 
1687500 
1790885 
1699844 
1738125 
1773489 
1702448 
1728281 
1725625 
1734532 
1754062 
1728229 
1740625 
1751771 
1748073 
1743229 
1750469 
1749843 
1732552 
1745261 
1750781 
1800313 
1701615 
1742500 
1728854 
1721823 
1732760 
1744427 
1757240 
1735052 
1733177 
1755521 
1742605 
1748489 
1740105 
1751979 
1737187 
1733854 
1738281 
1728854 
1739791 
1724844 
1727604 
1725990 
1755781 
1733542 
1730677 
1737396 
1743802 
1743333 
1743907 
1753229 
1729531 
1738021 
1807500 
1732812 
1735677 
1740781 
1726666 
1732500 
1762552 
1736614 
1736875 
1734791 
1745053 
1753229 
1745208 
1740261 
1658229 
1757864 
1804218 
1985052 
1808281 
1753230 
4022083 
1825729 
1770781 
1808489 
1719948 
1932500 
1838646 
1751198 
2028750 
1799792 
1824948 
1919270 
2219219 
1926615 
1836303 
2728489 
1740885 
2339271 
2266563 
1762812 
1723802 
1944532 
1761042 
2034739 
1854271 
2333229 
1729635 
1725729 
1720833 
1711823 
1735833 
1731511 
2177187 
1723958 
1700677 
1709583 
1763177 
1731355 
1734844 
1738333 
1728073 
1732552 
1729427 
1760417 
1736042 
1721458 
1707448 
1722865 
1709948 
1715157 
1722552 
1722760 
1731354 
1747552 
1734218 
1718906 
1730417 
1741927 
1692344 
1711875 
1710730 
1714948 
1753750 
1747448 
1734844 
1732188 
1796354 
1699114 
1729480 
1729062 
1734323 
1747136 
1749219 
1729375 
1746094 
1738125 
1758802 
1743282 
1721458 
1740208 
1712292 
1744323 
1733906 
1722917 
1735520 
1747865 
1742604 
1742032 
1742760 
1775573 
1755469 
1739791 
1730052 
1725261 
1727240 
1729792 
1723177 
1735105 
1719531 
1741771 
1745312 
1731770 
1745052 
1749479 
1748906 
1796771 
1692656 
1724479 
1790625 
1731198 
1740729 
1692396 
1780469 
1734219 
1862395 
1721250 
1713333 
1703802 
1725469 
1689740 
1765521 
1820469 
1625521 
1728282 
1699844 
1697968 
1712605 
1707188 
1750730 
1640417 
1685104 
1700208 
1692240 
1698229 
1681770 
1697969 
1716615 
1703802 
1698542 
1704167 
1712865 
1693906 
1692292 
1681875 
1689948 
1693438 
1702865 
1685989 
1708386 
1701042 
1702395 
1699480 
1715834 
1776198 
1735886 
1752135 
1730468 
1734583 
1651511 
1761927 
1737865 
1730000 
1722448 
1787865 
1733489 
1743906 
1727812 
1744792 
1731198 
1706823 
1771719 
1743021 
1738438 
1742656 
1736146 
1739375 
1742917 
1731042 
1737916 
1733490 
1727969 
1726979 
1728230 
1737135 
1723541 
1748437 
1770052 
1746406 
1750781 
1741197 
1734844 
1750990 
1722605 
1733021 
1726458 
1727500 
1730833 
1726250 
1725729 
1738802 
1671355 
1765157 
1749583 
1712136 
1747604 
1750833 
1733750 
1723542 
1722500 
1792239 
1718593 
1748281 
1734323 
1731198 
1735989 
1732865 
1748177 
1751563 
1752188 
1748437 
1731719 
1732657 
1723854 
1722656 
1731459 
1785677 
1678698 
1696302 
1709583 
1720417 
1695312 
1716042 
1748073 
1694531 
1690312 
1718333 
1773333 
1714271 
1724427 
1748229 
1720104 
1711302 
1701250 
1729375 
1733437 
1725313 
1747032 
1758594 
1746094 
1756406 
1751615 
1753125 
1763906 
1761979 
1766511 
1739947 
1729896 
1733855 
1758542 
1746563 
1729167 
1742083 
1728125 
1739115 
1745573 
1760573 
1762500 
1770156 
1739792 
1738072 
1738489 
1760312 
1761354 
1747240 
1754896 
1733073 
1750209 
1749375 
1766927 
1752396 
1743073 
1738646 
1807395 
1736094 
1770417 
1758646 
1767552 
1759270 
1757656 
1754115 
1758333 
1769844 
1756303 
1751511 
1756771 
1745781 
1770730 
1748698 
1749323 
1800677 
1761093 
1752656 
1763906 
1766458 
1775000 
1749115 
1753021 
1728385 
1739739 
1734739 
1735729 
1735520 
1739739 
1756719 
1752448 
1764948 
1766927 
1746719 
1752344 
1762813 
1739271 
1748750 
1724219 
1745782 
1739062 
1730937 
1751354 
1760156 
1765573 
1767188 
1757761 
1756250 
1769063 
1765364 
1731510 
1748177 
1751042 
1768854 
1746510 
1734062 
1733281 
1787291 
1743959 
1753593 
1758178 
1745625 
1712500 
1752813 
1765312 
1768698 
1753385 
1771666 
1764531 
1745677 
1747969 
1753125 
1751979 
1729115 
1730886 
1742396 
1741719 
1751563 
1774375 
1767657 
1806406 
1772448 
1748177 
1760468 
1728021 
1769636 
1745573 
1752552 
1797135 
1742968 
1733333 
1746302 
1753125 
1764531 
1765990 
1799271 
1767239 
1784375 
1801146 
1766302 
1762083 
1731823 
1737708 
1745885 
1760990 
1768802 
1774375 
1723542 
1764531 
1736719 
1754636 
1750781 
1789843 
1743386 
1758542 
1760729 
1744792 
1731823 
1841198 
1738698 
1756302 
1724479 
1720209 
1711614 
1750313 
1781667 
1739792 
1738177 
1761250 
1747760 
1758698 
1768073 
1768646 
1731823 
1753802 
1735000 
1715990 
1725104 
1721093 
1701719 
1700365 
1688854 
1693490 
1706406 
1697344 
1701510 
1709531 
1712031 
1686927 
1734947 
1698438 
1692709 
1697291 
1695990 
1689739 
1695053 
1699115 
1674219 
1697917 
1717031 
1702656 
1687917 
1708021 
1760833 
1730417 
1692552 
1689219 
1689583 
1738021 
1717240 
1716250 
1726615 
1734636 
1730208 
1739792 
1727083 
1747292 
1731146 
1733802 
1730208 
1756875 
1761094 
1758438 
1751771 
1758490 
1739792 
1744427 
1728906 
1718542 
1745625 
1722916 
1760364 
1766979 
1733021 
1749218 
1752552 
1773698 
1744687 
1755157 
1740521 
1717500 
1740468 
1761146 
1731042 
1720313 
1749583 
1751510 
1733489 
1783959 
1764740 
1758490 
1774115 
1755365 
1751250 
1723906 
1751302 
1718333 
1732135 
1760417 
1745468 
1740312 
1728177 
1750521 
1752761 
1755104 
1730104 
1737552 
1741614 
1757344 
1740261 
1741250 
1746875 
1753489 
1753646 
1764688 
1731823 
1732135 
1740312 
1744010 
1736041 
1734583 
1721406 
1748959 
1753542 
1757396 
1737605 
1754531 
1749271 
1749323 
1710885 
1758750 
1742865 
1736042 
1738906 
1718438 
1731615 
1745885 
1746198 
1756354 
1756510 
1750677 
1765885 
1747239 
1744583 
1739791 
1735521 
1759167 
1737604 
1743385 
1737031 
1733697 
1730989 
1748541 
1723489 
1758854 
1741875 
1738489 
1739166 
1729427 
1739688 
1722344 
1738334 
1728906 
1735989 
1743802 
1738594 
1718750 
1734114 
1738854 
1737812 
1734948 
1741198 
1767084 
1741615 
1751354 
1746823 
1783490 
1765782 
1736198 
1732188 
1740781 
1730573 
1732917 
1718021 
1745156 
1760521 
1743230 
1724792 
1790417 
1748229 
1752865 
1753177 
1752969 
1719739 
1731406 
1742657 
1708385 
1738646 
1730417 
1740521 
1750990 
1768073 
1729948 
1745261 
1764583 
1732344 
1747865 
1746563 
1745417 
1730886 
1735833 
1745208 
1750365 
1750365 
1737969 
1743906 
1787291 
1773125 
1733489 
1747552 
1743854 
1758541 
1751979 
1760000 
1744219 
1738490 
1749636 
1772969 
1736042 
1728073 
1722396 
1716615 
1731928 
1749115 
1712708 
1730520 
1739114 
1739739 
1744166 
1781562 
1759219 
1755156 
1727500 
1735469 
1735729 
1792865 
1747917 
1733229 
1720208 
1740781 
1761042 
1731719 
1748334 
1757187 
1757448 
1708438 
1764583 
1737656 
1745261 
1718542 
1690156 
1742188 
1743437 
1717344 
1748489 
1753385 
1763907 
1727552 
1756875 
1727396 
1725052 
1734271 
1768750 
1718438 
1727240 
1759895 
1739792 
1741875 
1744427 
1722760 
1741041 
1722395 
1741041 
1722188 
1742500 
1744375 
1745209 
1743386 
1753959 
1745573 
1751354 
1743437 
1763489 
1717969 
1727396 
1756615 
1743646 
1716041 
1748177 
1738490 
1752813 
1747187 
1761615 
1755053 
1751927 
1758021 
1747031 
1721250 
1722969 
1742344 
1740625 
1726354 
1751146 
1742812 
1752031 
1740625 
1754218 
1754896 
1770886 
1741823 
1759896 
1714844 
1726667 
1717552 
1742604 
1733594 
1740677 
1767761 
1762500 
1756927 
1761875 
1758020 
1730208 
1731198 
1751667 
1739375 
1753646 
1736823 
1747917 
1754479 
1741666 
1748020 
1750781 
1747291 
1761198 
1667292 
1693021 
1700469 
1701927 
1700208 
1719792 
1704479 
1691354 
1727396 
1700833 
1708073 
1704843 
1719219 
1662031 
1691198 
1701250 
1690677 
1701510 
1692344 
1737240 
1740573 
1745312 
1737083 
1706510 
1712656 
1766250 
1751563 
1742031 
1732917 
1702709 
1736354 
1742396 
1720885 
1752708 
1762761 
1740260 
1751406 
1722812 
1743959 
1760781 
1745989 
1740104 
1749167 
1716042 
1730364 
1720156 
1741822 
1749115 
1742187 
1720364 
1733437 
1746406 
1703855 
1737708 
1719739 
1756562 
1751771 
1753282 
1736927 
1737239 
1756979 
1746406 
1735261 
1746823 
1740052 
1746875 
1729583 
1743334 
1745469 
1729792 
1758229 
1732708 
1760833 
1751875 
1753073 
1743490 
1736875 
1723854 
1714948 
1742969 
1733073 
1779062 
1750729 
1760000 
1750313 
1750625 
1734584 
1738125 
1746302 
1759323 
1740520 
1742032 
1723073 
1746980 
1742291 
1723854 
1722604 
1767239 
1721823 
1758021 
1733594 
1735625 
1768854 
1745886 
1732865 
1760677 
1746198 
1776771 
1747448 
1752552 
1750052 
1733542 
1716458 
1738230 
1715260 
1745208 
1743021 
1740938 
1726980 
1772500 
1765000 
1757657 
1748594 
1766042 
1741927 
1741250 
1730156 
1802396 
1734791 
1771198 
1739375 
1731406 
1722656 
1750729 
1768229 
1754532 
1789427 
1739375 
1757761 
1745469 
1729531 
1738125 
1739896 
1736979 
1741250 
1761823 
1738385 
1726250 
1759844 
1755469 
1763020 
1754063 
1751719 
1752448 
1743333 
1723646 
1705573 
1722709 
1733229 
1742291 
1735833 
1761771 
1710000 
1723125 
1735833 
1720625 
1731770 
1739375 
1750157 
1751094 
1753178 
1760156 
1758229 
1739688 
1752709 
1736875 
1751823 
1735625 
1742813 
1720729 
1744375 
1732657 
1716875 
1747188 
1782396 
1755208 
1744271 
1751614 
1745105 
1718229 
1743437 
1741510 
1746667 
1716094 
1743438 
1744375 
1733385 
1756666 
1731094 
1740677 
1748802 
1722969 
1755260 
1737135 
1727865 
1743334 
1739427 
1742084 
1737083 
1737708 
1789062 
1747812 
1723229 
1704115 
1715833 
1713229 
1699896 
1892031 
1829636 
1783073 
1835989 
1787604 
1840000 
1801198 
1940625 
1882031 
1761614 
1869531 
1775104 
1783698 
1855312 
1917344 
1908750 
1907240 
1823177 
1782813 
2181303 
1809843 
1827500 
1779323 
1797187 
1819427 
1908906 
1775104 
1826250 
1929479 
1910313 
1816250 
2100625 
2093281 
2064687 
1940677 
1926875 
1775989 
1843125 
1936146 
1951719 
1763959 
1939375 
1723334 
1954427 
1795209 
1935833 
2017813 
1919688 
2012500 
1912657 
1889844 
1942917 
2006770 
1906094 
2012552 
1908020 
1810625 
1945000 
1912083 
1935468 
1804844 
1921927 
2099166 
2078803 
1904844 
1939219 
1796198 
2100260 
1820885 
2110156 
2070625 
1928333 
1924635 
1835261 
1943906 
1908438 
1947448 
1958698 
1807135 
1961875 
1922448 
1922969 
1922552 
1804740 
1940417 
1979792 
1908646 
2014584 
1918645 
1864271 
1942917 
2015208 
1924427 
2033073 
1921771 
1864843 
1946042 
1917500 
1828541 
1916823 
1790469 
1948125 
1935573 
1914688 
1835312 
1906614 
1929636 
1922292 
1859167 
1904010 
1792292 
1853334 
2004375 
1918229 
1819271 
1947031 
1880677 
1951563 
1868230 
1853282 
1810313 
1835417 
1829271 
1750364 
1839635 
1968073 
1798698 
1940729 
1920833 
1886511 
1826615 
1855157 
1960209 
1825729 
1942552 
2018803 
1908021 
1877552 
1944636 
1918698 
1814375 
1916041 
1791510 
1963021 
1926302 
1912916 
1842291 
1957448 
1930781 
1915781 
1925521 
1813021 
1951614 
1921823 
1932239 
1928177 
1811771 
1948855 
1830261 
1954635 
2024479 
1919375 
1881771 
1971563 
1845417 
1953698 
2603334 
1964218 
1957553 
1917292 
1962760 
1806198 
2067136 
1783698 
2029427 
1925365 
1861458 
1940052 
1799063 
1950833 
1913125 
2506771 
2070886 
1942812 
1949688 
1721302 
2041198 
1973593 
1935521 
1895781 
1744271 
1978802 
1958021 
1873021 
1884323 
1756145 
1993230 
1944219 
1983489 
1811615 
1814427 
1976458 
1964062 
1990677 
1970833 
1855261 
1867969 
1764843 
2005000 
2041355 
1850157 
1897344 
1763021 
2047500 
1973281 
2023125 
1827604 
1968541 
1723229 
1983125 
1958490 
1778333 
1764427 
1955989 
1978178 
1975261 
1845208 
1894792 
1998646 
1751979 
1995625 
1743698 
1900208 
1762500 
1811406 
1928855 
1912500 
1874270 
1871511 
1824948 
1865625 
1854270 
1746302 
1876406 
1870937 
1914687 
1900104 
1877657 
1902656 
1888541 
1730469 
1938593 
1873593 
1938229 
1900730 
1919792 
1874010 
1964843 
1883490 
1872604 
1827083 
1868386 
1884323 
1874428 
1881250 
1807448 
1884011 
1725990 
1757135 
1753750 
1756614 
1918073 
2007864 
1831198 
1917396 
1888385 
1953645 
1891823 
1870000 
1695521 
1747761 
1744479 
1752761 
1761511 
1765157 
1999375 
1905781 
1918646 
1870052 
1926093 
1744479 
1809739 
1711875 
1941667 
1691094 
1846615 
1850937 
1821771 
1817136 
1823385 
1880781 
1821458 
1848750 
1818490 
1816667 
1816875 
1810313 
1829427 
1824219 
1811875 
1823281 
1810000 
1821719 
1816771 
1811302 
1854062 
1809323 
1815312 
1754739 
1808906 
1832500 
1820365 
1847604 
1821093 
1820677 
1828229 
1819531 
1832709 
1855209 
1815469 
1889896 
1839218 
1815156 
1828125 
1813438 
1691042 
1726770 
1739948 
1729896 
1715052 
1743438 
1733802 
1875469 
1821510 
1817188 
1813073 
1829583 
1826927 
1825260 
1813906 
1822657 
1802292 
1850000 
1818906 
1818542 
1810156 
1818229 
1819948 
1819323 
1821928 
1814114 
1815625 
1811302 
1830000 
1811146 
1835938 
1815781 
1810886 
1773697 
1807916 
1681146 
1873646 
1820208 
1820572 
1811146 
1822291 
1821927 
1820573 
1855052 
1811771 
1808282 
1810990 
1804011 
1809792 
1815365 
1829791 
1816250 
1817031 
1811927 
1836771 
1828073 
1859740 
1676511 
1717812 
1724636 
1724480 
1751719 
1696094 
1729583 
1720052 
1718542 
1729271 
1715469 
1720313 
1720521 
1721406 
1744844 
1903333 
1817969 
1815833 
1817656 
1823906 
1824479 
1817187 
1821250 
1810000 
1823125 
1819271 
1815729 
1809896 
1853021 
1822188 
1808646 
1792031 
1826927 
1798386 
1823021 
1821563 
1873282 
1820521 
1820938 
1812969 
1819688 
1859427 
1806094 
1942032 
1719688 
1867239 
1832917 
1817865 
1809583 
1830573 
1810156 
1816927 
1821771 
1816615 
1807031 
1824375 
1852917 
1821615 
1837396 
1814843 
1829532 
1818021 
1816198 
1818698 
1822812 
1702761 
1724219 
1765938 
1727812 
1728646 
1733020 
1720261 
1713281 
1724427 
1722396 
1731146 
1730520 
1861198 
1836511 
1825000 
1819011 
1815937 
1854010 
1719896 
1867291 
1820364 
1819583 
1860989 
1822084 
1821510 
1867084 
1831407 
1843073 
1628073 
1775990 
1872761 
1825625 
1827760 
1842760 
1807344 
1853594 
1824375 
1816042 
1822344 
1811823 
1815833 
1819428 
1838438 
1834531 
1822605 
1825260 
1827032 
1829271 
1886771 
1684375 
1725885 
1719844 
1718333 
1715625 
1726198 
1711666 
1720364 
1715625 
1725937 
1711302 
1722864 
1636094 
1721146 
1739844 
1801094 
1687396 
1723750 
1733542 
1726250 
1725677 
1706875 
1761823 
1694896 
1776250 
1751563 
1909167 
1889011 
1862448 
1742188 
1903907 
1865573 
1873594 
1890781 
1622864 
1810937 
1699948 
1691719 
1771459 
1664948 
1763802 
1690886 
1820521 
1776511 
1699636 
1769271 
1810572 
1794740 
1747656 
1756667 
1802708 
1853437 
1793854 
1774583 
1793854 
1797552 
1765573 
1815365 
1840104 
1820000 
1856511 
1849323 
1806615 
1858281 
1903802 
1819635 
1749895 
1870365 
1857344 
1863386 
1763072 
1876407 
1850105 
1861250 
1745052 
1865364 
1835989 
1923073 
1832291 
1830209 
1826146 
1974739 
1831614 
1837500 
1838490 
1842604 
1832916 
1834063 
1836146 
1895677 
1826146 
1823594 
1889375 
1846302 
1844375 
1836302 
1830730 
1859219 
1836719 
2077604 
1871979 
1838230 
1857813 
1869583 
1888698 
2100208 
1944740 
1753177 
1948386 
2027396 
1922500 
2182500 
2067813 
1913802 
1829532 
1912188 
1936146 
2046615 
1903229 
2004270 
1801980 
2021250 
1956979 
2029687 
1912396 
2011407 
1790521 
1944688 
2085000 
2172292 
1907865 
2037761 
1976928 
2010625 
1926406 
2050520 
1950000 
2018646 
1898437 
1976302 
1922032 
1803802 
1970260 
1857656 
1978698 
1911042 
1785416 
1942240 
1945521 
1909219 
1938906 
1940313 
1824219 
1932292 
2122500 
1911510 
1841354 
1949271 
1917031 
1912604 
1936458 
1805834 
2017969 
1917083 
2018542 
1909896 
2010781 
1801406 
2050053 
1787553 
2028281 
1902135 
2533490 
1955105 
1965000 
1919948 
1893177 
1941198 
2013907 
1922136 
2020416 
1922760 
1859167 
1941302 
2001927 
1912604 
2018438 
1925052 
1820313 
1946510 
1915365 
1934532 
1933125 
1784323 
1963073 
2082083 
2076146 
2080833 
1934375 
1761041 
1932448 
1922344 
1917396 
1833073 
1935573 
1802500 
1842813 
2161459 
1921146 
1792760 
1951250 
1973750 
1917760 
1991250 
1906823 
1962552 
1949063 
2030209 
1910520 
2021354 
2473229 
2185782 
2043386 
2079427 
1809948 
1824010 
1975729 
1973959 
1958490 
1957084 
1965938 
1930417 
1900260 
1874011 
1748072 
1936094 
1807761 
1919323 
1738958 
1948750 
1969635 
1868073 
1789115 
1773021 
2004479 
1985052 
1870416 
1879688 
1988385 
1966354 
1971042 
1960573 
1967604 
1864531 
1914427 
1967084 
1979635 
1986459 
1980625 
1978125 
1867031 
1873750 
1980781 
1965886 
1948386 
1964011 
2003750 
1858646 
1931354 
1971407 
2042865 
1751771 
2025157 
1744011 
1923437 
1773854 
1772031 
1922240 
1872240 
1868489 
1865260 
1874323 
1864479 
1667604 
1687188 
1842448 
1901250 
1798959 
1771354 
1880000 
1860208 
1775260 
1759791 
1925990 
1879843 
1887760 
1840313 
1942083 
1870677 
1866146 
1859635 
1806146 
1854271 
1747136 
1947604 
1874166 
1877761 
1702187 
1901354 
1888073 
1870156 
1884063 
1883698 
1875312 
1869583 
1878177 
1867031 
1862969 
1867917 
1912239 
1927709 
1884688 
1862084 
1935729 
1913750 
1952292 
1910469 
1958229 
1816511 
1870573 
1863594 
1858646 
1908125 
1716250 
1914792 
1914270 
1916094 
1877604 
1892031 
1898542 
1870885 
1870572 
1900520 
1830625 
1920729 
1897656 
1944010 
1895469 
1852709 
1816562 
1898541 
1882708 
1894740 
1704948 
1729636 
1941510 
1819584 
1746406 
1730052 
1976250 
1812656 
1740364 
1930886 
1874010 
1710781 
1889844 
1880208 
1869791 
1863125 
1830469 
1842656 
1772865 
1937344 
1872917 
1656093 
1697135 
1780937 
1726198 
1718750 
1719375 
1724375 
1731459 
1724584 
1813646 
1706563 
1735208 
1738959 
1736146 
1736718 
1728229 
1822552 
1759479 
1739531 
1749011 
1742500 
1914167 
1874843 
1877187 
1879635 
1888281 
1878177 
1877552 
1879844 
1886719 
1883594 
1896146 
1891771 
1954062 
1889792 
1864531 
1811927 
1976667 
1871666 
1872344 
1739844 
1895886 
1875260 
1873646 
1808177 
1882135 
1708229 
1688697 
1821667 
1749687 
1748490 
1698125 
1736198 
1756198 
1786406 
1697656 
1730625 
1740781 
1704792 
1701041 
1849739 
2005677 
1977968 
1980677 
1976823 
1900417 
1882865 
1749218 
1953803 
1934218 
1940834 
1736302 
1735052 
1825208 
1789011 
1801979 
1825833 
1770625 
1752187 
1836927 
1818490 
1713854 
1765208 
1746354 
1757916 
1798438 
1783490 
1764531 
1762448 
1769583 
1758646 
1749948 
1759479 
1760468 
1820417 
1748698 
1832552 
1772395 
1823750 
1805313 
1764844 
1898541 
1856354 
1830364 
1737708 
1941354 
1859687 
1854010 
1850417 
1749427 
1880417 
1858906 
1866771 
1750105 
1885364 
1831146 
1979844 
1827604 
1876198 
1825990 
1910365 
1969583 
1945469 
1966823 
1822396 
1842604 
1815156 
1833073 
1837396 
2197448 
2235990 
2425105 
1965677 
1882239 
2054739 
1712604 
1759948 
1850885 
1964375 
1842760 
1937813 
1990208 
1981094 
1823594 
1830625 
1992865 
1837136 
1757292 
2000208 
1964792 
1975938 
1972917 
1826302 
1934687 
1978281 
2060468 
1965209 
2025365 
1970000 
1847708 
1874011 
2048594 
1953646 
2014479 
1971667 
2020729 
1777343 
1925260 
1763385 
1986250 
1967968 
1730573 
1787761 
1980834 
1975052 
1874688 
1826459 
1760886 
1834011 
1960833 
1850781 
1832916 
1842760 
1866250 
1855313 
1739218 
1924322 
1901562 
1890417 
1886979 
1872500 
1884792 
1875573 
1872500 
1874688 
1901198 
1869427 
1886510 
1871354 
1801771 
1927031 
1947656 
1884427 
1883854 
1914010 
1885729 
1712604 
1761563 
1747395 
1754062 
1757917 
1760208 
1872604 
1909010 
1880365 
1876458 
1920312 
1901562 
1963385 
1870052 
1946458 
1860469 
1849583 
1895729 
1916563 
1911562 
1858594 
1740989 
1742552 
1790521 
1725208 
1915521 
1880937 
1873802 
1860781 
1768334 
1770156 
1731615 
1765312 
1754427 
1750886 
1749270 
1752083 
1791979 
1793698 
1754792 
1751979 
1754427 
1750365 
1754479 
1748541 
1761875 
1741562 
1792708 
1858281 
1926250 
1869896 
1873437 
1874583 
1886615 
1874323 
1890417 
1875156 
1895000 
1876510 
1886407 
1878334 
1874948 
1871250 
1818229 
1893541 
1875781 
1891302 
1904010 
1953229 
1827552 
1966615 
1905521 
1926042 
1885833 
1811511 
1758125 
1919219 
1868229 
1808906 
1744062 
1889896 
1779114 
1746615 
1903959 
1889739 
1897708 
1874323 
1864167 
1667709 
1746250 
1783073 
1784531 
1751823 
1754011 
1749167 
1756458 
1795625 
1768333 
1737917 
1865990 
1878698 
1912969 
1908073 
1877448 
1850157 
1773177 
1816979 
1815208 
1809271 
1858333 
1806927 
1849896 
1799479 
1803333 
1751719 
1807657 
1806511 
1827187 
1819375 
1821041 
1815886 
1829532 
1835625 
1817813 
1874167 
1808906 
1825365 
1810365 
1817813 
1820365 
1803646 
1815156 
1801927 
1686354 
1728959 
1756563 
1701094 
1739375 
1733333 
1729584 
1724062 
1728437 
1736979 
1723073 
1723854 
1736771 
1731718 
1732500 
1745313 
1835052 
1696302 
1831302 
1752448 
1675364 
1797031 
1755364 
1780052 
1746927 
1852083 
1750052 
1811094 
1761823 
1765052 
1753750 
1768802 
1757708 
1754427 
1781719 
1909844 
1878802 
1889375 
1919167 
1879479 
1913021 
1862969 
1912917 
1734844 
1745990 
1751719 
1751979 
1755260 
1754427 
1754375 
1761355 
1807084 
1922969 
1955782 
1722657 
1750469 
1740105 
1714271 
1753125 
1743750 
1792552 
1884635 
1848438 
1778229 
1760208 
1764948 
1756823 
1756094 
1827187 
1710209 
1712135 
1766667 
1670625 
1706875 
1705052 
1710833 
1711719 
1728542 
1747032 
1714375 
1725625 
1701562 
1705521 
1722708 
1870365 
1848281 
1806719 
2048073 
4290520 
1695260 
1951615 
1860261 
1867812 
1742083 
1816094 
1814218 
1804791 
1843646 
1889688 
1898750 
1837865 
1690417 
1769323 
1815781 
1827864 
1878906 
1797136 
2130000 
1997188 
1774323 
2036042 
1816770 
1662553 
1779375 
1790521 
1743333 
1732709 
1886614 
1800000 
1804792 
2293177 
2197708 
1959479 
1780781 
1782292 
1789427 
1776719 
1802917 
1776718 
1756823 
1753906 
1794375 
1763750 
1755781 
1749584 
1752083 
1807083 
1825364 
1802813 
1790052 
2281146 
1903438 
2193334 
2568541 
2095052 
2350730 
1720000 
1774219 
1669427 
1740468 
1748802 
1804323 
1752136 
1747031 
1756719 
1777032 
2010625 
1679062 
1795052 
1772395 
1836406 
1771406 
1792084 
1784531 
1663958 
1904584 
1814271 
2039218 
1811823 
1986979 
1846823 
1869584 
1770052 
1787812 
1850000 
1835105 
1777864 
1793490 
1774010 
2034427 
1862083 
1789739 
1961875 
1713178 
1728073 
1725469 
1678437 
1770416 
1630156 
1707396 
1720312 
1820781 
1704896 
1743489 
1719270 
1709271 
1881459 
1792344 
1752396 
1711406 
1715208 
1764792 
1680208 
1697708 
1713958 
1915313 
1702605 
1804844 
1698437 
1830365 
1695365 
1823177 
1795625 
1800625 
1880573 
1965521 
1855208 
1898750 
1989114 
1944114 
1683542 
1726041 
1799479 
1856198 
1830156 
2511250 
2013802 
1882552 
1961875 
1964896 
1915052 
1948542 
1784844 
1900885 
2092344 
1746771 
1770260 
1837136 
1807136 
1810104 
1771927 
1695052 
2367708 
2182448 
2067031 
2109166 
1815677 
1880833 
1787396 
1829166 
1856719 
1819531 
1795990 
1802292 
2225938 
1943958 
1848490 
1801927 
1881615 
1858177 
2220469 
1843802 
1834323 
1811458 
1838490 
1843490 
1969896 
2501875 
3679895 
1793906 
1757969 
1792553 
1868854 
1781510 
1958334 
2184740 
1736615 
1919792 
2039375 
1913750 
1989167 
1908698 
2508072 
2684375 
2503438 
2158802 
1830104 
1851302 
2970156 
3680521 
1489948 
2081979 
2372396 
1815989 
2008698 
5095000 
1930313 
2759844 
1890469 
1863386 
2001198 
5570364 
1875729 
1833542 
2045417 
1886042 
1896407 
1906198 
1907500 
1997656 
2066146 
1807552 
1789375 
1798594 
1877968 
1791615 
2129010 
2129635 
2203490 
2157864 
1774896 
1818282 
1814636 
1849166 
1814791 
1839427 
1836927 
1837969 
1824375 
1816771 
1820729 
1818437 
1809740 
1803281 
1917760 
1787917 
1806302 
1862552 
2188906 
1810521 
1815885 
1838489 
1835104 
1861510 
1837708 
1840990 
1833854 
1890833 
2173229 
1869635 
2465990 
12898854 
1854323 
1865833 
1944688 
2037813 
1983698 
1908385 
1816459 
2002968 
1875573 
2056250 
2056614 
2148125 
2113698 
1791563 
1774531 
1887396 
1851771 
1908907 
1857865 
3504896 
1821823 
1800469 
1839895 
4835104 
2976875 
13641198 
1828645 
1860938 
1791666 
1832187 
1781146 
1816563 
1810834 
1779791 
1802865 
1791250 
1793855 
1783594 
1855886 
1798073 
1805313 
2274896 
1810677 
1753177 
1786771 
1803386 
1758281 
1788698 
1784792 
1784792 
1781250 
1847188 
1783906 
1788906 
1789010 
1789531 
1803489 
1790260 
1758802 
1750521 
1815469 
1821250 
1774011 
2083437 
2368282 
1863854 
1896719 
8118646 
2042396 
1860938 
2020729 
2015000 
2004167 
1854375 
1876562 
23696562 
2933437 
17745052 
1851511 
2101042 
1931718 
20051355 
3053334 
10262447 
7436718 
1870209 
2026615 
1885157 
1885469 
1858750 
3948177 
7627968 
1821875 
1835989 
1830260 
1834271 
1826250 
1811510 
1921354 
1830208 
1884740 
1817812 
1851146 
1825000 
1838906 
1824375 
1820989 
1818907 
1866458 
1671407 
1715313 
1749896 
1720520 
1731563 
1783802 
1749740 
1789115 
1961406 
1961094 
1803854 
1765625 
1764740 
1747761 
1740781 
1760260 
1766614 
1716407 
1732760 
1780208 
1797291 
1782864 
1810468 
1770417 
1795729 
1787812 
1770417 
1814687 
1799011 
1810052 
1831354 
1793334 
1768125 
1812917 
1786928 
1770468 
1762240 
1771041 
1828489 
1766823 
1784479 
1792344 
1824375 
1795052 
1816146 
1782552 
1834532 
2301719 
4413593 
6462708 
2218646 
1949532 
1866042 
1822812 
1807709 
1961250 
1796302 
1915937 
1882604 
1915833 
1941614 
2004844 
1954479 
1932969 
1876250 
2115938 
2187969 
2607864 
1740782 
1720208 
1751354 
1751042 
1747396 
1758386 
1761823 
1755625 
1847240 
1799323 
1738073 
1739219 
1742344 
1730781 
1758229 
1767292 
1751562 
1729427 
1748646 
1785156 
1828750 
1816875 
1779896 
1784688 
1793594 
1810937 
2125157 
1890208 
2053646 
1869270 
1858646 
1728958 
1792916 
1699270 
1718437 
1700521 
1736563 
1759375 
1773281 
1770677 
1756979 
1762083 
1771459 
1751667 
1778698 
1761615 
1781719 
1743229 
1750990 
1793229 
2028646 
1866094 
1715677 
3820469 
1736927 
1719479 
1709271 
1688698 
1845885 
1830573 
1805000 
1717812 
1822083 
1714740 
1692240 
1715364 
1719844 
1768490 
1735989 
1730521 
1732292 
1725365 
1745885 
1708542 
1765677 
1724636 
1732500 
1727760 
1731145 
1732657 
1723594 
1721093 
1743489 
1710781 
1702916 
1809584 
1772083 
1713438 
1727864 
1710416 
1726667 
1712864 
1734219 
1733593 
1726667 
1705937 
1696042 
1759115 
1727291 
1704322 
1684427 
1718541 
1702135 
1712292 
1770573 
1779428 
1762604 
1706094 
1887292 
1785990 
1880573 
1640521 
1774063 
1678333 
1749583 
1747291 
1980156 
1684114 
1722136 
1712813 
1780052 
4818333 
1825938 
1824739 
2262656 
1750365 
1790729 
1928177 
2106198 
1978802 
2064844 
2018334 
1697500 
1639010 
1709740 
1697708 
1784375 
1703385 
1717969 
1759010 
2221875 
1825989 
1806771 
1774843 
1811823 
1785937 
1725000 
1736667 
1738281 
1919896 
1794010 
1780677 
1922657 
1923229 
1700104 
1758646 
1675990 
1901197 
1696302 
1733385 
1750781 
1817083 
1800469 
1887344 
1712552 
1743542 
1847656 
1782239 
1723907 
1710573 
1723333 
1822239 
1840677 
1848125 
1921719 
2031562 
1729583 
1709948 
1664010 
1833542 
1776875 
1743802 
1720052 
1838073 
1700417 
1777240 
1758645 
1684948 
1717240 
1726562 
1791719 
1734843 
1752500 
1790885 
1717604 
1869792 
1805365 
1978594 
1753230 
1715573 
1713489 
2005156 
1791511 
1803438 
1721771 
1733750 
1801927 
2041510 
1651563 
1690573 
2202187 
1731302 
1749948 
1844792 
1785261 
1801302 
1770000 
1773386 
2005156 
2137500 
1669896 
1790260 
1652031 
1802031 
1761718 
1748125 
1711823 
1708073 
2011928 
1721979 
1838750 
1720781 
1738489 
1703802 
1695833 
1712344 
1711771 
1770573 
1690885 
1695989 
1762447 
1784323 
1740365 
1839791 
1696094 
1705000 
1857760 
1632917 
1685833 
1698177 
1710261 
1977865 
1961510 
1796771 
1762604 
1825208 
1791458 
1783542 
1772864 
2106354 
1792552 
1806615 
1890104 
1865416 
1751250 
1882969 
1840521 
1962187 
1690834 
1713125 
1726042 
1824427 
2162604 
1739792 
1736666 
1716927 
1881406 
1646667 
1753230 
1765104 
1858750 
1740209 
1719792 
1784792 
1800364 
1783282 
1849167 
1728177 
1641198 
1793542 
1704844 
1744375 
1720989 
1689739 
1838125 
1900989 
1950834 
1826927 
1745677 
1755677 
1737500 
1793021 
1752760 
1736875 
1708177 
1721875 
1744323 
1802709 
1951823 
1754531 
1750677 
1845833 
1730521 
1749115 
1802500 
1697916 
1773489 
4581407 
1736250 
1799896 
1771927 
1766667 
1733802 
1773073 
1816041 
1750729 
1771197 
1871407 
1970104 
1738802 
1759479 
1727916 
1760312 
1839896 
1755260 
1739531 
1856511 
1873490 
1728177 
1824948 
1767187 
1769740 
1706094 
1691719 
1761042 
1673698 
1829584 
1795052 
1752552 
1713021 
1884427 
1847813 
1739687 
1787708 
1787916 
1768125 
1776771 
1755573 
1861094 
1757656 
1888541 
1842135 
1677917 
1761198 
1743281 
1731302 
1733229 
1916667 
1720416 
1721562 
1737917 
1749896 
3873802 
1693854 
1734635 
1948073 
2099219 
1754740 
1930208 
2035729 
1700469 
1975730 
1865157 
1926458 
1826250 
1860260 
1663177 
1868541 
1774375 
1851250 
1884791 
1921719 
1920000 
1827187 
2004167 
1782136 
1854271 
1688541 
1882968 
1832709 
1804740 
3801510 
2142865 
2064844 
1721250 
1761094 
1693021 
1733125 
1682187 
1712760 
1707656 
1693021 
1768698 
1912188 
2127552 
1858490 
1926198 
1838958 
1730781 
1765937 
1881823 
1793281 
1720364 
1820834 
1926510 
1816459 
1705886 
1768646 
1796511 
2105157 
1772813 
1712916 
1688177 
1956562 
1822604 
2125000 
1728385 
2181354 
1762500 
1711198 
1716250 
1784375 
1793489 
1727084 
1779479 
1799636 
2034844 
1818334 
1794166 
1737396 
1835000 
1788177 
1725417 
1719062 
1736875 
1730990 
1891823 
1752656 
1716146 
1711510 
1744114 
1689687 
1747657 
1709583 
1669896 
1701250 
1738073 
1802760 
1791927 
1828021 
1701250 
1715989 
1724636 
1724896 
1760677 
1722188 
1718750 
1728229 
1756927 
1764115 
1724584 
1735469 
1812656 
1744063 
1749896 
1763958 
1777916 
1743490 
1767292 
1845989 
1782552 
1885729 
1807187 
1793385 
1800990 
1821979 
1793437 
1812031 
1800729 
1769115 
1758594 
1890156 
1798697 
1754114 
1772604 
1872031 
1813802 
1763334 
1802135 
1814583 
1751146 
1791875 
1868438 
1832604 
1746719 
1871459 
1752864 
1759792 
1836667 
2021719 
1829114 
1773959 
1783125 
1900989 
1801459 
1841979 
1819323 
1702552 
1853750 
1835313 
1858646 
1818333 
1898072 
1926407 
2489739 
4658490 
1823489 
1769427 
1764479 
1714480 
1727969 
1722135 
1760625 
1811146 
1726667 
1695312 
2813177 
1877552 
1839844 
1795313 
6905677 
1793490 
1781458 
1778333 
1846666 
2097969 
5698958 
2411979 
2181302 
1827448 
1791458 
1786667 
1811823 
1773490 
1774896 
1838386 
1749532 
1882500 
1931093 
2188333 
1767708 
1764323 
1768177 
1763802 
2014687 
1969740 
2034375 
2019479 
1680364 
1902813 
1722396 
1767552 
1709271 
1709323 
1782865 
1722136 
1696771 
1696614 
1705572 
1681406 
1712708 
1720678 
1725313 
1713958 
1791459 
1736719 
1738645 
2121875 
1801979 
1723333 
1779167 
1749531 
1727396 
1729948 
1731927 
1737969 
1795938 
1729428 
1740885 
1749739 
1759792 
1756458 
1743334 
1749167 
1745729 
1719323 
1729114 
1739063 
1735000 
1715625 
1729271 
1759584 
1798855 
1729010 
1768073 
1748489 
1719427 
1742500 
1708697 
1716510 
1725781 
1747812 
1786667 
1696822 
1913334 
1948438 
1824219 
1898020 
1969427 
1817083 
1788177 
1805365 
1867084 
1828750 
1734270 
1824792 
1845052 
2216719 
1879062 
1891459 
1872032 
1930678 
1779115 
1936302 
1822657 
1896875 
2123177 
5403594 
2371719 
2127032 
6491979 
12676458 
1788646 
1978386 
1880052 
2060260 
2274844 
2944010 
1819635 
1717084 
1717344 
1725781 
1727136 
1727083 
1716563 
1703542 
1694479 
1718073 
1689584 
1901875 
1899531 
1797761 
1787500 
1800365 
1761510 
2001666 
1826771 
1785573 
1789636 
1746927 
1775521 
1780886 
1756615 
1769896 
1758385 
1743802 
1759114 
1770157 
1773281 
1756094 
1777187 
1755625 
1743593 
1765417 
1744896 
1751146 
1736927 
1737969 
1709427 
1701093 
1739948 
1712657 
1724688 
1695469 
1702136 
1722292 
1751302 
1683750 
1764427 
1722604 
1693230 
1800104 
1698281 
1859323 
1832136 
1748385 
1762292 
1732291 
1722031 
1731250 
1710261 
1708645 
1712604 
1727865 
1717135 
1818125 
1773333 
1765365 
1769843 
1817239 
1806094 
1832083 
1832292 
1778333 
1765781 
1718959 
1851354 
1865364 
1833959 
1784271 
1911510 
1746458 
1796093 
1747500 
1894531 
1739011 
1762136 
1867812 
1738698 
1765677 
1753906 
1838698 
1782968 
1847656 
1745417 
1770104 
1771771 
1875677 
1737083 
1852709 
1832761 
1965990 
1869063 
1827969 
1902813 
1791302 
1835052 
1822135 
1822395 
1867552 
2088333 
1861875 
1917500 
1939010 
1937917 
1943385 
1761406 
1897136 
1838907 
1847395 
1815729 
1809843 
1965990 
1855156 
1879375 
1917813 
1777448 
1770625 
1803698 
1865208 
1804688 
9746667 
1911458 
2106927 
5103802 
2242969 
2022708 
1947865 
1920625 
1750782 
1821146 
1776042 
1812344 
1980729 
1898646 
1830781 
1919166 
1845834 
2158854 
1765157 
2020885 
1765573 
1726980 
1719635 
1778437 
1932240 
1811771 
1916406 
1717916 
1814427 
1702291 
1698334 
1711406 
1743073 
1722552 
1741250 
1733593 
1800365 
1897500 
1857657 
1739948 
1728282 
1999688 
1865990 
1715573 
1720052 
1733125 
1802500 
1774583 
1897448 
2108958 
1772083 
1787135 
1769532 
1737188 
1752135 
1772083 
1771823 
1740781 
1800156 
1745729 
1736823 
1829375 
1807656 
1733802 
1781354 
1716302 
1850157 
1904375 
1909636 
1804167 
1819948 
1703385 
1724167 
1780104 
1713906 
1670312 
1674270 
1703281 
1712917 
1712968 
1709011 
1839583 
1797291 
1746198 
1775209 
1787031 
1697604 
1697552 
1701927 
1708959 
1720365 
1713334 
1736666 
1750468 
1999167 
1766667 
1695677 
1759271 
1784792 
1876614 
1991042 
1941302 
2050365 
1897031 
1757968 
1676510 
1736927 
1779844 
1887031 
1778177 
1702813 
1831094 
1696302 
1705521 
1764479 
1786250 
1826979 
1710885 
1685417 
1675313 
1698750 
1784270 
1693438 
1776042 
1664948 
2049062 
1834531 
1776302 
1750209 
1744740 
1770313 
1704740 
1701407 
1701823 
1773958 
1716719 
1706302 
1811145 
1885678 
1796511 
1705937 
1747552 
1725781 
1813177 
1753594 
1744531 
1727188 
1729479 
1801302 
1809010 
1734635 
1721354 
1817344 
1833281 
1731511 
1758906 
1723073 
1735521 
1745156 
1767396 
1925469 
2065052 
1789583 
1744323 
1767500 
1831614 
1747604 
1768906 
1765468 
1895416 
1795156 
1827084 
1790937 
1752396 
1742969 
1740052 
1791406 
1824583 
1739687 
1724948 
1738177 
1884532 
1695990 
1796822 
1733802 
1815260 
1841719 
2000990 
1900469 
1767396 
1690157 
1753334 
1709271 
1756979 
1740521 
1820261 
1830261 
1757240 
1883281 
1744218 
1769323 
1777708 
1794844 
1849531 
1770990 
1908542 
1741041 
1791406 
1780364 
1761562 
1733646 
1805468 
1763385 
1784271 
1781927 
1953333 
1945833 
1924375 
1987969 
1906614 
1823282 
1918750 
1908594 
1819687 
1785417 
1842812 
1830261 
1817813 
1787552 
1807292 
1817709 
1824635 
1968594 
1882969 
1809167 
1813906 
1768490 
1820938 
1806042 
1834792 
1810834 
1808125 
1830990 
1855417 
1877292 
1831302 
2037760 
1816875 
1938281 
1776667 
1849167 
1747344 
2006302 
1842813 
1814532 
1866823 
1861094 
2171146 
1858490 
1823020 
1833906 
1844010 
1857812 
1883438 
1840052 
1806823 
1837708 
1833385 
2221562 
1727343 
1857083 
1934270 
1884427 
1861718 
1977395 
1949791 
1890157 
1979896 
1821197 
1998073 
1838698 
1971667 
1850000 
1835937 
1895521 
1844323 
1934636 
1971250 
2002240 
1956250 
2017136 
1970781 
2010365 
1831615 
2070313 
1826146 
1920885 
1920677 
1798646 
1954323 
1917604 
1933177 
1914010 
1953437 
1928959 
2224792 
1932656 
1932344 
1917865 
1839166 
1930052 
1914063 
1914375 
1898958 
2025104 
1865781 
1723177 
1899271 
1737136 
1808125 
1797188 
2209271 
1894011 
1817292 
1715677 
1863177 
1777813 
1843594 
1922083 
1912708 
1827865 
1805156 
1866302 
1885833 
1743125 
2011979 
2092917 
1967864 
1855208 
1826823 
1843229 
1997239 
2023229 
1767552 
1928802 
2024635 
1711406 
1886198 
1777031 
1721093 
1924896 
2247917 
1717031 
1876407 
1801719 
1870782 
1881302 
1876979 
1804948 
1957656 
1908750 
2014375 
1901146 
1921146 
1887604 
1704479 
1934323 
1966094 
1913593 
2240572 
2107917 
1890885 
1790000 
1717188 
1794688 
1732187 
1867656 
1823854 
1693541 
1730885 
1812343 
1828958 
1819219 
1799375 
1821146 
1810625 
1831614 
1825521 
1817239 
1715260 
1873698 
1914739 
1827604 
1903177 
1695573 
1927604 
1815260 
1847865 
1821406 
1809271 
1697136 
1861354 
1834740 
1832968 
1812917 
2011302 
2048542 
1908646 
1669532 
1724948 
1659792 
1707135 
1786406 
1765625 
1756511 
1752864 
1755885 
1783385 
1714584 
1715000 
1768958 
1662917 
1785781 
1740937 
1669480 
1783698 
1677395 
1858490 
1773593 
1888177 
1808282 
1743177 
1710729 
1774896 
1737396 
1722760 
1802083 
1794063 
1943021 
1801875 
1850781 
2046198 
2032031 
1825937 
1773021 
1731041 
1900313 
1843229 
1889479 
1849844 
1758125 
1871511 
1752656 
1893021 
1733125 
1771458 
1891823 
1857343 
1851615 
1770885 
1885000 
1822813 
1868437 
1808958 
1825208 
1840052 
1845052 
1835260 
1823802 
1849531 
1866406 
1733385 
1830417 
1841927 
1905417 
2388698 
2022136 
1967031 
1848125 
1772709 
1772500 
1758438 
1765521 
1835833 
1792812 
1847344 
1845209 
1987448 
1927812 
1723281 
1830208 
1925000 
1905052 
1890261 
2207239 
1937604 
1847500 
2001718 
1918385 
2130000 
1816146 
1952969 
1831614 
2060365 
1775782 
1992448 
1977813 
1918333 
1809062 
1907604 
1905469 
1898385 
1808281 
1895938 
1903229 
1895312 
1868386 
1827032 
1758437 
1809635 
2018854 
1903750 
1936719 
1751250 
2039948 
1947396 
1979271 
1829010 
1754635 
1790156 
1754844 
1934114 
1909010 
2145313 
1862396 
1926979 
1805937 
1711666 
1772136 
1759270 
1766770 
1756927 
1743854 
1727865 
1755417 
1865521 
1825208 
1821042 
1810730 
1840938 
2030364 
1770782 
1870052 
1685208 
1669322 
1723177 
1698906 
1702396 
1722188 
1748073 
1697136 
1709219 
1723854 
1682344 
1691458 
1669531 
1832291 
1797708 
1729375 
1740104 
1714739 
1721719 
1740729 
1732500 
1745990 
1786094 
1756250 
1896302 
2048437 
2066146 
1825052 
1751302 
1989323 
1759688 
1760729 
1892448 
1790729 
1782813 
1802760 
1898959 
1957187 
1895521 
1985573 
1883594 
1918958 
1817500 
2001771 
1971146 
1964844 
1932500 
1870833 
1761198 
1927760 
1921459 
1915781 
1928021 
1908750 
1833333 
1925990 
1904792 
1907916 
1873073 
1800313 
1883281 
1896146 
1859792 
1804792 
1936771 
1907968 
1903594 
1905365 
1822656 
1896615 
1900313 
1885990 
1908229 
1894896 
1792812 
1919375 
1876771 
2279115 
1811614 
1927448 
1949584 
1755365 
1820729 
1934322 
2075729 
2093802 
2049531 
1823646 
1769010 
1801614 
1713593 
1883802 
1820416 
1874323 
1777448 
1936042 
1798646 
1734584 
1998489 
1897708 
1885781 
1779792 
1793750 
1803125 
1684948 
1841770 
1860833 
1783698 
1805886 
1819688 
1786406 
1788802 
1779375 
1786458 
1795156 
1703386 
1884896 
1704323 
1879896 
1828802 
1671407 
1729635 
1714531 
1764115 
1719114 
1720573 
1756771 
1836927 
1818021 
1700989 
1899895 
1698490 
1739844 
1737917 
1728073 
1762135 
1777812 
1725573 
1729166 
1728385 
1727552 
1714896 
1734843 
1729271 
1905781 
1815052 
1830729 
1817916 
1825157 
1819792 
1811094 
1826302 
1819844 
1828281 
1818333 
1838646 
1808281 
1857239 
1817396 
1817292 
1824479 
1820052 
1677813 
1719323 
1742239 
1731980 
1919167 
1844740 
1870365 
1824635 
1810885 
1813281 
1822448 
1811198 
1814740 
1813125 
1816302 
1830834 
1822188 
1806875 
1815052 
1899323 
1836146 
1872656 
1813281 
1888281 
1808646 
1817865 
1705417 
1863020 
1820416 
1819479 
1814687 
1836666 
1784115 
1762136 
1766406 
1814792 
1827396 
1821667 
1825937 
1852136 
1816770 
1838020 
1822709 
1824635 
1817969 
1874583 
1810782 
1856302 
1819740 
1821406 
1823542 
1801145 
1826459 
1818229 
1821458 
1822240 
1827969 
1818855 
1751979 
1728593 
1737604 
1713542 
1741510 
1718177 
1714427 
1724323 
1738594 
1774427 
1756562 
1728125 
1796146 
1752135 
1756771 
1755416 
1754063 
1779479 
1857500 
1773750 
1787188 
1785677 
1785416 
1794896 
1840052 
1757500 
1879688 
1893646 
1856979 
1846928 
1813125 
1878386 
1875521 
1771459 
1843437 
1840365 
1845781 
1740313 
1870416 
1854271 
1846823 
1707656 
1934636 
1869114 
2074480 
1757187 
1784167 
1867552 
1854063 
1817708 
1815469 
1840157 
1850677 
1818230 
1811980 
1895937 
1839791 
1912552 
1823386 
1834427 
1877292 
1836719 
1832187 
1737136 
1971614 
1821041 
1840156 
1834531 
1868541 
1824531 
1886875 
1843906 
1927761 
1871406 
1839427 
1843542 
1866303 
1821875 
1830468 
1828177 
1854584 
1898490 
1813020 
1838177 
1847239 
1897292 
1860886 
1948021 
1835209 
1862448 
1836980 
1950730 
1936614 
1800729 
1961146 
1916771 
1918541 
1912969 
1831458 
1937813 
1840989 
1955782 
1915104 
1812865 
1983438 
1925365 
1901354 
1840261 
1925729 
1837292 
1834114 
1835312 
1857813 
1944011 
1914688 
1910260 
1965000 
1728906 
2047552 
2270261 
1762552 
1961771 
1937709 
1932344 
1812500 
1761875 
1760990 
1781146 
1715313 
1880000 
1691718 
1699583 
1743698 
1782448 
2548541 
3243177 
2040781 
1977812 
1714167 
1697395 
1773750 
1738646 
1826406 
1769948 
1773802 
1792448 
1776927 
1774479 
1838802 
1690521 
1935990 
1813281 
1823542 
1747708 
1814479 
1819323 
1826406 
1838229 
1833438 
1729948 
1709323 
1740572 
1736771 
1726927 
1735834 
1726875 
1715730 
1717448 
1760156 
1735781 
1747604 
1706822 
1770677 
1740990 
1734270 
1780781 
1701823 
1803646 
1690573 
1718437 
1726875 
1713593 
1729479 
1725052 
1713594 
1732760 
1792604 
1695521 
1743021 
1724791 
1732396 
1726719 
1722083 
1758438 
1702865 
1725157 
1723177 
1719114 
1724791 
1751563 
1747969 
1734218 
1746459 
1742864 
1730729 
1732291 
1744323 
1772604 
1834427 
1965885 
1762083 
1995885 
1747084 
1742135 
1745937 
1707344 
1737083 
1721511 
1757917 
1855364 
1928438 
1895677 
1917812 
1885052 
1936875 
1882187 
1970677 
1731875 
1749062 
1888489 
1872709 
1884323 
1739583 
1750052 
1870937 
1904271 
1884010 
1761407 
1936093 
1980156 
1872292 
1949739 
1805417 
1813229 
1933021 
1907084 
1888802 
1800833 
1725781 
1764375 
1776459 
1752083 
2053437 
1717604 
1914114 
1834791 
1852135 
1787917 
1824531 
1817708 
1818229 
1815469 
1808542 
1825886 
1815729 
1808854 
1806979 
1717396 
1854583 
1805521 
1808646 
1826562 
1829792 
1823803 
1816407 
1788542 
1831823 
1814792 
1814063 
1816980 
1867708 
1810833 
1863281 
1805469 
1827657 
1835209 
1821302 
1841667 
1824062 
1811459 
1808490 
1805729 
1810521 
1815156 
1805678 
1854375 
1824740 
1813334 
1797187 
1795156 
1724062 
1836093 
1787917 
1852031 
1830208 
1813333 
1822969 
1808386 
1914635 
1821718 
1818073 
1820261 
1821771 
1835417 
1821042 
1820156 
1836459 
1828542 
1819427 
1814010 
1851250 
1859375 
1821510 
1858698 
1816354 
1827032 
1826354 
1820990 
1806197 
1804687 
1808281 
1823907 
1753802 
1811511 
1844739 
1822812 
1874114 
1829063 
1807500 
1823802 
1826980 
1818750 
1817760 
1816823 
1830208 
1789427 
1814115 
1818698 
1837240 
1864635 
1817865 
1863593 
1820469 
1830521 
1821406 
1817135 
1811666 
1920573 
1769896 
1708125 
1701875 
1731667 
1734479 
1755730 
1739062 
1705989 
1711823 
1735469 
1738490 
1731823 
1718803 
1714635 
1782969 
1751459 
1759219 
1818542 
1782760 
1677396 
1706718 
1713281 
1708438 
1714531 
1714115 
1743021 
1747604 
1944427 
1866979 
1760677 
1876094 
1737396 
1750157 
1870157 
1860677 
1849583 
1772448 
1771875 
1912187 
1853855 
1794583 
1864636 
1940157 
1872344 
1828073 
1999531 
1708073 
1796666 
2576354 
1910416 
1882552 
1955625 
3538385 
2023333 
1838229 
1708646 
1802760 
1770677 
1810000 
1775625 
1773541 
1756927 
1770209 
1843646 
1870417 
1777084 
1769531 
1882761 
1817448 
1900052 
1892656 
1823073 
1832135 
1823698 
1840729 
1784375 
1843073 
1837917 
1824792 
1755313 
1772864 
1834375 
1785000 
1819427 
2530261 
1869687 
1770469 
1747135 
1867552 
1748750 
1849427 
1794427 
1825313 
1829844 
1824115 
1907344 
1844948 
1879844 
1820157 
1860938 
1835208 
1825469 
1826770 
1861615 
1846667 
1851458 
2087448 
1979688 
1729948 
2000885 
1741927 
1859844 
1829271 
1825364 
2872761 
1817031 
1831302 
1865364 
1935417 
1874792 
1850781 
1842917 
2033490 
1972291 
2050052 
1907188 
1878646 
1937917 
1874011 
1938542 
1919427 
1900417 
1795989 
1944166 
1933385 
1950209 
1913542 
1939636 
1811354 
2065937 
2152083 
2067813 
1910364 
1807604 
1944844 
1815781 
1852761 
1932083 
1801927 
1954739 
1933386 
1821042 
1952812 
2006823 
1813802 
2043802 
1912552 
1881823 
1973333 
2020833 
1924480 
2103854 
1914167 
1738489 
1972396 
1914062 
1934271 
1941927 
1923386 
1939479 
1928125 
1916823 
1940313 
1918333 
1926927 
1923594 
1922240 
1954792 
1945052 
1930417 
1802344 
1950000 
1937813 
1805104 
1829114 
1843854 
1891354 
1847500 
1832031 
1827083 
1856354 
1851146 
1822604 
1886406 
1827969 
1885000 
1818854 
1890052 
1957292 
1842031 
1717657 
2066771 
1915209 
1986928 
1912812 
1888177 
1961302 
2009427 
1929011 
2231354 
1903802 
2013906 
1781562 
2070417 
1942865 
1992865 
1892292 
1814740 
1959948 
1904011 
1929688 
1920104 
1795417 
1939427 
1922708 
1924635 
1814063 
1948438 
2355469 
2080572 
1981771 
1909323 
1940417 
1771198 
1751354 
1737396 
1734427 
1721823 
1727031 
1810000 
1795833 
1974011 
1973646 
1980312 
1970885 
1974531 
1809531 
1787344 
1967084 
1967188 
1895678 
1706511 
1996927 
1970677 
1979375 
2010364 
1789010 
1803334 
1821719 
2035573 
1909063 
2015208 
1838907 
1853750 
1750313 
1819896 
1808489 
1756145 
1915052 
1832344 
2001407 
1963073 
1932813 
1892656 
1839531 
1764219 
2003438 
1959219 
1836979 
1884479 
1798073 
1989114 
2015417 
1971510 
1860157 
1755625 
1832708 
1801875 
1801302 
1828906 
1807240 
1973542 
1896979 
1868073 
1735365 
1979271 
1984583 
1933906 
1895104 
1818385 
1994062 
2023854 
1964584 
2376927 
1969791 
1844479 
1866511 
1742240 
1811511 
1968958 
1936615 
3382969 
2015729 
1888385 
1748437 
1704531 
1719427 
1857344 
1797500 
1696718 
1688542 
1705886 
1680833 
1698230 
1998125 
1726250 
1730261 
1750885 
1719948 
1726667 
1726771 
1722656 
1732864 
1767343 
1750989 
1771719 
1988178 
2067812 
1974375 
1983438 
1846615 
2048750 
1833959 
1969584 
1973906 
1975886 
1939010 
1660521 
1745625 
1727084 
1737500 
1810677 
1913229 
1819271 
2016615 
1934583 
2036719 
1932969 
1982656 
1941771 
1881771 
1881562 
2048698 
1793334 
2031042 
1965104 
1875468 
1871562 
2032083 
1932500 
1944896 
1757709 
1826927 
1883906 
1877708 
1870156 
1814635 
1768750 
1755416 
1879584 
1886875 
1919062 
1917605 
1964635 
1912084 
1922291 
1747084 
1977448 
1817708 
1859583 
1865000 
1873073 
1880052 
1874063 
1861563 
1809270 
1913854 
1891250 
2587656 
1755834 
1695417 
1865261 
1819167 
1843958 
1683281 
1718385 
1729531 
1718021 
1726354 
1679948 
1747865 
1721250 
1717552 
1799062 
1968802 
1851719 
1843958 
1880886 
1884114 
1788958 
2016666 
1883958 
1888594 
1864740 
1885781 
1810208 
1901146 
1866927 
1898698 
1868958 
1899323 
1733959 
1973072 
1869427 
1850365 
1882813 
1949948 
1898073 
1869427 
1906406 
1869687 
1866875 
1880989 
1893750 
1817344 
1683229 
1770156 
1734427 
1744218 
1781094 
1673594 
1759791 
1725000 
1711927 
1783438 
1724479 
1749792 
1709635 
1705781 
1715885 
1737292 
1732552 
1734479 
1733125 
1728073 
1826823 
1797656 
1795625 
1795417 
1787500 
1767812 
1769115 
1875885 
1853229 
1824167 
1905781 
1901250 
1828959 
1740833 
1849219 
1860365 
1833437 
1812240 
1858750 
1928645 
1818907 
1923385 
1926094 
1826615 
1877239 
1849063 
1888802 
1817083 
1834427 
1835313 
1827657 
1826927 
1856302 
1794375 
1826406 
1835990 
1857865 
1897083 
1825990 
1901927 
1840729 
1831355 
1825364 
1819062 
1847239 
1955052 
1988541 
1801719 
1750417 
1872292 
1952188 
1958281 
1958177 
1758438 
1899687 
1866979 
1892083 
1852239 
1825157 
1873177 
1798073 
1846823 
1932865 
1885000 
1955312 
1948490 
1841927 
1951823 
1961458 
2059063 
1838125 
1750677 
2247084 
1811250 
1665573 
1806146 
1808854 
1714219 
1895833 
1780469 
1875365 
1792240 
2037604 
1989844 
1693750 
1787916 
1762395 
1749062 
1915625 
2085833 
2091979 
1819635 
1874427 
1937083 
2010781 
1965937 
2080729 
1756094 
2062760 
1947865 
1958593 
1810781 
2033698 
1938490 
2046927 
1884583 
1941511 
1836355 
1941823 
1758021 
1798437 
1967969 
2079687 
3632448 
1817500 
1718906 
1742135 
1742552 
1744375 
1757083 
1792917 
1795104 
1661927 
1704114 
1714531 
1828490 
1690416 
1766667 
1698489 
1709063 
1729948 
1725104 
1737761 
1741719 
1767448 
1727916 
1737812 
1755312 
1724895 
1855104 
1818958 
1812656 
1823802 
1675781 
1895312 
1877656 
1837969 
1823698 
1836458 
1835364 
1678229 
1872917 
1813750 
1816198 
1813125 
1810730 
1830208 
1811771 
1877968 
1827760 
1830938 
1787604 
1826770 
1818125 
1821458 
1707083 
1851042 
1824063 
1818959 
1827917 
1820209 
1874375 
1816354 
1853333 
1815209 
1827969 
1824792 
1822865 
1809479 
1691667 
1741771 
1738542 
1732239 
1744792 
1731927 
1754583 
1729062 
1730938 
1721354 
1724323 
1719896 
1721667 
1725364 
1718385 
1739010 
1718385 
1769635 
1696354 
1804583 
1714479 
1928282 
1882864 
1807240 
1716146 
1911615 
1875105 
1810886 
1774791 
1714583 
1895260 
1827239 
1742552 
1916718 
1876823 
1815834 
1694635 
1752188 
1854687 
1706511 
1923281 
1911458 
1735156 
1948490 
1894844 
1922916 
1878698 
1847240 
1671875 
1741980 
1739531 
1709740 
1707396 
1659219 
1886927 
1921771 
1978542 
1881563 
1954062 
1899219 
1880677 
1766823 
2462813 
1873906 
1781042 
1825886 
1826927 
1796979 
1797604 
1763125 
1734479 
1728959 
1724584 
1739375 
1970990 
1924479 
1865730 
1725625 
1855000 
1781354 
1708646 
1751927 
1800990 
1682136 
1814948 
1700209 
1725833 
1728958 
1716771 
1899479 
1983438 
1968177 
1966198 
1977291 
1877135 
1877136 
1765260 
1999167 
1984219 
1989323 
1820782 
1738958 
1839947 
1800677 
1884271 
1898437 
1746563 
1798177 
1749167 
1769427 
1776302 
1928489 
1914531 
1889792 
1722604 
1682447 
1768489 
1733281 
1724323 
1732344 
1727136 
1714635 
1740000 
1731979 
1893125 
2079948 
1960365 
1973281 
1973177 
1924011 
1970730 
1906302 
1909167 
1759166 
1912552 
1986094 
1767708 
1918750 
1780834 
1760521 
1945156 
1881302 
1786562 
1992760 
2024896 
1748958 
1976823 
1756354 
1927917 
1890521 
1906718 
1899687 
1864114 
1876302 
1651823 
2317291 
1715729 
1942865 
1697396 
1746718 
1946094 
2010677 
1922135 
1967656 
1807708 
1952709 
1760052 
1886146 
1877291 
1879532 
1879271 
1866980 
1871615 
1861927 
1799428 
1881823 
1875573 
1875989 
1887239 
1878125 
1875469 
1885885 
1795729 
1725521 
1773229 
1724011 
1747447 
1742500 
1748541 
1793802 
1731354 
1768490 
1722240 
1778072 
1828125 
1758282 
1787239 
1925833 
1742969 
1757448 
1677031 
1939531 
1923854 
1970833 
2224688 
1914167 
1987344 
1769115 
1694948 
1637135 
1676041 
1683541 
1676667 
1676354 
1677344 
1656146 
1803125 
1841250 
2233542 
2005052 
1973906 
1950781 
1995469 
1810573 
1891875 
1935000 
1978542 
1755521 
2021042 
1819740 
1750468 
1792292 
1887760 
1980469 
1889895 
1825468 
2038750 
1938229 
1987552 
1970364 
1872031 
1885521 
1773437 
1992709 
1786615 
1902500 
1909271 
1919948 
1870938 
1904010 
1752760 
1883385 
1876302 
1865260 
1868802 
1778750 
1893855 
1938958 
1875937 
1947188 
1886615 
1977604 
1918229 
1937865 
1908959 
1870625 
1729271 
1899428 
1872604 
1910000 
1716094 
1774688 
1785312 
1823906 
1910417 
1874844 
2011771 
1660729 
1710729 
1746041 
1725052 
1724635 
1715938 
1728646 
1724948 
1725156 
1686406 
1712656 
1726614 
1708020 
1687031 
1716823 
1781094 
1912968 
2161407 
2079115 
1872032 
1850156 
1958959 
1863282 
1736927 
1987657 
1962500 
1857969 
1871771 
1759011 
1796146 
1895312 
1912604 
1749167 
1968385 
1977916 
1936563 
1796562 
1732812 
1807708 
1663334 
1780885 
1760000 
1760521 
1848802 
1967032 
2206041 
1747813 
1908229 
1817865 
1756771 
1805052 
2069479 
1802708 
2002500 
1782865 
1831094 
1672708 
1718594 
1825938 
1785834 
1971666 
1956927 
1981563 
1974219 
1988281 
1981771 
1885260 
1882917 
1879895 
1755781 
2054948 
1977032 
1922916 
1875469 
1807135 
1946875 
2050156 
1970208 
1901719 
1891459 
1767083 
1774531 
1881250 
1890416 
1911407 
1888855 
1853645 
1785521 
1757916 
1880000 
1871563 
1761406 
1875990 
1928802 
1879427 
1922552 
1767500 
1933854 
1878489 
1917343 
1878489 
1776302 
1890729 
1906302 
1901303 
1835885 
1873177 
1872447 
1908855 
1915365 
1880573 
1754531 
1969219 
1876302 
1953854 
1905781 
1790886 
1884532 
1911302 
1893907 
1915417 
1880416 
1935729 
1691459 
1834010 
1787709 
1816042 
1819740 
1815261 
1835938 
1823334 
1858750 
1901250 
1822396 
1757083 
1819792 
1823959 
1818593 
1810053 
1801407 
1801458 
1837760 
1854896 
1728646 
1750052 
1733594 
1727240 
1721771 
1739687 
1768958 
1850938 
1814896 
1817291 
1865416 
1817917 
1859688 
1822657 
1832760 
1828020 
1820364 
1826771 
1840156 
1823229 
1826041 
1857812 
1834844 
1814427 
1680104 
1803646 
1693802 
1720364 
1726198 
1875885 
1705260 
1840208 
1691250 
1730417 
1718020 
1737083 
1726198 
1735729 
1728072 
1733490 
1740000 
1772240 
1703646 
1725573 
1994479 
1878177 
1738125 
1850416 
1760625 
1847552 
1871615 
2130782 
2022084 
1983802 
1741250 
1881718 
1920208 
1686458 
1716666 
1852031 
1933125 
1820104 
1830156 
1809739 
1824271 
2212812 
1832709 
1823333 
1818229 
1833542 
1827448 
1817292 
1817500 
1879167 
1823750 
1937500 
1852136 
1785937 
1838334 
1825625 
1836823 
1819740 
1806145 
1836042 
1823906 
1819010 
1807552 
1816407 
1866666 
1813073 
1854584 
1818698 
1819115 
1814635 
1823750 
1810104 
1766771 
1809688 
1818646 
1685521 
1714479 
1766719 
1875052 
1926406 
1874843 
1816302 
1726041 
1751718 
1870677 
1753698 
1726094 
1919114 
1850156 
1907708 
1737969 
1912865 
1770312 
1774063 
1729010 
1846250 
1761459 
1792656 
1915573 
1907395 
1820677 
1741459 
1874375 
1866093 
1831563 
1837865 
1820052 
1838698 
1705209 
1871094 
1838333 
1807969 
1820313 
1816198 
1822500 
1808645 
1850416 
1812500 
1831459 
1818855 
1831354 
1833125 
1816875 
1827083 
1819584 
1820625 
1829635 
1816458 
1822761 
1864583 
1846563 
1858645 
1815000 
1817240 
1863594 
1830677 
1811510 
1804166 
1811771 
1833489 
1814635 
1819271 
1829322 
1818854 
1865521 
1820468 
1781823 
1840678 
1817864 
1813385 
1816980 
1667083 
1751198 
1714427 
1735313 
1728281 
1731302 
1738437 
1753855 
1739375 
1721041 
1733802 
1748698 
1761562 
1665417 
1778698 
1759323 
1744531 
1704010 
1824218 
1818073 
1875156 
1784323 
1797500 
1797812 
1784739 
1796927 
1863646 
1727396 
1864270 
1871823 
1861979 
1790364 
1879479 
1845990 
1862604 
1749688 
1894271 
1867083 
1859323 
1752813 
1880833 
1874375 
1871615 
1822500 
1903907 
1829271 
1959219 
1987083 
1886771 
2088437 
2130886 
1822916 
1898802 
1855312 
1837760 
1841562 
1832865 
1844219 
1833541 
1829323 
1825677 
1984948 
1911042 
1830834 
1838958 
1954479 
1917604 
1891354 
1835937 
1944531 
1868750 
1812605 
1848125 
1847136 
1861302 
1969166 
1925156 
1924115 
1829063 
1939687 
2331250 
2226459 
1928750 
2074167 
2142656 
1995313 
1840729 
1967344 
1926198 
1725833 
1765000 
1747552 
1763385 
1763281 
1832916 
1810208 
1888594 
1717656 
1757604 
1755260 
1762500 
1753854 
1758282 
1778542 
1690834 
1834427 
1824791 
1746979 
1779114 
1752135 
1750573 
1809114 
1771094 
1748229 
1813906 
1762239 
1747136 
1854114 
1765052 
1750104 
1757239 
1754843 
1768021 
1829480 
1763281 
2065105 
1941719 
1785781 
1936510 
1895885 
1841145 
1828229 
1765468 
1701822 
1721980 
1703282 
1722447 
1702813 
1704271 
1766042 
1685156 
1692552 
1685469 
1756875 
1695572 
1689010 
1702812 
1692083 
1691042 
1703437 
1758438 
1706146 
1698437 
1762917 
1726250 
1736406 
1712396 
1702656 
1709792 
1691823 
1705208 
1693282 
1709479 
1696823 
1665938 
1699271 
1677396 
1846041 
1724896 
1750156 
1700468 
1704010 
1712500 
1702188 
1761823 
1690312 
1686562 
1704375 
1700990 
1700781 
1783646 
1835468 
1799531 
1816771 
1768437 
2031823 
1842500 
1816719 
1788698 
5385209 
1719583 
1762864 
1813959 
1763594 
2007865 
1976145 
2246719 
1874323 
1895052 
3035469 
2067552 
2202031 
2112500 
2068125 
2205990 
20635990 
1905989 
1997240 
2076511 
2063177 
1952396 
2005677 
1841198 
17937344 
1721458 
1714584 
1798229 
1727448 
1730729 
1729010 
1719479 
1720625 
1719010 
1682656 
1704427 
1717917 
1722500 
1759948 
1778125 
1760261 
1804010 
1770886 
1788750 
1765729 
1783645 
1784271 
1846354 
1732032 
2319219 
1837396 
1817553 
1857657 
1813750 
1808906 
1807500 
1923489 
2083229 
1866094 
2618281 
1953177 
2205417 
1784375 
1881927 
1836823 
1872396 
1879844 
1937709 
1868854 
1862343 
8513542 
1919271 
1838646 
1854532 
1766094 
2275573 
1785261 
1779062 
1800938 
1819583 
1805729 
1827865 
1812291 
1829011 
1810364 
1837240 
1832553 
1851823 
1753438 
1808854 
1796407 
1821979 
1838437 
1805625 
1888437 
1843073 
1865833 
1834010 
1850937 
1906719 
1910052 
1883334 
1839844 
1868281 
1808021 
1860938 
2098542 
1756718 
14860209 
1964531 
2029636 
1992812 
1943021 
1873177 
1963073 
2160625 
1951823 
2056354 
1908334 
1825937 
1862760 
1998959 
2218073 
2021146 
1995521 
1881771 
9978177 
1814479 
1921771 
1854792 
1999323 
1802656 
1788750 
4988333 
2019167 
1937135 
1870261 
1988854 
1865000 
1870677 
1888698 
1875885 
1962239 
1903698 
1859792 
2264844 
2934740 
4398438 
4825729 
2058541 
14228906 
2173750 
1918855 
1802187 
2010833 
1796562 
1986042 
2049167 
2855677 
2010886 
1843229 
1976771 
1881094 
2071146 
2992292 
2228229 
1508594 
2005052 
2597136 
1970573 
2064167 
2161511 
1850677 
1769948 
1843750 
1754948 
1804322 
1805833 
1792709 
1813906 
1793958 
1836198 
1786719 
1795260 
1801719 
1766979 
1799166 
1805052 
1961979 
1755521 
1809792 
1800730 
1824896 
1793959 
1795416 
1797864 
1798438 
1860417 
1856979 
1775208 
1739740 
1797552 
1775104 
1785208 
1760104 
1795520 
2068281 
1916145 
1702917 
1746406 
1742188 
1700104 
1690677 
1694062 
1695157 
1743333 
1695625 
1701459 
1689010 
1705157 
1693177 
1771771 
1735677 
1783177 
2056198 
1861823 
1771510 
1732917 
1736145 
1831979 
16886563 
1834844 
1906614 
1859844 
1875834 
1917552 
2162500 
1811927 
1941875 
1943438 
1899167 
1956041 
1955625 
1893750 
6765208 
1897760 
1795000 
1731458 
2389063 
2175000 
10104947 
1815157 
1852761 
1807760 
2024063 
1883958 
1861719 
1928437 
1902917 
1824167 
1866198 
1915782 
1970729 
2097031 
1990208 
1957865 
3870104 
1801979 
2333177 
1973854 
12508593 
1694271 
1697448 
1730677 
1694739 
1695885 
1692969 
1735209 
1738177 
1667552 
1674636 
1673073 
1829948 
4236302 
6083333 
2161510 
1716822 
1716927 
1770833 
1759479 
1705990 
1705209 
1778334 
1820937 
1799011 
1713073 
1710625 
1707969 
1739531 
1706041 
1695000 
1728125 
1719115 
1780052 
1733385 
1791354 
1768542 
1724635 
1877343 
1703855 
1708281 
1722135 
1694531 
1691562 
1698178 
1647917 
1723490 
1678333 
1677344 
1697031 
1687812 
1683281 
1702344 
1708594 
1697969 
1632031 
1703854 
1680938 
1678958 
1679740 
1666302 
1671979 
1671614 
1718645 
1692865 
1708021 
1673438 
1688958 
1677553 
1712343 
1674375 
1685365 
1710000 
1712864 
1722968 
1747708 
1755260 
1779479 
1713959 
1738646 
1776615 
1760417 
1761406 
1758385 
1761979 
1763593 
1767292 
1778177 
1773750 
1764479 
1779375 
1739844 
1759636 
1782864 
1694791 
1722448 
1695573 
1706354 
1685885 
1830520 
1783698 
1767656 
1869532 
1753177 
1817396 
1745885 
1753958 
1767552 
1806042 
1896302 
1759375 
1778385 
1870000 
1757917 
1679948 
1856666 
1801042 
1694687 
1751823 
1826979 
1766094 
1785365 
1863438 
1840573 
1821042 
1753438 
1865678 
1745313 
1782240 
1886302 
1755781 
1773906 
1776875 
1969739 
1835417 
1828385 
1784531 
1746667 
1829427 
1793125 
1877969 
1741458 
1852031 
1757709 
1941250 
1817604 
1816875 
1781927 
1835885 
1859010 
1855729 
1873854 
1859219 
1846718 
1750416 
1645729 
1778073 
2563698 
1805417 
2060104 
1944271 
1888750 
1781719 
1862812 
1944739 
1739115 
1856198 
1803333 
1838958 
1658282 
1803698 
1703646 
1799219 
1760781 
1759636 
1764219 
1742969 
1770469 
1763698 
1830885 
1656563 
1752031 
1725521 
1716927 
1784167 
1693803 
1887343 
1665677 
1781094 
1716250 
1763803 
1706302 
2079270 
2198802 
2163855 
1821041 
1946198 
1910573 
1751770 
1858229 
1760833 
1895990 
1752656 
1871823 
1888021 
1729167 
1787291 
1793177 
1896407 
1966719 
1744479 
1748542 
1885833 
1890052 
1752500 
2004843 
1740886 
1836250 
1764740 
1760157 
1898020 
1918386 
1746407 
1946146 
1809844 
1888125 
1878229 
1704896 
2014635 
1738594 
1962813 
1926093 
1751979 
1893698 
1789636 
1921979 
1904011 
1881094 
1858594 
1798177 
1881511 
1913438 
1877136 
1797865 
1928594 
1920156 
1911823 
1879115 
1870260 
1786302 
1880312 
1867396 
1862708 
1759427 
1895157 
1910260 
1863125 
1892292 
1756875 
1988593 
1874062 
1830521 
1892344 
1826979 
1825313 
1874270 
1821250 
1870521 
1821406 
1829479 
1817083 
1712343 
1859323 
1818645 
1911198 
1895469 
1846093 
1889271 
1820937 
1924010 
1654896 
1857136 
1829792 
1824687 
1812448 
1823281 
1807188 
1806562 
1805208 
1814740 
1861406 
1828073 
1886354 
1799740 
1704531 
1899323 
1824010 
1823594 
1811198 
1823542 
1827136 
1813490 
1804271 
1856146 
1774375 
1884479 
1814844 
1814948 
1810052 
1806406 
1828854 
1828698 
1812813 
1828021 
1831771 
1830208 
1820833 
1796042 
1869323 
1861875 
1904219 
1789584 
1666615 
1759531 
1733334 
1712344 
1699844 
1722343 
1968125 
1934375 
1905417 
1991094 
1789219 
1887552 
1876042 
1869270 
1743698 
1719635 
1800156 
1833333 
1827812 
1838020 
1831302 
1707760 
1718385 
1731406 
1724062 
1740313 
1718541 
1722760 
1724791 
1840000 
1815156 
1645052 
1707187 
1706667 
1715989 
1712032 
1713282 
1718438 
1719896 
1708021 
1699114 
1700990 
1704323 
1701771 
1702812 
1706458 
1713281 
1702813 
1693073 
1701041 
1905000 
2067864 
2032396 
1825469 
1880157 
1890052 
1987344 
1771615 
2058073 
1731146 
1830677 
1898281 
1794739 
1988646 
1904011 
1777083 
1778333 
1751511 
1793958 
1644011 
1790625 
1692812 
1764115 
1745520 
1733907 
1731250 
1726459 
1747291 
1791979 
1762083 
1814062 
1776354 
1820052 
1793594 
1787448 
1802240 
1788958 
1809115 
1743802 
1772604 
1873125 
1877396 
1869167 
2046510 
2937760 
13665417 
1880573 
1842188 
1778229 
1983333 
1865677 
2348645 
1942865 
2002188 
1835625 
1877031 
1833386 
1831198 
1898333 
10023489 
2022760 
1792552 
1800364 
1722448 
1805834 
1743958 
1873542 
1856562 
1767240 
2996302 
1929635 
1768177 
1740886 
1760312 
1772656 
1771875 
2671198 
1737240 
1791198 
1772500 
1785469 
1749427 
1817656 
1757656 
1763906 
1759011 
1695313 
1720157 
1748334 
1726667 
1702552 
1744062 
2721459 
3336980 
1965417 
1834896 
1736198 
1717708 
1741510 
1726927 
1706562 
1784896 
1632552 
1702031 
1725521 
1700730 
1693698 
1693125 
1701979 
1696302 
1689115 
1707031 
1714167 
1708698 
1927864 
1920365 
1739687 
1742969 
1770261 
1745261 
1848072 
1764271 
1857448 
1761823 
1851510 
1871406 
1925781 
1852864 
1890104 
1802031 
1851719 
1843125 
4132240 
2207395 
2070417 
2008229 
1773385 
1838542 
1714219 
1776563 
1982396 
1795990 
1782240 
1699844 
1679427 
1709583 
1711198 
1697396 
1716927 
1716719 
1695885 
1802396 
1771615 
1687552 
1696250 
1690000 
1690052 
1718437 
1711511 
1688802 
1987604 
1828229 
3145938 
2966094 
1950573 
1795364 
1798854 
1891563 
1734583 
1848541 
1830833 
1767292 
2899219 
2054062 
1808594 
15673229 
2180677 
9163125 
3814271 
1833489 
1798698 
1751302 
1826302 
1771666 
1770781 
1767812 
1812188 
2325833 
1781823 
1721042 
1789791 
2832343 
1842760 
1745365 
1796614 
1776927 
1769844 
1857083 
1753229 
3491927 
2190260 
1723593 
1749844 
1724427 
1810885 
1721718 
1720625 
1717292 
1718437 
1761042 
1752500 
1724739 
1735625 
1726406 
1790677 
1737865 
1725468 
1723177 
1720886 
1721302 
1725885 
1718281 
8277708 
1778594 
1755521 
1712760 
1709271 
1772448 
1729687 
1707396 
1708177 
1734687 
1719791 
1727083 
1751354 
1688802 
1694792 
1682917 
1671823 
1677552 
1692604 
1661355 
1711198 
1788177 
1924531 
1750417 
1778490 
1910833 
1853906 
1951250 
1790625 
1907864 
2108959 
2200365 
2228281 
1930312 
1812968 
1892292 
1678282 
1725208 
1739427 
1708385 
1711146 
1711718 
1729271 
1743646 
1688802 
1708594 
1702448 
1697760 
1699635 
1700469 
1710104 
1693854 
1697292 
1723125 
1732552 
1707396 
1723854 
1674323 
1752240 
1818854 
1766614 
3384271 
1923177 
1812656 
1758490 
1710104 
1669063 
1750989 
1702656 
1705938 
1696458 
1680521 
1734844 
1669011 
1743958 
1729271 
1753385 
1761354 
1687864 
1748854 
1697083 
1778333 
1773021 
1705000 
1747396 
1729218 
1725833 
1759948 
1768854 
1745053 
1728698 
1735677 
1789062 
1739114 
1727396 
1720468 
1763958 
1730625 
1718907 
1663229 
1802864 
1790885 
1787396 
1780573 
1782552 
1832760 
1801562 
1783541 
1782291 
1778281 
1776667 
1790781 
1806198 
1796093 
1785260 
1804115 
1900886 
1828177 
1824479 
1773073 
1785469 
1779843 
1785469 
1783281 
1796094 
1797969 
1794219 
1785208 
1686719 
1881719 
1759323 
1806667 
1786146 
1806719 
1774167 
1766198 
1678282 
1829896 
1810573 
1784427 
1776354 
1791770 
1787604 
1683593 
1829011 
1778698 
1785261 
1752604 
1699219 
1764948 
1875468 
1763750 
1685573 
1854948 
1776406 
1820521 
1811875 
1822916 
1839740 
1817500 
1870989 
1825990 
1808177 
1810937 
1819166 
1817865 
1822552 
1822968 
1820886 
1811666 
1828854 
1825312 
1832188 
1868542 
1833594 
1848125 
1814948 
1825990 
1824479 
1829531 
1813333 
1816458 
1809739 
1814791 
1819167 
1838073 
1823281 
1820990 
1883177 
1836980 
1907761 
1825208 
1832344 
1834688 
1806459 
1701146 
1870885 
1916355 
1921198 
1720625 
1760052 
1745729 
1851354 
1808750 
1786980 
2098645 
1943750 
1885468 
1726510 
1697761 
1786719 
1665157 
1715208 
1690729 
1727916 
1691771 
1723178 
1716459 
1715416 
1722188 
1719115 
1762083 
1749948 
1714011 
1730052 
1730885 
1716875 
1731667 
1760052 
1703490 
1780365 
1832344 
1713281 
1667135 
1765416 
1721927 
1748958 
1902812 
1814218 
1861198 
4961198 
1924167 
1681667 
1983594 
1947917 
1873177 
1816198 
1890573 
1867395 
1659948 
1901771 
1872031 
1907395 
1816354 
1835885 
1686041 
1825312 
1812500 
1866250 
1964844 
1878437 
1850156 
1817709 
1708803 
1908021 
1808958 
1825729 
1718073 
1942865 
1708906 
1906354 
1882656 
1867864 
1857656 
1885781 
1881458 
1725886 
1921042 
1810052 
1797500 
1656979 
1847343 
1718386 
1730834 
1756250 
1780052 
1765156 
1756406 
1997500 
1865886 
1707188 
1750834 
1846302 
1826407 
1893541 
1824531 
1805781 
1824948 
1808386 
1800573 
1873542 
1824844 
1824271 
1827448 
1858958 
1761823 
1878437 
1819167 
1821875 
1682552 
1859792 
1842240 
1815364 
1857031 
1812917 
1817813 
1824896 
1827084 
1823020 
1829791 
1744688 
1752240 
1706927 
1710469 
1745156 
1658177 
1745521 
1706302 
1747812 
1698438 
1761510 
1779011 
1751459 
1755105 
1951667 
2473385 
2009166 
1789792 
1885261 
1734219 
1748646 
1725729 
1666615 
1662135 
1683906 
1682448 
1648958 
1664739 
1668906 
1728750 
1665261 
1707969 
1696094 
1666927 
1676719 
1686927 
1681459 
1679636 
1663854 
1687813 
1657239 
1736875 
1671041 
1672656 
1679531 
1706875 
1692396 
1686250 
1754896 
1755261 
1773385 
1695208 
1664531 
1710469 
1695573 
1673021 
1672188 
1677708 
1663594 
1692865 
1756198 
1747760 
1753646 
1694584 
1720313 
1753594 
1737240 
1685312 
1673438 
1695573 
1685313 
1730416 
1981406 
2041823 
1766875 
1745833 
1922552 
1879948 
1812500 
1734271 
1750989 
1739323 
1949375 
2228854 
1797917 
1797187 
1987084 
1851458 
1964843 
1888750 
1949375 
2393542 
3083073 
1585365 
1761407 
1739062 
1842813 
1737656 
1960781 
10855417 
28026823 
2064323 
1746458 
2015157 
1963802 
2073958 
1760938 
1789271 
1718334 
1817708 
1867969 
1896980 
1811146 
1804375 
2030625 
1813750 
1665417 
1718958 
1711615 
1710729 
1748958 
1729844 
1737344 
1871719 
1854896 
1743021 
1780625 
1731771 
1724375 
1766250 
1774479 
1984948 
1726198 
1842552 
1711250 
1768854 
1755990 
1854844 
2076042 
1855573 
1885156 
1804792 
1847448 
1687708 
1705000 
1700209 
1754792 
1715990 
1693959 
1777084 
1735833 
1728802 
1698177 
1695208 
1753333 
1696094 
1731562 
1680989 
1691615 
1713229 
1696354 
1713698 
1705938 
1702135 
1710469 
1782656 
1696615 
1690677 
1698906 
1704688 
1713750 
1697656 
1690313 
1715625 
1713646 
1714218 
1722500 
1748229 
1703489 
1695677 
1685990 
1695990 
1704010 
1698907 
1944063 
1700885 
1701614 
1716041 
1742032 
1757760 
1703646 
1805521 
1836250 
1842968 
1807708 
1806771 
1788177 
1907135 
1769739 
1913385 
1812448 
2964062 
1985312 
2034740 
15570521 
2019323 
1996615 
1973646 
2800261 
1969323 
1836459 
1852917 
3570885 
1840000 
1839323 
1894583 
2558073 
1932031 
1838125 
1785313 
1764583 
2105521 
1778229 
1821979 
1762916 
1853750 
1776771 
1773541 
1770000 
1760260 
1805885 
13552239 
13776042 
1771979 
1702292 
1705105 
1760625 
1709062 
1705625 
1711718 
1698750 
1903438 
1547343 
1750937 
1749896 
1703333 
1967604 
1817864 
1765469 
1794948 
1838698 
1776354 
1774635 
1849115 
1773073 
1768593 
1761823 
1780208 
1911719 
1708959 
1723698 
1752604 
1734218 
1717709 
1802657 
1724428 
1729740 
1712500 
2617968 
1719219 
1705364 
1725938 
1712709 
1793489 
1908906 
2018334 
1859062 
1816875 
1795052 
1833125 
1886197 
1804532 
1778281 
1766510 
1759635 
2781615 
2033750 
2018125 
2007031 
2316093 
1997917 
2053177 
2177031 
1935781 
1848750 
3280208 
1818750 
1838125 
1877760 
2204167 
2196093 
8591093 
1819531 
1792709 
1758646 
1783177 
1774688 
1775104 
1782552 
1836250 
1770209 
1766459 
1828646 
1766614 
2096823 
1893698 
1817083 
2190313 
2149166 
9263958 
1940677 
1676094 
1742968 
1990677 
1922187 
1811928 
1729635 
1737657 
1723021 
1765781 
1727187 
1717187 
8694479 
1805834 
1722760 
1714427 
1781719 
1763854 
1721146 
1724687 
1721042 
1712813 
1802916 
1735573 
1749635 
1711667 
1677188 
3408646 
1838282 
1769375 
1726875 
1738541 
1678282 
3400677 
1743385 
1706302 
1679270 
1722969 
1715365 
1678906 
1673021 
1677916 
1786719 
1723854 
1726302 
1681562 
1669063 
1626511 
1678906 
1704063 
1660156 
1736927 
1753907 
1727187 
1803541 
1724636 
1725781 
1709583 
1773594 
1692292 
1688125 
1685990 
1690156 
1687396 
1678229 
1726615 
1739844 
1753854 
1745469 
1744166 
1735990 
1751042 
1775156 
1753489 
1792448 
1778541 
1763125 
1731250 
1767136 
1754532 
1758593 
1778750 
1794167 
1776823 
1747864 
1801145 
1753073 
1720261 
1686562 
1803385 
1770417 
1792656 
1777552 
1760312 
1831563 
1762448 
1734583 
1830729 
1708541 
1736979 
1719948 
1769010 
1851614 
1746406 
1753281 
1758230 
1806667 
1743177 
1778489 
1769218 
1910677 
1767448 
1775261 
1868385 
1744063 
1771094 
1811823 
1767084 
1839115 
1885730 
1811875 
1839167 
1798698 
1785938 
1774480 
1782032 
1790052 
1753385 
1762917 
1772656 
1827917 
1794687 
1772656 
1781666 
2076094 
2286146 
2060261 
1965469 
2036719 
1750521 
1900208 
1815782 
1742709 
1897656 
1724792 
1926927 
1758490 
1850208 
1823230 
1813541 
1768646 
1952187 
1899219 
1858020 
1711719 
1928750 
1904062 
1798125 
1710833 
1957968 
1851979 
1802760 
1871302 
1873646 
1933854 
1707032 
1938489 
1820625 
1853073 
1816511 
1877031 
1819479 
1905885 
2001510 
1928646 
1724791 
2965365 
1801458 
1774375 
1855886 
1787500 
1861510 
1839947 
1853646 
1819635 
1854740 
2910885 
1820990 
1706406 
1720729 
1770104 
1827240 
13906667 
1911146 
1859739 
1905208 
1901354 
1868698 
1851875 
1889479 
1940989 
1950729 
1867500 
1750989 
1747812 
1866510 
1871927 
1911406 
8863958 
3762760 
2181355 
2020208 
1783073 
1884115 
2355781 
1779740 
1766406 
2224948 
1787864 
1829740 
19099115 
2411458 
2106250 
1838438 
1888593 
1939011 
3746042 
1972708 
1853489 
1916927 
1845208 
2163333 
1831771 
1862031 
7184844 
2930260 
2198230 
2029948 
1887865 
2122917 
2102135 
1973959 
1805156 
1808073 
1825416 
1857291 
1851354 
2894844 
2595312 
2170833 
1874375 
1804271 
1880469 
1784948 
1817500 
1796615 
1949583 
1989114 
15851770 
2176667 
13998907 
2270105 
2822552 
1991354 
1782969 
2002240 
1950364 
3086406 
1885417 
1904636 
1884479 
1889375 
3070156 
1878594 
1896875 
1904531 
1894948 
1936928 
15473177 
1894584 
3182916 
1844167 
1831771 
1813802 
1829948 
1793281 
2148073 
2069531 
1822135 
6976771 
2083906 
1956667 
1784427 
1794636 
11884167 
2521770 
1875521 
1852552 
2110625 
1801719 
6339740 
2124375 
10710573 
3432240 
6107864 
1899531 
1835000 
1855677 
1919218 
1919792 
1924792 
1941927 
1859687 
2100208 
2032032 
2134948 
1986407 
1931822 
2020990 
4793698 
2875313 
2295261 
1720781 
2119531 
1819688 
1914948 
4992395 
2953541 
1876771 
1981302 
1849739 
1859792 
1890417 
1869583 
9307083 
2010521 
1921719 
2171875 
2053281 
3407552 
1953438 
1934896 
1916145 
2119219 
1922448 
1908959 
1876459 
4445625 
2175469 
1899532 
1877083 
2076145 
2009583 
3861510 
2038437 
1816771 
1943021 
1867396 
1958802 
1996718 
6632916 
2247604 
3779271 
2146823 
2007761 
1887500 
2019114 
2045312 
4813802 
1863021 
1828698 
1820208 
1850990 
1856771 
1862708 
1843698 
1820469 
1817708 
1826771 
1840469 
1833750 
1862136 
1831875 
2000105 
1903177 
1827344 
1906719 
1815364 
1836145 
1825000 
2152604 
2130052 
1882448 
1886354 
1886354 
1938229 
1931719 
1992083 
2169635 
2769271 
2373386 
1906250 
1832812 
1906302 
1940521 
1850416 
1856198 
1835365 
1909531 
1858281 
1847604 
2092604 
2035677 
2174271 
1903437 
2473646 
1845521 
1878385 
1782552 
2006979 
2805000 
1896458 
1856250 
1882448 
1992969 
2048385 
2073229 
2001042 
1820052 
2360469 
1798125 
2221563 
1966562 
1802240 
1801927 
1797500 
1850261 
1848802 
1813334 
1794844 
1797500 
3379114 
1931146 
1877240 
1810416 
1837968 
1784063 
2110156 
1932083 
1929584 
1907709 
1982916 
2102760 
2163959 
2127188 
1895521 
1909739 
1803177 
1830261 
1781770 
1796823 
2837969 
1818958 
1825365 
1815781 
1845833 
1827969 
1813281 
1801875 
2741145 
2398385 
1811302 
1804584 
1861510 
2153282 
2109167 
1939323 
1929480 
1953385 
2317917 
2485416 
2260937 
2029948 
1913177 
1924635 
1908802 
2036458 
2098490 
1898698 
1867239 
1857552 
1910677 
1895261 
1880312 
2237813 
1937396 
1778594 
3170052 
2271823 
1907604 
7258802 
1849583 
1547188 
1834687 
1838542 
2056042 
1964479 
1958698 
2060052 
1955052 
4709271 
3905469 
2105104 
1852864 
1918073 
1387188 
1921615 
1915417 
1917500 
1918229 
1952344 
2520365 
1841823 
1888802 
1881042 
1883594 
1872291 
1914531 
2507813 
1880886 
1789010 
1783645 
1795625 
1937552 
1908125 
2847291 
1756927 
1758125 
1891145 
1957292 
1985104 
2161615 
1868073 
1908177 
1907709 
4273229 
2369115 
2216510 
2276146 
2097187 
2669427 
14182708 
2101406 
1975989 
1874271 
1848333 
1917656 
2116980 
1768282 
1829115 
1833229 
1901302 
1805886 
1773490 
1846719 
1873750 
1853698 
1875990 
1889635 
1880938 
1888177 
2161718 
1751980 
1779271 
1776042 
1785521 
1777865 
1742031 
1782604 
1877500 
1798333 
1837396 
1821146 
1783906 
1761771 
1781615 
1792292 
1823333 
1830313 
2034791 
2140729 
1748542 
1799739 
1760938 
1777761 
1926562 
1863750 
1762656 
1771094 
1802552 
1920885 
1771823 
1883281 
1835938 
2250834 
2051407 
2212031 
2954531 
13257709 
2001719 
1836875 
2025208 
2205729 
1909375 
1801146 
1798542 
1833854 
1823698 
1816667 
1804115 
1784844 
1831667 
1814636 
1821250 
1840469 
1839635 
1833958 
1831875 
1816823 
1883385 
1737344 
1733073 
2035625 
1974323 
3672708 
2142396 
1918281 
1886875 
1872917 
1890052 
1872031 
1890990 
2040157 
1938385 
1717136 
1732031 
1724219 
1759583 
1748542 
1751354 
1743594 
1726146 
1770416 
1766146 
1760781 
1733698 
1739271 
1726302 
1741042 
1724011 
1738333 
1730312 
1759896 
1727969 
1749531 
1747500 
1743646 
1738125 
1730468 
1779844 
1754583 
1739791 
1734427 
1743593 
1739895 
1739740 
1758073 
1750417 
1727448 
1770208 
1705729 
1735990 
1740000 
1745469 
1734948 
1792604 
1760729 
1730937 
1735104 
1722135 
1880729 
2007396 
1861980 
1939375 
1776823 
2151510 
1726562 
1752500 
1743333 
2069531 
1939219 
2272448 
3001146 
1749584 
1768333 
1746510 
1742031 
1761718 
2161927 
2037188 
2869219 
1766771 
1734062 
1747604 
1758386 
1763750 
1754740 
2588541 
1941615 
1876823 
1717656 
1700521 
1755417 
1699323 
1709271 
1695729 
2021094 
1863230 
2114427 
1719271 
1767032 
1759375 
1707760 
1709479 
1748802 
1924167 
1990937 
1807709 
1728229 
1728541 
1721250 
1723229 
1707240 
1728490 
2071458 
2493021 
1777864 
1803750 
1772135 
1797708 
1817917 
1729063 
2137761 
1835677 
2311146 
1718386 
1707604 
1713750 
1717135 
1711250 
1786927 
2994740 
1808437 
1746198 
1712657 
1717760 
1732864 
1703541 
1703229 
1996042 
1981823 
1795573 
1723854 
1755260 
1721666 
1800104 
1695729 
1725625 
1766302 
1715781 
1746094 
1738958 
1707135 
1708333 
1712292 
1708333 
1730208 
1720312 
1698021 
1710312 
1708229 
1693125 
1698958 
1773542 
1818021 
1869375 
1694010 
1676459 
1691823 
1729740 
1714844 
1698490 
1690261 
1666927 
1717813 
1706146 
1668281 
1665312 
1696667 
1683854 
1692657 
1705677 
1687083 
1697917 
1697344 
1736302 
1711302 
1718802 
1711354 
1722344 
1713802 
1713073 
1689896 
1713229 
1699896 
1719115 
1732552 
1728958 
1763489 
1782448 
1773906 
1767968 
1780572 
1796458 
1764115 
1741615 
1766822 
1773021 
1787447 
1787344 
1704063 
1821198 
1845209 
1678438 
1819896 
1794479 
1754792 
1778855 
1848802 
1763385 
2633385 
1741407 
1752708 
1779375 
1877552 
1818542 
1739531 
1756927 
1756563 
1854375 
1766198 
1828333 
1794062 
1749218 
1703646 
1842813 
1866563 
1776510 
1838594 
1745781 
1817553 
1853229 
1915833 
1821875 
1823125 
1969479 
1803386 
1831510 
1831407 
1831719 
1827813 
1816407 
1784687 
1834375 
1808177 
1824792 
1781042 
1821146 
1814896 
1833594 
2067604 
1785365 
1869583 
1823750 
1790834 
1825260 
1822240 
1831718 
1974844 
1807761 
1845833 
1854375 
1859532 
1827552 
1832084 
1883125 
1863177 
1886094 
1827760 
1821666 
1849115 
1824062 
1837084 
1847865 
1826354 
1831615 
1816979 
1850417 
1843385 
1819687 
1894844 
1802969 
2091407 
1703177 
1817084 
1851042 
1807344 
1840000 
1817032 
1866093 
1829322 
1837760 
1829063 
1912083 
1834687 
1874584 
1814687 
1845312 
1838125 
1834219 
1834010 
1856198 
1834062 
1829218 
1831875 
1753958 
1900365 
1824011 
1915261 
1829635 
1845521 
1833385 
1854323 
1820885 
1824844 
1872657 
1885625 
1973489 
1958750 
1828906 
1838542 
1850000 
1820313 
2100417 
1933959 
1878802 
1839583 
1898854 
1720677 
1806927 
1796718 
1920104 
1982604 
1823333 
1870208 
1947761 
1931823 
1817552 
2551666 
1865885 
1907760 
1813750 
1836302 
1955000 
1802448 
1943334 
1829062 
1977761 
1968906 
1807500 
2086042 
1837552 
1923594 
1947135 
2033021 
1786875 
1943593 
1949792 
1927604 
1763229 
1819583 
1945937 
1905157 
1833229 
1940260 
1828489 
1962917 
1946146 
1799219 
1945521 
1926510 
1922032 
1935156 
2029584 
1810781 
2047396 
1930312 
2014635 
1866042 
1897604 
1847344 
2056563 
2085156 
2176250 
2066354 
2091094 
2074479 
2074062 
1961614 
1830782 
1829844 
2250469 
1779948 
2016406 
1910313 
2011458 
1922500 
1880209 
1949948 
1864792 
1945208 
2012239 
1783333 
1936094 
1946823 
1919427 
1924896 
1817083 
1945677 
1913906 
1924583 
1913229 
1815730 
1937708 
1926823 
1919844 
1988229 
1796510 
1944843 
1922188 
1918490 
1940365 
1823646 
1954843 
1995260 
1925156 
1990261 
1907604 
1873021 
1986823 
2154115 
1655625 
2286406 
1810000 
1767552 
2180625 
2019948 
1982604 
2021407 
1973386 
1900729 
1925104 
1840312 
1920938 
1902760 
1826875 
1857344 
1824584 
1822813 
1829323 
1871563 
1824531 
1843281 
1882605 
1890156 
1900416 
1750052 
1745886 
1876406 
1852031 
1845729 
1972396 
1827656 
1977188 
1825260 
1838230 
2717865 
1814010 
1830416 
1800209 
1867604 
1833594 
1837448 
1831979 
2012344 
2073906 
2357291 
2080209 
2549375 
1735625 
1757240 
1766719 
1761719 
1878698 
1792708 
1893229 
1799479 
1804062 
1802708 
1742344 
1751250 
1875416 
1865573 
1785677 
1728541 
1897448 
1854375 
1802031 
1842448 
1947813 
1970521 
1962656 
1880937 
1860156 
1849635 
1842031 
1856979 
1827239 
1842083 
1831615 
1855885 
1820521 
1892084 
1834896 
1934323 
1840104 
1817188 
1975677 
1825781 
1855573 
1820052 
1830781 
1840313 
1825573 
1832396 
1844844 
1847344 
2031458 
1790417 
2058697 
1911615 
2016719 
1810521 
2026198 
1961198 
2036563 
1907240 
1997083 
1791459 
1930677 
1919375 
1924271 
1772552 
1944323 
2072605 
1910261 
2108750 
2067865 
1910000 
1823073 
2117396 
1810417 
2127448 
2067292 
2082968 
2047916 
1738594 
1934791 
1936875 
1929011 
1935000 
1786355 
1944010 
1921510 
1963854 
1918177 
1818802 
1948437 
1907864 
1919844 
1921041 
1801042 
2035834 
1792865 
2062656 
1927917 
2029062 
1796823 
1978438 
1952604 
2015417 
1901198 
1907500 
1719063 
1945782 
1922709 
1919636 
1779114 
1952760 
1917604 
1907135 
1817500 
1940104 
1825625 
2670052 
1929688 
1790521 
2095312 
1895937 
1814532 
2101302 
1818750 
2110781 
2091406 
2088698 
2074531 
1929791 
1840416 
2088750 
2063750 
1929010 
1924687 
1931927 
1837395 
1957396 
1926354 
1911719 
1916823 
1817031 
1965417 
1915104 
1928385 
1922448 
1800469 
1936406 
1995782 
1914740 
1986510 
1914167 
1860313 
1943750 
1993854 
1742448 
1819948 
1944427 
1927084 
1939844 
1902865 
1724479 
1832656 
1933542 
1851667 
1989479 
1975312 
1954375 
1841771 
1881615 
1837135 
1909896 
1841406 
1893073 
1817760 
1919010 
1847344 
1936354 
1939322 
1945209 
1882135 
1933281 
1793750 
1828385 
1941458 
1930572 
1783854 
1962136 
1907553 
1926666 
1918438 
1801146 
2051980 
1923958 
2036146 
1932552 
2032709 
1909532 
2002031 
1933698 
1972500 
1924375 
2013750 
1914948 
1891979 
1973802 
1997240 
1938593 
2004583 
1924114 
1792239 
1951302 
1907708 
1934219 
1900417 
1715573 
1954375 
1925364 
1927656 
1788854 
1968750 
1938750 
1919948 
1930625 
1803542 
1942083 
1923386 
1998073 
1910104 
1844218 
1945938 
1876666 
1791146 
1938698 
1832135 
2098229 
2090260 
1822396 
2103646 
2202135 
2057031 
2186615 
2077657 
1995834 
1916875 
3255000 
1775677 
1933073 
1911406 
1929635 
1805260 
1932083 
1923750 
1915781 
1913906 
1819010 
1966511 
1810573 
1937656 
1991771 
1793438 
2059010 
1794688 
2048073 
1923230 
2065625 
1795677 
2137031 
1986354 
2259896 
2080052 
1929843 
1971511 
1826250 
1984166 
2029219 
1977344 
1956875 
2008542 
2040625 
1983281 
2038750 
1894271 
1996979 
1797031 
2049740 
1964479 
2043542 
1973229 
1899375 
1880052 
1919792 
1752709 
1949166 
1821927 
1857760 
1870417 
1734323 
1950469 
1933073 
1808021 
1890365 
1744531 
1964063 
1951927 
1872083 
1870209 
1897865 
2248646 
1903438 
1757448 
1835730 
1847292 
1886875 
1916250 
1888854 
1897552 
1892552 
1911927 
1886303 
1891771 
1891875 
1868906 
1881042 
1754166 
1799583 
1743542 
1792239 
1747969 
1868490 
1760260 
1896458 
1766667 
1759219 
1872135 
1873750 
1881666 
1875365 
1872292 
1867187 
1866771 
1881823 
1874062 
1769584 
1905678 
1915208 
1880052 
1878386 
1870729 
1883541 
2007031 
1923333 
1926718 
1892761 
1814479 
1928438 
1906771 
1907709 
1871406 
1873229 
1896250 
1870989 
1880052 
1875156 
1740521 
1894688 
1914323 
1889427 
1868125 
1740834 
1895157 
1912552 
1873229 
2247240 
1817761 
1740156 
1874114 
1827917 
1788958 
1827396 
1826302 
1828177 
1823229 
1802187 
1829218 
1822916 
1816250 
1772605 
1850886 
1820677 
1855677 
1676562 
2034219 
1876041 
1822865 
1718750 
1869635 
1711718 
1730781 
1850365 
1691042 
1712552 
1721458 
1719636 
1725260 
1726927 
1807187 
1822812 
1856250 
1810573 
1870573 
1807500 
1806823 
1829115 
1820677 
1827708 
1819739 
1822500 
1828386 
1817864 
1698906 
1736407 
1726667 
1715365 
1729844 
1713594 
1733698 
1728021 
1722031 
1777656 
1701667 
1800417 
1708698 
1773073 
1749948 
1766094 
1745104 
1751354 
1752500 
1768333 
1762135 
1743072 
1757500 
1761407 
1783333 
1850313 
1873802 
1378542 
1752292 
1758437 
1731563 
1958698 
1853177 
1722760 
1675781 
1777552 
1694011 
1703386 
1768385 
1695104 
1788386 
1725000 
1819375 
1703177 
1754636 
1732761 
1712136 
1718281 
1714063 
1718646 
1768073 
1755886 
1740468 
1736146 
1731667 
1744218 
1743802 
1730625 
1739218 
1782344 
1951198 
2007865 
1951667 
1846614 
1962344 
1781927 
1798750 
1770886 
1818282 
1807240 
1797396 
1799218 
1810052 
1746250 
1824375 
1807552 
1822500 
1805365 
1736511 
1826875 
1811823 
2381511 
1661511 
1726615 
1813490 
1686355 
1821510 
1892135 
1849218 
1810208 
1815365 
1992813 
2083698 
1987239 
1931771 
1883698 
1917969 
1744167 
2039062 
1739687 
1916771 
1745052 
1894688 
1850157 
1901979 
1876823 
1868802 
1892864 
1922500 
1872605 
1898906 
1930417 
1886719 
1992656 
1748437 
1768178 
1756146 
1759636 
1755729 
1755156 
1782031 
1761094 
1863802 
1873594 
1877187 
1881719 
1883646 
1885313 
1923802 
1869062 
1918125 
1875469 
1913125 
1864219 
1834427 
1701094 
1751146 
1775469 
1758386 
1771979 
1767500 
1759218 
1760938 
1756406 
1771146 
1750260 
1748073 
1749791 
1755157 
1754270 
1797084 
1694479 
1769323 
1760104 
1759063 
1765313 
1762135 
1763230 
1764844 
1773073 
1758020 
1763698 
1762917 
1753229 
1754896 
1782135 
1762188 
1759323 
1730365 
1752969 
1891042 
1867656 
1895312 
1884427 
1885989 
1869167 
1707709 
1759427 
1752500 
1726198 
1757604 
1839896 
1752396 
1788750 
1756302 
1746406 
1794218 
1765729 
1801354 
1880782 
1990417 
1872500 
1871562 
1876354 
1885156 
1866771 
1922187 
1740260 
1753593 
1747239 
1757292 
1768125 
1759114 
1759271 
1754895 
1793802 
1762135 
1757083 
1746354 
2115000 
1728802 
1722865 
1735053 
1799792 
2018437 
2303282 
1859740 
1733646 
1857708 
1822448 
1896562 
1677396 
1739583 
1729895 
1720156 
1732761 
1740208 
1783386 
1698541 
1828645 
1744635 
1687291 
1825417 
1748386 
1747656 
1752709 
1764063 
1762292 
1815990 
1787604 
1911198 
1875625 
1882760 
1862969 
1873177 
1869271 
1672500 
1805365 
1780157 
1759583 
1780937 
1839323 
1768281 
1776094 
1915261 
1894948 
1880364 
1800834 
1837604 
1925521 
1784271 
1824740 
1784844 
1879948 
1877708 
1889270 
1824896 
1766146 
1949583 
1882552 
1923906 
1812083 
1898333 
1868854 
1879688 
1883855 
1822761 
1727917 
1789583 
1755677 
1754010 
1757968 
1750156 
1757864 
1758750 
1769531 
1750677 
1783750 
1748906 
1767500 
1778385 
1810989 
1795885 
1797969 
1703229 
1721250 
1723229 
1710209 
1710000 
1854636 
1800312 
1798594 
1786197 
1791875 
1817343 
1807292 
1798125 
1792917 
1786042 
1788542 
1906250 
1830156 
1857344 
1827240 
1843021 
1837865 
2014479 
1918541 
1931094 
1825312 
1845989 
