2287080 
2044536 
2039280 
2088715 
2081430 
2102401 
2084292 
2095375 
2096469 
2100632 
2091733 
2081742 
2085489 
2078204 
2049375 
2078568 
2048907 
2129669 
2100267 
2116086 
2075498 
2113432 
2023356 
2053434 
2016852 
2035481 
1983704 
2038499 
1988647 
2038031 
2016748 
1967989 
2017892 
2039227 
2024969 
2045316 
2016956 
2036991 
2012169 
1996193 
2016331 
2159277 
2091160 
2081169 
2087726 
2071803 
2066651 
2078672 
2094907 
2070554 
2098602 
2072584 
2095531 
2071647 
2085957 
2073104 
2090484 
2073832 
2053121 
2041361 
2072063 
2078360 
2045056 
2074145 
2098550 
2147049 
2643066 
2220004 
2089027 
2125921 
2081690 
2101308 
2064673 
2072532 
2062124 
2084760 
2063529 
2088975 
2065402 
2093086 
2090381 
2068889 
2085437 
2108384 
2129720 
2087778 
2128419 
2100007 
2078255 
2067692 
2122487 
2087518 
2110935 
2080961 
2113953 
2106043 
2126442 
2090380 
2085905 
2018309 
2062593 
2068889 
2081951 
2091941 
2071282 
2091525 
2069929 
2066079 
2091264 
2093763 
2079036 
2093971 
2067640 
2085749 
2070398 
2082938 
2055776 
2082679 
2057128 
2053798 
2041726 
2116034 
2059626 
2056660 
2086738 
2060771 
2068941 
2070398 
2061812 
2056348 
2068420 
2056192 
2061603 
2063946 
2069930 
2072583 
2077579 
2064518 
2055932 
2028821 
2117388 
2066859 
2094335 
2064153 
2077943 
2056035 
2056920 
2056920 
2075914 
2060927 
2078516 
2054058 
2081169 
2073416 
2062644 
2075081 
2049843 
2074249 
2069929 
2081170 
2061604 
2079453 
2048647 
2102037 
2065714 
2071179 
2064830 
2068524 
2059054 
2165366 
2288485 
2159485 
2067588 
2126806 
2108541 
1953419 
2175357 
2018829 
2123424 
2038968 
2031891 
2007797 
2061811 
1981831 
2132113 
2078724 
2028560 
2062749 
2053174 
2029132 
2154906 
2072167 
2148454 
2071803 
2178219 
2065246 
2118480 
2078776 
2148246 
2096573 
2065506 
2073312 
2104586 
2102348 
2070346 
2080285 
2106355 
2133206 
2086633 
2090433 
2099747 
2107657 
2055463 
2090485 
2081013 
2068785 
2084448 
2075758 
2045836 
2183162 
2153345 
2086165 
2081898 
2063529 
2086737 
2099695 
2108697 
2072531 
2088871 
2097926 
2085489 
2063842 
2096521 
2054682 
2099070 
2073051 
2920059 
3074297 
1893472 
2142053 
2160214 
2168123 
2143041 
2291399 
2816921 
2288172 
2143406 
2087310 
2113432 
2076747 
2144759 
2591392 
2365812 
2193934 
2128992 
2133727 
2065194 
2091681 
2192529 
2324911 
2749065 
2218131 
2153033 
2065454 
2077215 
2256274 
2708736 
2532903 
2218911 
2093554 
2092826 
2078099 
2303888 
2017111 
2170205 
1883585 
2116347 
2125505 
2025490 
17634262 
2113172 
3039900 
2504179 
3133046 
1950245 
1886290 
1844244 
1871409 
1842787 
1880514 
1842944 
1845650 
1794029 
1829935 
1867973 
1840966 
1850125 
1826709 
1879058 
1828009 
1863395 
1802095 
2002906 
1763848 
1735071 
1771081 
1831495 
2020234 
1863967 
1939576 
1847107 
1924018 
1932343 
1881347 
1853039 
1866257 
1851374 
1909448 
1852415 
1778574 
1792000 
1759789 
1789866 
1813439 
1860896 
1835815 
1858815 
1838260 
1859128 
1810629 
1868338 
1817186 
1745219 
1762547 
1761454 
1781853 
1759373 
1830819 
1789294 
2020598 
1887799 
1831756 
1843048 
1786535 
1900445 
1903775 
1930835 
1832120 
1966168 
2175981 
2118220 
1793353 
1813023 
1736945 
1756719 
1718055 
1674083 
1744386 
1692609 
1764733 
1688811 
1766918 
1850801 
1796059 
1757447 
1724768 
1773579 
1731168 
1805321 
1713320 
1767282 
1726954 
1740223 
1745479 
1682357 
1722270 
1765461 
1762755 
1736789 
1725705 
1752503 
1745895 
1746571 
1738870 
1778105 
1940253 
2364459 
1955709 
1953835 
2903979 
8630396 
2416132 
2392767 
2408795 
2058065 
2364147 
2311902 
2554551 
2106824 
2224063 
2387511 
2260385 
2549503 
2507873 
2486902 
2570734 
2836852 
2809480 
2684435 
2358943 
2194714 
2309924 
2225416 
1966949 
2052133 
2158392 
1947174 
2049688 
2119053 
2039800 
1918085 
2049063 
2263299 
2185816 
2108437 
1985238 
2273906 
2674067 
2334000 
2350240 
3137209 
2299242 
2278687 
2252565 
2226701 
2329268 
2934052 
2715702 
2416900 
2421791 
2349511 
2136624 
2357941 
2821339 
2839396 
2469198 
2253397 
2302573 
7019964 
2531540 
3156098 
2094629 
2225089 
3146940 
2191836 
2287065 
2773203 
3610025 
2269633 
2236849 
4734512 
7495434 
2108888 
1962870 
1922904 
1954700 
5187970 
2330257 
2585087 
2691503 
11717268 
1982071 
2033017 
1953762 
5028422 
1995445 
1957353 
8560598 
2025002 
1965263 
1970727 
2055029 
1965784 
10574672 
1960423 
1985558 
1950745 
1989409 
1958290 
10277380 
1998360 
1993311 
1968282 
1976191 
1993155 
10444733 
1943407 
2043216 
1966720 
1956937 
2956429 
1979938 
1960112 
2283006 
2167638 
1864414 
1805350 
1761118 
1790937 
1800563 
1766634 
1843494 
1710381 
1738899 
1701899 
2078238 
1791769 
1773243 
1758828 
1776834 
1756851 
1754978 
1745143 
1747797 
1874613 
1748473 
1961360 
2284620 
1869773 
1758985 
1859053 
1733487 
1693573 
1676245 
1668179 
1712047 
1781257 
1726565 
1691648 
1761223 
1776938 
1776417 
1802020 
1750346 
1763720 
1732498 
1781778 
1709080 
1791145 
1756955 
1762731 
1680668 
1685819 
1798950 
1769444 
1736296 
1722715 
1713243 
1803945 
1785628 
1789531 
1780216 
1809774 
1765125 
1728023 
1653296 
1675828 
1747328 
1857233 
1743113 
1727658 
1731613 
1762524 
1840528 
1773919 
1746652 
1731613 
1701691 
1817476 
1874561 
1678586 
1718760 
1747432 
1991074 
1702524 
1880701 
1770069 
1770225 
1749618 
1765906 
1688057 
1720789 
1733694 
1758881 
1756799 
1729791 
1783755 
1743165 
1767571 
1743269 
1744102 
1749878 
2030311 
2144117 
1934249 
1947934 
2032236 
2002730 
1926807 
1747589 
1691595 
1753157 
1759922 
1772723 
1770225 
2384585 
2075323 
1803113 
1890953 
1963494 
1989669 
1767311 
1805715 
1722506 
1754093 
1694978 
1768768 
1820546 
1833139 
2186216 
2046651 
1988576 
1886530 
1762419 
1728178 
1706999 
1734787 
1830173 
1763668 
1755915 
1775533 
1785524 
1764293 
1740563 
1741708 
1757944 
1704709 
1738377 
1831370 
1753677 
1759297 
1750606 
1734371 
1836885 
1884605 
1842817 
2954816 
1863216 
1890121 
1824812 
1825281 
1829028 
1792758 
1821794 
1843338 
1843599 
1798430 
1846304 
1820233 
1839435 
1838915 
1906148 
1797649 
1695186 
1770068 
1737077 
1770277 
1776885 
1755030 
1702576 
1738118 
1687381 
1771006 
1799418 
1753625 
1724744 
1762576 
1743685 
1735360 
1795515 
1859834 
1777250 
1815550 
1746131 
1701847 
1750294 
1754041 
1686913 
1776625 
1749983 
1749982 
1797701 
1774909 
1743893 
1801864 
1893659 
1731769 
1745351 
1762471 
1710589 
1809201 
1734319 
1730156 
1746912 
1760962 
1771162 
1756800 
1776366 
1751543 
1756123 
1760754 
1801448 
1756383 
1737649 
1735828 
1739523 
1788594 
1753729 
1782766 
1757060 
1768144 
1744726 
1749774 
1741344 
1750503 
1755759 
1696643 
1871803 
1778864 
1765749 
1798377 
1755030 
1773763 
1750554 
1791561 
1731769 
1746027 
1749462 
1778655 
1730833 
1758464 
1805402 
1726462 
1716366 
1748369 
1748056 
1754146 
1687640 
1857648 
1727918 
1752740 
1710173 
1778291 
1792237 
1783963 
1743114 
1750086 
1772723 
1682698 
1645282 
1788542 
1876747 
1938203 
1783131 
1733694 
1723026 
1739783 
1720164 
1781465 
1732290 
1742229 
1752636 
1755602 
1758153 
1722090 
1773920 
1770329 
1723339 
1764761 
1776938 
1725680 
1757684 
1759141 
1851352 
1746027 
1753885 
1720164 
1761535 
1848386 
1760025 
1754146 
1708664 
1734579 
1779748 
1731769 
1893295 
1824553 
1854995 
1755446 
1737493 
1748161 
1761066 
1705438 
1664120 
1745768 
1761587 
1720373 
1798689 
1771891 
1745820 
1685924 
1754769 
1762680 
1771526 
1745507 
1777406 
1781361 
1780216 
1781257 
1871334 
1747432 
1749930 
1751752 
1749253 
1863217 
1784327 
1737181 
1888039 
1726201 
1730312 
1744466 
1769809 
1682802 
1758933 
1791664 
1719645 
1711162 
1665629 
1788490 
1741812 
1710329 
1755134 
1769497 
1760494 
1745143 
1769809 
1750711 
1830277 
1744987 
1720736 
1836626 
1752220 
1774596 
1714857 
1958914 
1866651 
1742020 
1753885 
1716574 
1768560 
1816331 
1743426 
1758881 
1761431 
1714857 
1783755 
1747744 
1683165 
1789167 
1747328 
1773920 
1738690 
1752637 
1745612 
1784640 
1681396 
1738378 
1755706 
1752376 
1712151 
1778135 
1752012 
1745091 
1717719 
1785888 
1751283 
1771682 
1751075 
1700338 
1765178 
1705074 
1703565 
1726149 
1747120 
1691856 
1760181 
1752324 
1752688 
1754562 
1744882 
1710121 
1730885 
1768768 
1701223 
1764188 
1773243 
1721154 
1719592 
1744934 
1766426 
1714649 
1744727 
1719540 
1714440 
1727762 
1660112 
1781309 
1760181 
1769809 
1882054 
1851040 
1742749 
1766377 
1695843 
1732009 
1777121 
1733459 
1875214 
1754018 
1751572 
1707182 
1736376 
1788883 
1736533 
1769889 
1749281 
1758753 
1763072 
1736793 
1734710 
1750063 
1762239 
1719463 
2696387 
2182504 
1802777 
1755943 
1914452 
1741841 
1758076 
1756151 
1718266 
1786022 
1782066 
1774416 
1766143 
1781234 
1777070 
1800592 
1721337 
1687304 
1737573 
1759950 
1774833 
1737313 
1707390 
1710877 
1801841 
1845137 
1958113 
1706454 
1778476 
1747408 
1762916 
1772595 
1780193 
1807722 
1772439 
1760366 
1776290 
1793931 
1734503 
1750739 
1773219 
1740696 
1858875 
2803014 
2273156 
2081185 
1810376 
1806732 
1873759 
1801841 
1810688 
1687407 
1792526 
1746368 
1703019 
1748293 
1749594 
1761667 
1764790 
1778268 
1750531 
1774209 
1753080 
1723887 
1684910 
1744234 
1655143 
1679863 
1713115 
1708224 
3119618 
1762187 
1755474 
1685795 
1740799 
1836342 
1895771 
1698596 
1762656 
1887341 
1751832 
1764841 
1745639 
1800488 
1757191 
1805275 
1687200 
1758337 
1762968 
1719256 
1718059 
1739498 
1741997 
1755006 
1757712 
1771814 
1750947 
1762760 
1730287 
1757192 
1721650 
1787323 
1746420 
1865589 
1758857 
1687356 
1747981 
1755994 
1766559 
1738250 
1828641 
1833897 
1766350 
1766038 
1754121 
1765778 
1739343 
1702187 
1741996 
1741372 
1748241 
1731485 
1764477 
1730808 
1752716 
1802881 
1771138 
1722638 
1706090 
1749594 
1734555 
1696151 
1710565 
1744286 
1716289 
1730340 
1697139 
1700001 
1772283 
1709056 
1778944 
1763592 
1728414 
1761251 
1747564 
1772335 
1743037 
1760314 
1928659 
1701198 
1759741 
1814694 
1726333 
1728778 
1732994 
1653426 
1779828 
1753133 
1780505 
1923144 
1700730 
1751416 
1753132 
1716342 
1720816 
1740331 
1741632 
1743818 
1856429 
1720036 
1740123 
1920229 
1998027 
1891191 
1824894 
1808918 
1815475 
1768015 
1830515 
1817037 
1773167 
1750479 
1772543 
1737990 
1857834 
1766767 
1749750 
1774416 
1732786 
1729039 
1783003 
1658630 
1768536 
1723939 
1673305 
1684546 
1733410 
1706870 
1651657 
1771034 
1747305 
1725187 
1721493 
1742413 
1816776 
1675179 
1755735 
1753861 
1846230 
1732838 
1765518 
1750062 
1733306 
1834365 
1758649 
1748241 
1747096 
1781025 
1740956 
1760314 
1753081 
1711866 
1757972 
1831399 
1745899 
1772699 
1706453 
1740019 
1748813 
1759897 
1736429 
1770357 
1754225 
1716186 
1750010 
1779464 
1748554 
1730236 
1787946 
1728206 
1710565 
1733722 
1767547 
1701354 
1747044 
1769941 
1736012 
1895979 
1751780 
1725032 
1750479 
1766923 
1731328 
1717746 
1781649 
1731329 
1916742 
1752248 
1697087 
1717018 
1791433 
1741892 
1879847 
1759273 
1689697 
1748917 
1754746 
1756360 
1729663 
1746211 
1834261 
1739655 
1728466 
1748658 
1763488 
1755266 
1879847 
1758961 
1767651 
1708015 
1728467 
1760731 
1750270 
1744182 
1748188 
1758857 
1772023 
1749282 
1751364 
1859240 
1741423 
1759846 
1777226 
1755787 
1754486 
1733046 
1742360 
1763541 
1875424 
1748137 
1680382 
1764997 
1755058 
1739082 
1839777 
1798042 
1763072 
1762136 
1772699 
1737885 
1760990 
1748762 
1751832 
1761198 
1748449 
1758753 
1772907 
1801164 
1763332 
1759169 
1750374 
1764321 
1750843 
1755527 
1771398 
1754850 
1769212 
1714572 
1770358 
1736948 
1717903 
1782118 
1744598 
1751780 
1758492 
1771034 
1755682 
1770253 
2315671 
2490678 
1848676 
1797625 
1755943 
1779100 
1746523 
1729039 
1875007 
1724928 
1769681 
1746888 
1766819 
1756723 
1762604 
1753497 
1762031 
1765674 
1755370 
1772543 
1748241 
1803246 
1756672 
1741840 
1938027 
1754850 
1780609 
1801945 
1983716 
1776185 
1760210 
1756203 
1753965 
1764216 
1763228 
1777956 
1724303 
1806733 
1764321 
1725760 
1755370 
1769109 
1783211 
1756463 
1783211 
1738250 
1772075 
1763696 
2917187 
1789143 
1745431 
1711345 
1793099 
1745431 
1751571 
1791225 
1761302 
1733045 
1841443 
1788207 
1769057 
1775665 
1771970 
1766299 
1710461 
1746992 
1798562 
1779412 
1808814 
1776966 
1749594 
1747876 
1809126 
1798615 
1863351 
1793150 
1767807 
1795440 
1756464 
1810531 
1774157 
1826143 
1817453 
1838216 
1798875 
1814694 
1830930 
1788779 
1832387 
1815059 
1815891 
1778632 
1764633 
1738354 
1794503 
1759950 
1744911 
1750479 
1751935 
1692611 
1732213 
1784096 
1731380 
1851590 
1756723 
1835978 
1937194 
1805796 
1811624 
1884062 
1813914 
1767859 
1779725 
1789351 
1810167 
1857262 
1760106 
1727478 
1788051 
1794139 
1793411 
1803662 
1765101 
1722534 
1745743 
1732265 
1738094 
1763332 
1754173 
1734502 
1757192 
1751623 
1730860 
1772908 
1769473 
1775301 
1736584 
1736116 
1711814 
1724407 
1761823 
1752561 
1767027 
1760366 
1757140 
1753914 
1755943 
1726333 
1694381 
1807670 
1803298 
1791641 
1751468 
1808606 
1765205 
1786386 
1742413 
1748501 
1798822 
1738562 
1674346 
1767755 
1670911 
1744911 
1722846 
1788831 
1761407 
1797261 
1749178 
1715821 
1706141 
1738822 
1727738 
1751780 
1750895 
1740643 
1737105 
1709056 
2539542 
2146286 
2246408 
1843212 
2161012 
1887392 
1902276 
1780453 
2042364 
1893012 
1928243 
1782639 
1889995 
1777903 
1852838 
1806940 
1916222 
1960091 
1780974 
1814330 
1799760 
1750791 
1801789 
1965940 
1738595 
1806763 
1843082 
1790523 
1774966 
1755971 
1698258 
1899390 
1920883 
1922705 
2009923 
1769137 
1796873 
1768616 
2224483 
1888619 
1892834 
1852347 
1893719 
1930355 
2431131 
1963712 
2028345 
2031676 
1907457 
1853441 
1889452 
1989004 
2479945 
2070029 
2013619 
1805199 
1844385 
1809779 
1797289 
1798903 
2007009 
1902826 
1920311 
1834342 
1922236 
1939462 
1777671 
1954085 
1889296 
1848965 
1906781 
1790993 
1736924 
1718346 
2142833 
2067948 
1820344 
1735675 
1716681 
1778972 
1795364 
1770230 
1833353 
1863953 
1882479 
2012578 
2039638 
1829554 
2021060 
1822217 
1969644 
2050827 
1813786 
1780585 
1792294 
2072631 
2050463 
1927753 
1846831 
1996653 
1783552 
1778191 
1764713 
1781054 
1754045 
1888619 
2063577 
2011329 
1771998 
1739994 
1769189 
1771530 
1715952 
1724279 
1729586 
1814463 
2044114 
2046664 
2063628 
1797602 
1711529 
1715744 
1816128 
1744991 
1797238 
1915941 
1757584 
1888671 
1980937 
1987078 
1786206 
1954346 
1841836 
1718033 
1764766 
1782146 
1789900 
1735883 
1817481 
1971050 
1861038 
1756335 
1937120 
1896893 
1800361 
1757167 
1774549 
1725788 
1771947 
2091053 
4091350 
2031051 
1899184 
1845115 
1846363 
1850006 
1897830 
1852608 
2108070 
1845582 
1838922 
1808687 
1888047 
1881646 
1892730 
1861351 
1856823 
1860310 
1879825 
1817585 
1886850 
1872851 
1920364 
1897362 
1864525 
1914587 
1872695 
2117906 
1864993 
1873684 
1829086 
1994988 
1853388 
1854742 
1847664 
1894864 
1878471 
1817065 
1882739 
1907301 
1830647 
1884560 
1852348 
1858124 
1865202 
1899235 
1820343 
1856459 
1850526 
1851463 
1887787 
1839182 
1889087 
1898299 
1960590 
1854794 
1839598 
1822789 
1858228 
1898091 
1832209 
1912817 
1829295 
1855834 
1845270 
1836268 
1845218 
1845687 
1857968 
1861299 
1838869 
1843189 
1966106 
1860986 
1870665 
1869573 
1851203 
1983747 
1980833 
2236295 
2037921 
1863328 
1913286 
2543797 
2218810 
2088868 
2220996 
2161671 
2012473 
2080906 
2047028 
2533442 
2282819 
2245090 
2432380 
2260650 
2222193 
2435190 
2366290 
2208350 
2380914 
2270538 
2136432 
2080801 
1898454 
1883103 
2086526 
2056031 
2140179 
2015752 
2089648 
2506537 
2215376 
2076274 
1836944 
1847144 
1962307 
1998318 
1836996 
1938942 
2172495 
2391634 
1966783 
2116397 
1925932 
1927910 
1865930 
1854169 
2232913 
1982499 
2210380 
2027825 
2085485 
2027200 
1866242 
2302334 
1891741 
1872643 
1847196 
1956791 
2327781 
2292290 
1985361 
2031519 
1919687 
2164220 
2134975 
2017886 
2317686 
2267155 
2272983 
2032925 
2063420 
2074556 
2203406 
2174940 
2038649 
1937796 
1947216 
1919270 
1860986 
1920520 
1879148 
1836007 
1877275 
1834914 
1878159 
1846208 
1901160 
1879408 
1874256 
1843189 
1878680 
1867543 
2013254 
1871862 
1831375 
1841264 
1859477 
1906156 
1869000 
2164169 
2164949 
2195080 
2168800 
2145903 
2151887 
2123630 
2095893 
2083403 
2165418 
2090221 
2026055 
2085589 
2093083 
2111505 
2146423 
2167083 
2186233 
2064045 
2081998 
2036984 
2071799 
2099588 
2067896 
2101461 
2073152 
2095373 
2066282 
2099952 
2064513 
2100993 
2142780 
2207726 
2078511 
2105416 
2067583 
2099587 
2063264 
2091210 
2077888 
2139554 
2332673 
2154697 
2106405 
2089335 
2096049 
2067739 
2093291 
2065554 
2114107 
2079136 
2125972 
2064461 
2035058 
2060506 
2084184 
2076170 
2156779 
2100577 
2073984 
2085641 
2078199 
2065346 
2074869 
2092042 
2131124 
2100940 
2083455 
2100108 
2076378 
2094436 
2072215 
2073099 
2080281 
2086942 
2075181 
2092042 
2087618 
2086318 
2089335 
2086682 
2235983 
2063055 
1798435 
1778087 
1780481 
1823414 
1784852 
1778764 
1754877 
1758885 
1807698 
1767939 
1777983 
1743429 
1794167 
1749257 
1820812 
1744938 
1785997 
1747279 
1785165 
1749206 
1779597 
1766639 
1778607 
1703203 
1746499 
1706429 
1716941 
1776527 
2087983 
2097089 
2098391 
2105311 
2086318 
2095476 
2131644 
2725624 
2481297 
2105416 
2134194 
2088347 
2100368 
2106665 
2096830 
2100056 
2071591 
2058893 
2237076 
2151159 
2032041 
2077367 
2911249 
2198515 
2299731 
2387678 
2198619 
2215011 
2093811 
2250918 
2185505 
2107030 
2251855 
2103803 
2347035 
2183684 
2167291 
2264501 
2193259 
2274181 
2159641 
2146839 
2360306 
2511429 
2148557 
2174264 
2283027 
2210692 
2114471 
2093135 
2292446 
2433681 
2379977 
2696273 
2195497 
2110360 
2083976 
2131175 
2271682 
2274545 
2312741 
2653548 
2203979 
2117386 
2206893 
2206737 
2145903 
2193987 
2293643 
2439406 
2230259 
2146631 
2091834 
2351823 
2248837 
2292394 
2098079 
2060231 
2500701 
2300388 
2055281 
2321991 
2201984 
2117989 
2095977 
2268075 
2250069 
2624239 
2407751 
2222123 
2105189 
2083748 
2273331 
2208592 
2128606 
2271510 
2482741 
2196259 
2160507 
2331356 
2121373 
2044249 
2346812 
2110392 
2306064 
2455160 
2160924 
2358781 
2092230 
2273539 
2161652 
3183100 
2193501 
2552788 
2378140 
2170811 
2171384 
2268230 
2053929 
2059445 
2161652 
2348217 
2532752 
2280044 
2216659 
2101077 
2103211 
2177629 
2189078 
2098059 
2313714 
2610033 
2212548 
2334062 
2133134 
2190430 
2245386 
2189702 
2097382 
2507720 
2602382 
2331095 
2304139 
2220666 
2391358 
2460780 
2314807 
2564340 
2553620 
2701988 
2610084 
2224830 
2111590 
2254752 
2139847 
2121946 
2373717 
2584481 
2187516 
2178254 
2281710 
2116273 
2075526 
2018802 
2125901 
2333646 
2716715 
2509542 
2128711 
2132978 
2240337 
2103784 
2030355 
2119031 
2481908 
2474675 
2175964 
2184394 
2207968 
2100713 
2121530 
2243876 
2256366 
2428047 
2268283 
2354930 
2155563 
2131469 
2122413 
2110445 
2415037 
2292534 
2526975 
2297842 
2157176 
2101546 
2145624 
2274632 
2182260 
2255845 
2270729 
2445949 
2154419 
2321208 
2155407 
2264120 
2277651 
2165711 
2087131 
2519690 
2827040 
2069905 
2190743 
2324434 
2168105 
2129075 
2111590 
2146404 
2346968 
2386987 
2252983 
2109664 
2076879 
2127826 
2283583 
2128398 
2146977 
2435957 
2524894 
2130480 
2106073 
2384802 
2170655 
2146144 
2135737 
2129231 
2334010 
2524530 
2208228 
2132666 
2096758 
2147290 
2140055 
2089628 
2133655 
2464059 
2454275 
2133342 
2101858 
2096758 
2108935 
2169250 
2303150 
2150567 
2385894 
2393752 
2189130 
2382980 
2170708 
2132041 
2106282 
2055490 
2136933 
2381210 
2506576 
2157385 
2172477 
2076618 
2116378 
2107738 
2063088 
2330523 
2214578 
3138398 
2655308 
2175443 
2117522 
2151296 
2194750 
2205938 
2297738 
2328858 
2173778 
2141721 
2095457 
2116221 
2101546 
2412278 
2173257 
2205522 
2617838 
2260790 
2096810 
2126368 
2116325 
2126317 
2136777 
2186268 
2416077 
2515371 
2212444 
2429504 
2137713 
2131833 
2091294 
2192876 
2111954 
2351964 
2237736 
2084477 
1846704 
1779520 
1752511 
1777126 
1752979 
1772078 
1755321 
1856904 
2200370 
2159050 
1855811 
1965096 
1804447 
1793987 
1762035 
1743092 
1786025 
1863565 
1817561 
2071362 
2043416 
2070270 
1812410 
1773223 
1787066 
1841760 
1845247 
1769372 
2175495 
2078127 
1931686 
1777855 
1772858 
1750169 
1754853 
2480556 
2116637 
2153013 
2119135 
2426382 
2509178 
2215515 
2219573 
2048308 
2072455 
2211559 
2171071 
2333958 
2348997 
2452662 
2232479 
2129387 
2100141 
2122310 
1819747 
1742623 
1776033 
2636156 
2085570 
1838898 
1814908 
1892604 
2500123 
2400517 
2116585 
1805280 
1820632 
1872985 
1788315 
1765938 
1761878 
1786545 
1773067 
1881987 
2018438 
1974672 
1793467 
1826668 
1838482 
1817301 
1771558 
1775305 
1796225 
1773588 
1796381 
1855447 
1783839 
1749961 
1792010 
1797109 
1826980 
1758443 
1762139 
1723056 
1733360 
1781810 
1715094 
1734141 
1797058 
1920966 
1757038 
1862732 
1831457 
1759953 
1940845 
1719101 
1807778 
1775201 
1780196 
1768435 
1775304 
1765261 
1797630 
1865282 
1803979 
1816365 
1805904 
1836400 
1801065 
1783163 
1763908 
1789095 
1734818 
1742103 
1791177 
1719101 
1808454 
1743560 
1698129 
1832758 
1783371 
1704426 
1669923 
1670600 
1667373 
2028741 
2087755 
2044561 
1842177 
1804187 
1759016 
1755634 
1782278 
1777022 
1786806 
1781550 
1811421 
1763856 
1771454 
1757299 
1761098 
1756622 
1767915 
1796121 
1756674 
1803875 
1739137 
1775669 
1739345 
1828854 
1766457 
1747255 
1737575 
1761150 
1799243 
1754385 
1771558 
1853574 
1777699 
1891927 
1752095 
1786701 
1685795 
1839106 
1742415 
1882924 
1747047 
1785453 
1778739 
1757507 
1778948 
1760577 
1775773 
1749649 
1753343 
1748192 
1700470 
1714313 
1781289 
1734089 
1861587 
1739709 
1717488 
1790604 
1796381 
1815480 
1749492 
1723109 
1711451 
1723108 
1801897 
1777230 
1754125 
1750950 
1764480 
1780040 
1826356 
1819071 
1787326 
1809183 
1812253 
1804187 
1791177 
1810276 
1745642 
1860807 
1744185 
1713429 
1759016 
1754384 
1778167 
1879333 
1760109 
1693861 
1732892 
1793831 
1741270 
1747411 
1738564 
1777855 
1767915 
1771298 
1769632 
1758235 
1761046 
1799712 
2301433 
2256054 
1954116 
1925442 
2067564 
1955937 
2252671 
2289255 
2186632 
2098163 
2137453 
2175495 
2302161 
2153638 
2345824 
4718407 
2418465 
2609761 
2661851 
2742312 
2381248 
2307504 
2224395 
2815166 
2636352 
2578327 
3124239 
2788522 
8394394 
2332485 
2234908 
2229079 
2258898 
2191037 
2230483 
2407008 
13865845 
2426106 
2383120 
2429020 
2383225 
2406955 
13758483 
2393113 
2490794 
2397952 
2434433 
2425742 
2385878 
13596271 
2505938 
2417467 
2385775 
2431206 
2379633 
2393997 
9911030 
2666172 
2761929 
2847432 
2781548 
3052838 
2719774 
2641505 
2635000 
2667525 
2670908 
2536486 
2487619 
2620480 
2724354 
2850398 
3558313 
3184294 
2629640 
2914513 
3227905 
2589204 
2594512 
2648010 
2503908 
5270572 
3538018 
3274794 
2890834 
13725697 
2786751 
15276212 
2467011 
2442864 
2623290 
2578483 
2491106 
5970785 
2605128 
13575455 
2507499 
2503492 
2448953 
2474193 
2492979 
14739615 
2579680 
2482363 
2444217 
2597061 
2873765 
4653104 
2915501 
2417364 
3113206 
2744963 
4459511 
2670960 
2793725 
13473090 
2385254 
2677517 
2405134 
2416115 
2997414 
3786670 
2859453 
2693389 
4335964 
2506458 
3177008 
2492459 
2936162 
2677569 
2581033 
2578275 
2838845 
3047010 
3881281 
2547830 
2529304 
2449005 
4607827 
2245784 
2233919 
2220024 
2368758 
2459673 
2322180 
2295171 
2220856 
2277997 
2420382 
2930958 
2952763 
2423452 
2460350 
2562194 
2462691 
2408048 
2435213 
2392696 
2435422 
2357724 
2417936 
2496882 
2406487 
2436723 
2403572 
2420434 
2379582 
2389574 
2466282 
2379113 
2377604 
2413304 
2379009 
2425534 
2363553 
2489285 
3238209 
2744599 
9134055 
2757505 
10395533 
2350230 
2025962 
2312136 
2079512 
2115212 
1954458 
1928905 
2287781 
14148740 
2084248 
2065149 
2063744 
2144407 
11340964 
2075297 
2104648 
2831975 
2252965 
7258647 
2084613 
2183595 
9627249 
2263894 
2214455 
2063640 
2100485 
2518948 
3462714 
3879928 
2433601 
2953544 
2258742 
2211228 
2193639 
2241360 
2177714 
3147085 
2376251 
2204932 
2159552 
2285283 
2311616 
4915755 
3047321 
2664560 
1961639 
2277008 
1831692 
1813322 
1804475 
1805464 
1779131 
1772730 
1814571 
1892268 
1861095 
1784959 
1791412 
1776581 
1814987 
1834034 
1806661 
1829299 
1771065 
1768358 
1771897 
2907539 
1798282 
1792037 
1751965 
1818110 
1762321 
1783555 
1765808 
1788186 
1767109 
1779235 
1796044 
1729900 
1772625 
1713351 
1791985 
1772105 
1822273 
1737810 
1766277 
1773354 
1774187 
1747282 
1916207 
1812281 
1804787 
1787562 
1772834 
1786833 
1765288 
1786260 
1775175 
1774499 
1870307 
1768306 
1785948 
1785012 
1889562 
1884670 
1760968 
1722198 
1790268 
1825343 
1776268 
1797137 
1774135 
1779495 
1728807 
1763571 
1766277 
1799479 
1839238 
1772001 
1766797 
1797137 
1788186 
1790060 
1903926 
1802133 
1784699 
1784960 
1750872 
1855892 
1775800 
1812438 
2012796 
1828674 
1795264 
1855788 
1758731 
1747698 
2045894 
2040117 
1862085 
1846524 
2118283 
2079044 
1898305 
1976835 
1970330 
1861408 
1893309 
2233190 
1879883 
1915635 
1871660 
1762009 
1706117 
1660634 
1737238 
1746657 
1754776 
1800416 
1766797 
1781265 
1724748 
1682750 
1687695 
1761124 
1752746 
1809992 
1770492 
1956643 
1989898 
1909962 
1809887 
1756129 
1784491 
1720585 
1765079 
1735884 
1760552 
1798542 
1811240 
2044436 
2111258 
1861773 
1807597 
1883474 
1965803 
1911887 
1954978 
1896119 
1892477 
1901740 
1943217 
1886232 
1777361 
1690037 
1801613 
1791204 
1808378 
1807181 
1699925 
1801665 
1772990 
1773198 
1790476 
1775124 
1698676 
1759172 
1763916 
1773435 
1765261 
1794144 
1750744 
1660346 
1735390 
1771767 
2195493 
1922586 
2150373 
1917225 
1867213 
1865079 
2749480 
1991385 
1965363 
1828337 
1771351 
1899583 
1952874 
1649626 
1762921 
1790711 
1744030 
1790607 
1749442 
1714053 
1664301 
2011837 
1784570 
1837965 
1882461 
1760527 
1738044 
1750327 
1768281 
1691415 
1766460 
1758185 
1777960 
1728313 
2344645 
2115661 
2081053 
1916652 
1947877 
1829170 
2158387 
1893077 
2046445 
1906816 
1983578 
1850455 
1898022 
1858469 
1891464 
2186646 
1891933 
1939239 
1900831 
1896252 
1865235 
1881784 
1855035 
1859927 
1849935 
1913738 
1990552 
1969735 
2155837 
1874759 
1882513 
1823394 
1854618 
1835467 
1843846 
2779716 
2332884 
1825996 
1756467 
1810435 
2265750 
2033331 
1738773 
1981341 
2061016 
2170409 
2614275 
2504310 
2582997 
2251543 
2180089 
2186854 
1916184 
1831616 
1878350 
1846292 
1879859 
1823601 
1894118 
1910928 
1903278 
1917641 
1816992 
1811059 
1791648 
1804190 
1801848 
1777023 
1766720 
1763129 
2030624 
2371655 
1854411 
1786652 
1765731 
1824539 
1767448 
1762556 
1722328 
1809915 
1792116 
1801691 
1741583 
1788994 
1830887 
1769478 
1784102 
1746423 
1767084 
1754646 
1750066 
1780875 
1762713 
1797841 
1775567 
1826776 
1790763 
1804502 
1745434 
1853786 
1768073 
1729874 
1748818 
1729457 
1793313 
1776140 
1835467 
1729822 
1771091 
1783373 
1699117 
1866952 
1794770 
1803097 
1791752 
1791752 
1807625 
1816315 
1767292 
1779054 
1783477 
1789931 
1798985 
1745226 
1750951 
1828493 
1868461 
1830471 
1756623 
1790659 
1774630 
1793781 
1776608 
1789878 
1740855 
1730602 
1733569 
1689749 
1776503 
1709682 
1803201 
1753813 
1762973 
1763441 
1768073 
1749077 
1782280 
2016573 
1742468 
1926385 
1958078 
1787745 
1794614 
1798674 
1729093 
1744342 
1772132 
1782176 
1770259 
1711504 
1706038 
1968642 
2010016 
1912905 
1804450 
1771351 
1781344 
1830835 
1762400 
1791284 
2320030 
2015740 
2108896 
1887977 
1775515 
1795498 
1900571 
2020164 
1806688 
1878870 
1779834 
1773485 
1983995 
1998358 
1814807 
1704789 
1681943 
1793417 
2038638 
1987013 
1824746 
1740075 
3930415 
2594186 
1862841 
1764586 
2029063 
1984619 
1716863 
1689593 
1648325 
1672628 
1813974 
2098591 
1919358 
2267051 
1862789 
1808353 
1777180 
1706195 
1766043 
1748296 
1830523 
2087350 
2275794 
1829066 
1807728 
1902862 
1922168 
1804294 
1822821 
1802941 
1855347 
1887613 
2033747 
1981028 
1857481 
1837757 
1898386 
1863934 
1795447 
1818970 
1789878 
1808509 
1963177 
2121750 
1812932 
1816472 
1873770 
1887873 
1815119 
1785454 
1851652 
1799194 
1935231 
1838589 
1901248 
1802004 
1778221 
1812725 
1857741 
1862008 
1864611 
1830367 
1844106 
1907077 
1809498 
1874602 
1799193 
1853837 
1805022 
1888029 
1803617 
1888810 
1814754 
1832084 
1787797 
1852797 
1838017 
1775203 
1844106 
1812673 
1848010 
1825631 
1800703 
1796800 
1811736 
1818969 
1915143 
1831251 
1806324 
1850195 
1811372 
1807989 
1772340 
1770831 
1797580 
1777388 
1830315 
1913998 
1830419 
1781084 
1836248 
1760735 
2831289 
2222503 
2117639 
1856388 
2100777 
2135749 
1942517 
2003771 
2203196 
2279541 
2105201 
2266478 
2157399 
1997682 
1941476 
2042906 
2033070 
2257007 
2046185 
2192423 
2472408 
2273868 
2141681 
1940800 
2187115 
2180192 
2288440 
2234109 
1970776 
1913477 
1934711 
1908013 
2816614 
5471741 
2154796 
2077826 
2000336 
2019956 
1993518 
3367530 
2180193 
1999243 
2228384 
2012462 
1971869 
2006373 
2065700 
1997786 
2368428 
3617696 
2042593 
2089640 
1981652 
2051910 
2067106 
17795948 
2317636 
2144805 
2099320 
2136842 
2410999 
2060964 
2269548 
1985087 
2093075 
2071738 
1932370 
1991488 
1976500 
4578129 
2136738 
2153235 
2164320 
2054095 
2436656 
2871414 
5858621 
2105044 
2109311 
2025316 
2049359 
2293592 
2397104 
2538033 
2531892 
2404233 
1861280 
1887457 
1775567 
2717370 
2609851 
2543913 
2037649 
3106643 
1888601 
1886104 
2334341 
2736885 
2529447 
1932681 
1774214 
1828701 
2039628 
2210065 
2004915 
3836011 
2423229 
1859771 
1803930 
1818709 
1872521 
2130492 
2095156 
1769217 
1755531 
1738825 
1741999 
1777753 
1757456 
1791492 
2001637 
2642013 
2520807 
2316022 
1908482 
1752356 
1825683 
1754958 
1986076 
2517737 
2553906 
2347507 
2154536 
1853214 
1838278 
1827349 
2339233 
2571288 
2395387 
2115297 
2192006 
1897085 
1769426 
1908117 
2309673 
2593822 
2415162 
1807676 
1842129 
2397259 
2568061 
2239781 
2605844 
2367908 
1969632 
1855399 
1800130 
1778897 
2032394 
2102702 
2137034 
1903990 
1841374 
1760915 
1802707 
1801043 
1852460 
2302629 
2665315 
2425294 
1990165 
1881032 
1818633 
1797191 
1912309 
2183816 
2638149 
2698050 
2142182 
2280720 
1883321 
1885924 
2115380 
2529535 
2459590 
1921676 
1835130 
1916889 
2262296 
1982723 
2394381 
2445122 
2144367 
1891544 
2322822 
1779444 
2014313 
2189696 
1901172 
1868281 
1792143 
1759564 
1906688 
1809994 
1770232 
1751705 
3276140 
2386574 
2502473 
2309967 
2056468 
1957326 
1791362 
1987667 
1721677 
1683217 
1813064 
2415458 
1917045 
1882593 
1836796 
1855115 
2097737 
2275047 
2575541 
2347595 
2136926 
2202291 
1967839 
2790998 
2527037 
2708718 
1959980 
1840490 
1986470 
2094355 
2065419 
1936821 
1920272 
1993340 
24113520 
15309767 
2136717 
2026647 
2349728 
1892794 
2689775 
12874169 
11828839 
3934845 
2310696 
1937445 
2077649 
2060214 
2224721 
4642521 
2172211 
1827011 
1849025 
1798544 
1837107 
1859226 
1809577 
2060631 
2563416 
2445278 
2273330 
2208640 
1863545 
1813949 
1976269 
1939007 
2007547 
2229509 
2360918 
2260214 
2783348 
2433829 
2612752 
2311997 
2219518 
2251784 
2229405 
2598597 
2375177 
2224825 
14324546 
2080147 
2164300 
2256623 
11348120 
2331565 
2144784 
1964352 
1956546 
1937966 
10817181 
2135781 
2047932 
2149936 
2638253 
2249806 
2514027 
13935007 
2060995 
2039606 
2002396 
2447152 
3943380 
2124435 
2027635 
2466512 
2020714 
1971794 
1917670 
1975489 
5245020 
2214000 
2209369 
2128807 
3409942 
2100391 
1950561 
2478430 
3502994 
2172783 
3410515 
1978404 
2028676 
2864535 
2055114 
2708355 
2241739 
2114079 
2045746 
4904192 
2024722 
2036743 
3089047 
3292274 
1987771 
1928339 
3936042 
2459902 
2814261 
2134844 
1928182 
1844081 
1778456 
1859018 
2222953 
1671560 
1732658 
1638044 
1996150 
1816395 
1867969 
1821807 
1839606 
1876764 
1880407 
1855582 
1856572 
1996774 
1831643 
1871924 
1834141 
1856832 
1834142 
1852460 
1823265 
1868541 
1824357 
1860995 
1854906 
1879106 
1834297 
1828833 
1869843 
1860162 
1923863 
1810825 
1820558 
1785898 
1798388 
1782618 
1810618 
1774969 
1748115 
1786106 
1745044 
1730888 
1744471 
1766433 
1792299 
2013272 
1793704 
1717722 
1780589 
1765548 
1763155 
1737030 
1751446 
1753267 
1768515 
1714599 
1740360 
1765288 
1777987 
1808068 
1730628 
1677389 
1774084 
1907000 
1793183 
1728078 
1833204 
1767370 
1802135 
1766121 
1762218 
1999168 
2051732 
2784597 
2210150 
2195057 
2930212 
5258447 
1877077 
1809889 
1809161 
2210149 
2103150 
2249129 
2439502 
2278273 
2334792 
1827688 
1853136 
1822536 
1890920 
1734896 
1705387 
1716889 
1694562 
1731669 
1781474 
1729848 
1819517 
1766902 
1792403 
1825971 
1764091 
1693418 
1797191 
1784700 
1739579 
1773043 
1791883 
1815562 
1765757 
1772419 
1790321 
1723290 
1797919 
1754568 
1761333 
1678222 
1737549 
1785690 
1859798 
1949884 
1995785 
1885351 
1756858 
1703930 
1753683 
1785898 
1742182 
1772263 
1794485 
1817487 
1780121 
1770232 
1760500 
1753007 
1766954 
1742806 
1767266 
1753163 
1744003 
1784285 
1748166 
1710800 
1709915 
1769088 
1786470 
1738642 
1741974 
1891127 
1840854 
1823004 
1790477 
1803905 
1801302 
1802655 
1851628 
1784337 
1810097 
1780120 
1797347 
1830914 
1817695 
1710488 
1726205 
1810722 
1808692 
1770181 
2073902 
1780121 
1738018 
1735884 
1774708 
1755088 
1788292 
1746293 
1788656 
1745252 
1756493 
1746293 
1775281 
2011867 
2136977 
2054699 
1809369 
1697529 
1717722 
1777727 
1760605 
1778195 
1775646 
1745616 
1695656 
1936353 
2243457 
2424253 
2633829 
2566330 
2354568 
2597295 
2460371 
2541401 
2774292 
2585222 
2538852 
2072653 
2217176 
2782307 
2959357 
2539476 
2480823 
2579809 
2484622 
2737290 
2837993 
2552174 
2617227 
2982776 
2434037 
2672758 
4231645 
3032164 
2790634 
7239141 
2728131 
2505856 
2631227 
2804842 
2436743 
2814418 
3341558 
2930421 
2839502 
3361803 
2837577 
3705185 
3023156 
2891066 
2585779 
2430170 
3175328 
2668841 
2550233 
3076498 
2582553 
2291109 
6472593 
2450466 
2509640 
2662335 
2340811 
2452445 
2519632 
3200517 
4320805 
17471147 
2773344 
7249915 
3146756 
4480266 
7504460 
2911989 
4507172 
10361489 
3026015 
2656506 
2855521 
16126760 
2662699 
2692313 
13000406 
5266226 
2914694 
14098679 
3341867 
3234813 
3650276 
2555906 
6150133 
8178891 
4898435 
13572572 
2561215 
2656663 
2976158 
2643392 
33986152 
30453442 
19219704 
2432251 
9512244 
11933150 
2874049 
12742999 
2523483 
13775489 
2863067 
2469046 
9349088 
2966946 
3277906 
3135306 
2992915 
9205604 
2775843 
2581564 
2710216 
3082430 
20176263 
2431419 
5237186 
2641518 
13440225 
2283199 
2315570 
2324106 
2361368 
2567148 
15115243 
2482421 
2369487 
2465612 
2435791 
3645124 
12154127 
2254679 
2332328 
2332692 
8231611 
2290953 
2341124 
2563505 
2567460 
10631804 
2174012 
2148927 
2193684 
2729732 
2772824 
11481569 
2553773 
2846934 
2492569 
14028784 
10373512 
2088764 
9473004 
2643027 
2607638 
2804311 
2654009 
2608470 
11002509 
2947638 
2717085 
2591817 
2441255 
3946561 
15937582 
2623303 
2320982 
2215750 
7742298 
9789584 
2180153 
2116035 
2145492 
3225654 
10870110 
1994930 
2161261 
2344038 
2429702 
2238962 
12500997 
3812028 
2246873 
14156082 
2016840 
2006327 
1936381 
1947102 
2153403 
1967347 
2170994 
2098809 
2063159 
1961987 
2060765 
1907914 
2026468 
1984885 
1979057 
2162614 
2234903 
1931593 
1935809 
1963965 
1919155 
2010855 
2640061 
2130971 
2056914 
1995242 
14811050 
2190458 
10420715 
2189261 
1861751 
1810645 
1773589 
1786131 
1765939 
1762972 
1779679 
1791909 
1767240 
1757612 
1798258 
2083977 
1766615 
1753969 
1780875 
1750690 
1769321 
1784414 
3714655 
1747411 
1731018 
1732526 
1856286 
1764274 
1722795 
1782124 
1743509 
1796905 
1767709 
1844785 
1741166 
1783269 
1772757 
1843379 
1777857 
1759434 
1765887 
1739761 
1761047 
1755270 
1777388 
1757872 
1753552 
1758600 
1740489 
1805492 
1740230 
1851186 
1758444 
1788265 
1760891 
1752200 
2011792 
1761516 
1792221 
1768645 
1793002 
1797893 
1900159 
1838279 
1823967 
1854777 
1898545 
1864978 
1832606 
1879914 
1825789 
2278255 
2299801 
2255511 
2281689 
2234642 
2250464 
2234070 
2354014 
2284854 
2248101 
2286354 
2257002 
2289581 
2479855 
2176541 
2162541 
2187835 
2194340 
2184972 
2460286 
1841428 
1788968 
1814626 
1773511 
1794537 
1791726 
2124809 
1934848 
1781422 
1825971 
1826283 
1983613 
1891807 
1763102 
1836328 
1762217 
1750143 
1765756 
1799845 
1788031 
1765599 
1978252 
1760603 
1824410 
1804373 
1802291 
1772106 
1882752 
1767369 
1849443 
1733437 
1768514 
1786365 
1717042 
1776165 
1775332 
1781161 
1881502 
1859436 
1743585 
1718448 
1766693 
1699348 
1749154 
3800060 
1777882 
1978305 
1862194 
1804685 
1954781 
1876350 
1779028 
1809421 
1814834 
1727868 
1806246 
1842469 
1779964 
1925219 
1851316 
1774292 
1792715 
1790269 
1705697 
1750923 
1774915 
1734893 
1744366 
1787978 
1963940 
2176021 
2005368 
1998914 
2064125 
2445870 
2511914 
2308733 
2277611 
1813949 
1790998 
2109144 
1772157 
1881242 
1767474 
1748582 
2291142 
2283492 
2292079 
2054654 
2004795 
2188720 
2008595 
1941249 
2058505 
1992148 
2067300 
2449148 
2111485 
1691541 
1674315 
1682954 
1917153 
1814105 
1842729 
2662010 
2024728 
1844395 
1839658 
1856521 
1822433 
1888060 
1811919 
1945777 
1843615 
1844135 
1875413 
1895450 
1829771 
1913926 
1840491 
1839711 
1876142 
2035449 
1836692 
1828469 
1780068 
1782670 
1798179 
1756805 
1734374 
1727504 
1771533 
1749934 
1755191 
1776425 
1744314 
1914395 
1832372 
1817280 
1750351 
1788760 
1778923 
1783035 
1778039 
1765964 
1760760 
1759146 
1786053 
1753318 
1837629 
1767473 
1807496 
2030089 
1777830 
1773042 
1739525 
1664635 
1740618 
1853815 
1938439 
1856677 
1774916 
1775749 
1820663 
1757689 
1897792 
1741503 
1799429 
1778195 
1886134 
1937762 
1808588 
1701117 
1806455 
1767838 
1752537 
1748217 
1738381 
1866358 
1761228 
1787406 
1765236 
1785221 
1763778 
1747541 
1813429 
1820194 
1809525 
1757012 
1783035 
1764611 
1944059 
1688991 
1739006 
1709705 
1939012 
1915122 
1742961 
1717199 
1747020 
1775124 
1756648 
1829718 
1692426 
1791466 
1778247 
1759147 
1820091 
1771950 
1745979 
1719176 
1758991 
1943903 
1740723 
1785065 
1733020 
1810462 
1753837 
1733021 
1767994 
1881815 
1708247 
1698931 
1873072 
1851057 
1997301 
1770388 
1739942 
1739890 
1816030 
1857146 
1837056 
1757741 
1777414 
1887644 
1932766 
1837785 
1825867 
1801459 
1767109 
1809473 
1696277 
1713972 
1945257 
1717095 
1744313 
1786834 
1778143 
1730574 
1813377 
1857562 
1872290 
1743742 
1766745 
1809109 
1797451 
1790789 
1760603 
1976223 
1764299 
1775072 
1765756 
1752433 
1765496 
1769868 
1773406 
1723080 
1787458 
1741712 
1731719 
1763831 
1766589 
1799273 
1778090 
1757689 
1726046 
1784076 
1740255 
1746135 
1748321 
1754983 
1755243 
1765235 
1782878 
1872395 
1765704 
1837525 
1828053 
1744730 
1747905 
1778923 
1742336 
1896751 
1751080 
1738224 
1758157 
1757949 
1742337 
1742493 
1815250 
1767889 
1782306 
1751340 
1785428 
1783920 
1762477 
1764039 
1752224 
1765912 
1740775 
1778143 
1770024 
1743950 
1763154 
1764611 
1755971 
1759458 
1847518 
1844499 
1806923 
1754827 
1764559 
1739057 
1755295 
1723653 
1772886 
1764768 
1740255 
1830863 
1835599 
1852566 
1742388 
1722872 
1831852 
1811034 
1796254 
1940104 
1782462 
1898677 
1774551 
1747072 
1806246 
8176822 
2157805 
2461900 
2636456 
2018431 
1877964 
1790008 
1775176 
1783295 
1920275 
1838618 
1768306 
1725162 
1757273 
1765131 
1755920 
1718552 
1781161 
1699035 
1788395 
1789124 
1794745 
1803957 
1786678 
1776633 
1778195 
1792559 
1783815 
1795057 
1772470 
1760708 
1914811 
1892275 
1706894 
1745406 
1768983 
1771637 
1787563 
1858915 
1788552 
1812596 
1762529 
1720686 
1713244 
1750403 
1756024 
1811868 
1758991 
1779912 
1762581 
1749935 
1817592 
1772574 
1842105 
1810305 
1854804 
1760812 
1767369 
1764403 
1777154 
1767421 
1773615 
1735206 
1739994 
1841273 
1808433 
1816031 
1777154 
1776530 
1779080 
1770649 
1756492 
1771376 
1816186 
1790738 
1728336 
1771845 
1789280 
1757897 
1790216 
1753057 
1754358 
1783243 
1726203 
1864901 
1810878 
1785741 
1817228 
1823889 
1753890 
1804529 
1829198 
1792350 
1859436 
1756075 
1804321 
1839971 
1841636 
1798180 
1762478 
1769087 
1751184 
1793755 
1771949 
1730834 
1764819 
1826804 
1700076 
1803540 
1778247 
1767578 
1857770 
1746708 
1703459 
1678686 
1741920 
1787927 
1759823 
1752277 
1652352 
1733489 
1760291 
1774655 
1762998 
1761072 
1754671 
1777831 
1823005 
1761905 
1684619 
1830811 
1815302 
1750871 
1696537 
1750039 
1754567 
1802863 
1757585 
1728128 
1775488 
1798128 
1830030 
1748790 
1702470 
1809785 
1782462 
1732084 
1747124 
1813949 
1933547 
1772990 
1760968 
1737756 
1769659 
1762113 
1732135 
1772678 
1731563 
1760031 
1735987 
1725422 
1738225 
1773927 
1787095 
1733020 
1731875 
1727816 
1769295 
1759770 
1798284 
1772730 
1837108 
1703928 
1720530 
1833413 
1708560 
1748113 
1845748 
1739057 
1752849 
1748061 
1818789 
1720946 
1768462 
1757741 
1779392 
1763935 
1780016 
1785409 
1776614 
1749857 
1737052 
1898339 
1951893 
1750272 
1720086 
1726487 
1791543 
1748138 
1865707 
1740227 
1744442 
1734086 
1761565 
1735907 
1721959 
1762606 
1753551 
1900057 
1735855 
1741528 
1740227 
1760369 
1732888 
1726904 
1758391 
1732004 
1774472 
1757142 
1769632 
1750740 
1777960 
1761878 
1714569 
1715402 
1768851 
1763751 
1742829 
1795863 
1758599 
1741997 
1780978 
1747357 
1890897 
1749647 
1724978 
1740071 
1787276 
1844994 
1898599 
1737312 
1728361 
1766093 
1738822 
1726955 
1856236 
1728152 
1728257 
1753811 
1757870 
1730078 
1771923 
1746941 
1755268 
1760577 
1757662 
1765157 
1755632 
1779885 
1764428 
1787900 
1754123 
1901149 
1730078 
1736844 
1729037 
1729297 
1772808 
1873357 
1751053 
1765833 
1766510 
1747722 
1768176 
1769945 
1753811 
2138371 
1878875 
2100847 
2225182 
3766337 
2595689 
2221798 
1814651 
1825268 
1778949 
1773536 
2221279 
1926391 
1806637 
1756986 
1794510 
1757662 
1779833 
1753602 
1779781 
1762554 
1788524 
1908696 
1775930 
1816368 
1745432 
1772443 
1764741 
1822302 
1775721 
1747981 
1742725 
1760316 
1821209 
1742412 
1925768 
1832659 
1773223 
1765520 
1938882 
1849053 
1829224 
1783893 
1756829 
1793885 
1763075 
1778844 
1752926 
1755216 
1754279 
1761721 
1753186 
1698227 
1741892 
1767238 
1756257 
1740279 
1792636 
1748606 
1792168 
1772026 
1748815 
1907031 
1761878 
1750219 
1739967 
1804867 
1775513 
1786130 
1769372 
1706449 
1765833 
1764428 
1867685 
1755737 
1769788 
1730131 
1752770 
1757454 
1779469 
1770204 
1765260 
1788577 
1771194 
1767238 
1750531 
1768331 
1717171 
1742933 
1736324 
1770986 
1745952 
1753759 
1792324 
1741424 
1753290 
1769008 
1735543 
1910622 
1758443 
1721439 
1756101 
1785506 
1762710 
1765313 
1787328 
1720710 
1790659 
2876368 
1747461 
1770309 
1747513 
1740903 
1751052 
1814079 
1788213 
1809447 
1932377 
1715142 
1745691 
1766770 
1752614 
1885016 
1746577 
1868205 
1755996 
1782227 
1751312 
1704889 
1779677 
1756881 
1775253 
1739655 
1813194 
1772703 
1800079 
1774316 
1802993 
1781863 
1722844 
1795343 
1720971 
1755216 
1791855 
1737729 
1775045 
1870443 
1789045 
1795810 
1889075 
1799611 
1770465 
1763439 
1750740 
1798153 
1725446 
1744391 
1807886 
1770829 
1768852 
1743245 
1788785 
1805023 
1698799 
1740279 
1774004 
1762502 
1896883 
1765261 
1775982 
1761409 
1687713 
1723416 
1753135 
1780666 
1862584 
1765677 
1828027 
1786599 
1742101 
1858525 
1735386 
1725706 
1746108 
1736740 
1752718 
1738301 
1753394 
1742100 
1770777 
1749856 
1750115 
1732732 
1733149 
1748034 
1745744 
1746108 
1747565 
1963499 
1759172 
1748814 
1750844 
1753602 
1740227 
1691825 
1736740 
1765313 
1752145 
1780353 
1741216 
1758078 
1757818 
1771922 
1750167 
1777752 
1755528 
1753863 
1756152 
1744703 
1740383 
1740175 
1757662 
1757974 
1771870 
1960221 
1706918 
1897090 
1733670 
1774837 
1722428 
1779157 
1848428 
1961210 
1878510 
1746993 
1853789 
1778220 
1801224 
1764636 
1786599 
1727632 
1738353 
1724093 
1737364 
1775878 
1746993 
1781134 
1758443 
1753603 
1771714 
1727944 
1731639 
1760056 
1865760 
1881113 
1747097 
1728464 
1750271 
1719774 
1733201 
1755268 
1752145 
1788681 
1806792 
1781654 
1843484 
1774889 
1790346 
1786079 
1739602 
1709468 
1836875 
1756361 
1781550 
1776346 
1776242 
1735335 
1680011 
2154661 
2060667 
1900681 
1877990 
1948824 
2198274 
2069515 
2457563 
2272907 
2022883 
1778792 
1829068 
1807833 
1827403 
1771454 
1801067 
1729557 
1747669 
1792168 
1815536 
1838644 
1708896 
1933990 
1846972 
1786599 
1749751 
1758859 
1788837 
1745952 
1815432 
1745796 
1787432 
1861544 
1810072 
1805023 
1792324 
1756673 
1764584 
1784569 
1756049 
1781499 
1757557 
1739602 
1751208 
1754956 
1744339 
1778740 
1785662 
1732785 
1764792 
1718004 
1775826 
1713736 
1739134 
1775305 
1710873 
1707335 
1715974 
1759588 
1693491 
1763127 
1699007 
1709417 
1790763 
1671215 
1791439 
1783476 
1809342 
1712591 
1779052 
1788785 
1799038 
1791699 
1787067 
1774576 
1760473 
1749386 
1741944 
1735387 
1924726 
1770257 
1705356 
1722271 
1743454 
1783111 
1775514 
1758182 
1790138 
1837864 
1791543 
1777075 
1705045 
1753186 
1767914 
1787171 
1784881 
1750167 
1755580 
1781030 
1782696 
1816057 
1765624 
1756881 
1814443 
1727372 
1771714 
1788369 
1766562 
1774785 
1770466 
1777491 
1758651 
1793001 
1852071 
1718316 
1787900 
1758287 
1776867 
1779209 
1804867 
1810904 
1825320 
1826205 
1805960 
1805907 
1826674 
1811528 
1806428 
1868154 
1738822 
1746108 
1796591 
1806845 
1789826 
3096986 
1757038 
1793000 
1769632 
1755684 
1748242 
1749595 
1705825 
1772912 
1727008 
1756725 
1832138 
1738874 
1796175 
1840465 
1733670 
1820324 
1762711 
1775045 
1760212 
1753134 
1720033 
1793677 
1859618 
1784048 
1843328 
1802057 
1833179 
1804398 
1816265 
1831617 
1760732 
1806324 
1828026 
1813922 
1813558 
1791439 
1789097 
1840361 
1819648 
1791387 
1770361 
1764167 
1770100 
1847543 
1804347 
1816056 
1782123 
1757558 
1789878 
1762710 
1752770 
1775670 
1843120 
1744807 
1763595 
1782722 
1779346 
1784801 
1794735 
1823675 
1716466 
1782877 
1784386 
1792609 
1818632 
1765233 
1789122 
1760913 
1835650 
1733797 
1806245 
1755292 
1757634 
1780899 
1767523 
1767471 
1764505 
1767992 
1741083 
1785739 
1765598 
1754720 
1792401 
1765805 
1810252 
1763099 
1813532 
1753471 
1784802 
1759716 
1752326 
1784750 
1768200 
1781419 
1786936 
1721723 
1734630 
1749307 
1761278 
1776579 
1755500 
1758883 
1782669 
1758468 
1760653 
1744258 
1760028 
1812594 
1736973 
1764140 
1743426 
1746340 
1732392 
1783814 
1719120 
1729894 
1766638 
1729009 
1782565 
1767835 
1732861 
1763099 
1836692 
1695857 
1697678 
1705901 
1699759 
1711782 
1774393 
1779181 
1805933 
1807078 
1810304 
1766898 
1728749 
1748630 
1724793 
1742905 
1792766 
1785843 
1716154 
1729010 
1795055 
1836795 
1925585 
1925430 
1761590 
2260344 
2302188 
2454162 
2347364 
2037745 
1807338 
1776995 
1764349 
1837056 
1866306 
1821806 
1771323 
1806505 
1801093 
1723284 
1797398 
1852150 
1846424 
1784490 
1878901 
1839138 
2098585 
1830811 
1788237 
1727500 
1787873 
2717148 
2093693 
1912991 
2292248 
2073031 
1910545 
3676974 
2254618 
2233072 
1994078 
2027908 
1944218 
1995952 
2133873 
2221674 
1955564 
1949943 
1978673 
2201792 
2461032 
2070897 
2018852 
2004070 
2405395 
2851634 
2551227 
2557628 
2585161 
2290998 
2576521 
2227711 
2314211 
4150694 
2431001 
17695581 
2199762 
2571993 
2651623 
15269888 
2206736 
2167234 
2574544 
2426786 
2602960 
2493196 
2628046 
16653002 
2254202 
2233540 
2310932 
2608737 
2664530 
6372056 
2506571 
4945120 
2686442 
3949018 
3850704 
2625652 
9479286 
3344611 
2527858 
3491953 
2093068 
21954426 
2299950 
2348248 
2164996 
2403209 
30649540 
2498348 
55140204 
2397640 
2045915 
2213138 
2104571 
4400513 
5890581 
2599317 
2819314 
3389786 
2464571 
2529627 
2456504 
2901754 
2669579 
2893999 
2559502 
3574236 
2302240 
4050090 
2860743 
2513130 
2476073 
2360376 
2344501 
2373335 
2253682 
2406800 
2332531 
2285950 
3294127 
2455254 
2290478 
2352256 
2309787 
2462801 
2359490 
2290634 
2341015 
2278559 
2292300 
2315408 
3538273 
3367719 
2632990 
5505860 
7412448 
2949480 
2228491 
2088957 
1960249 
2176393 
1965401 
2118467 
3905351 
2579956 
2315408 
2067411 
1912314 
1888477 
2133508 
2038629 
1936516 
53379759 
2378748 
1919392 
1820505 
1800416 
1755865 
1773612 
1783293 
1770542 
1815457 
2036756 
1848767 
2144698 
2174625 
1834922 
1798178 
1809732 
1832997 
1804579 
1823576 
1839554 
1872863 
1835339 
1812231 
1782512 
1755553 
1807755 
1774706 
1771843 
1810669 
1777776 
1909400 
1765233 
1772676 
1762163 
1795680 
1910128 
1814000 
1758780 
1776735 
1869064 
1796148 
1766794 
1765233 
1782772 
1952805 
1806610 
1917519 
1778661 
1855376 
1840803 
1966130 
1886656 
1753887 
1872759 
1813063 
1792973 
1785843 
1791152 
1785062 
1759664 
1794899 
1751805 
1772883 
1755813 
1795992 
1764296 
1761538 
1841741 
1759040 
1789382 
2839039 
1958635 
1793910 
1824097 
1819205 
1797137 
1742021 
1818060 
1771947 
1876506 
1812594 
1822119 
1786259 
1796356 
1839814 
1752899 
1818112 
1852306 
1874269 
1743998 
1818319 
1827428 
1752899 
1742750 
1774810 
1768304 
1757374 
1801926 
1778140 
1769865 
1804319 
1828312 
1723181 
1775954 
1892277 
1751128 
1844707 
1660465 
1741864 
1674570 
1746289 
1703975 
2113523 
1977787 
1861309 
1870417 
1875934 
1910077 
1851993 
1885822 
1838930 
1867242 
1846060 
1850900 
1853607 
1859748 
1833152 
1818216 
1831468 
1836831 
1930395 
1889432 
1832604 
1833647 
1841609 
1777904 
1770253 
1764373 
1731479 
1770201 
1670741 
1759220 
1760104 
1789667 
1820375 
1789615 
1755628 
1791437 
1773636 
1776083 
1806634 
1761822 
1920303 
1768380 
1689946 
1837290 
1738350 
1849573 
1812568 
1803408 
1703478 
1780975 
1757450 
1781235 
1895113 
1774157 
1774209 
1749695 
1778945 
1749851 
1780819 
1854257 
1790343 
1757086 
1912705 
2001287 
1968810 
1755525 
1773012 
1759480 
1729918 
1803407 
1797214 
1788158 
1831877 
1815638 
1832710 
1752922 
1730959 
1855870 
1967510 
1769473 
1780662 
1727524 
1776291 
1677039 
1755161 
1781704 
1753494 
1757867 
1755472 
1791020 
1845513 
1786649 
1758855 
1768848 
1756722 
1753494 
1812723 
1756461 
1794247 
1770566 
1751153 
1947680 
2462002 
3791943 
2668262 
2697564 
2609762 
2049899 
1824643 
1767130 
1769005 
2073945 
2121827 
2559485 
2519149 
1953821 
1799348 
1750216 
1891262 
1959494 
1791020 
2177412 
1841036 
1777280 
1785087 
1812151 
1778685 
1791280 
1782432 
1834687 
1807415 
1817720 
1899120 
2013414 
1940966 
1810174 
1720341 
1711702 
1741837 
1759793 
1729814 
1687968 
1829222 
1748551 
1753287 
1763644 
1781756 
1770774 
1763436 
1793362 
1863364 
1989837 
1796121 
1827661 
1761718 
1753286 
1745115 
1838486 
1782069 
1761249 
1764424 
1755993 
1765102 
1759844 
1781235 
1760781 
1722579 
1777072 
1761406 
1779779 
1761250 
1762759 
1754484 
1777332 
1755473 
1748707 
1809497 
1759636 
1746677 
1758179 
1799139 
1721694 
1779830 
1782640 
1824694 
1766611 
1726483 
1811319 
1721278 
1782849 
1751882 
1757607 
1744491 
1680682 
1759896 
1760521 
1780403 
1756253 
1766715 
1764373 
1754640 
1772908 
1707694 
1747822 
1805177 
1767963 
1762655 
1754379 
1736944 
1712846 
1836925 
1844368 
1778685 
1766766 
1757658 
2037772 
2058903 
1903233 
1819282 
2309507 
2050628 
2453727 
5676335 
1986402 
1788938 
1759741 
2099291 
1862064 
1788105 
2420782 
3620138 
3548366 
2175591 
1856130 
1785659 
1837550 
1936854 
2227273 
2811493 
2625115 
2647548 
3213604 
1961264 
2071029 
2022523 
2317053 
3078336 
2598103 
2620379 
2058226 
1926028 
1786128 
2094399 
1851446 
1981874 
2563545 
2585873 
3048149 
2335322 
2162007 
1928319 
1784202 
1773480 
2281505 
2931409 
2732695 
2529402 
2642083 
1906303 
2198855 
2279319 
2814668 
2487244 
2153419 
1967822 
1920824 
2505773 
2132705 
2629540 
2166327 
2278227 
3427619 
3096760 
2689132 
14300629 
2503327 
2287335 
2145560 
2062442 
2529663 
2058070 
2021170 
2294985 
2189436 
2150037 
2244344 
2898931 
2558600 
2027102 
2201146 
2224722 
2010864 
1673812 
1737620 
1690831 
2163672 
2167211 
2066762 
2009927 
2041207 
2834134 
2243148 
2079253 
2010500 
1983748 
1997592 
2710680 
2346720 
3352256 
2697356 
2078004 
2035326 
8412934 
2498279 
2733216 
2157426 
1983435 
3167075 
2040947 
1990514 
3992062 
2109544 
3164368 
2437645 
5261577 
2292851 
14241348 
2321425 
2625897 
2260531 
2013831 
1898861 
2267297 
2672634 
3588286 
2164714 
4865348 
3243947 
2346616 
13763042 
2489327 
2267921 
2110376 
2043758 
2124221 
2081804 
12474738 
2158468 
6170411 
8739421 
8249820 
5163574 
5622883 
6597921 
2206975 
2274219 
5503333 
1928943 
2038449 
1922802 
3298180 
3622064 
2363323 
2165442 
2000767 
1985622 
19333514 
2694649 
3575378 
5287705 
4677877 
6722936 
2182305 
2232374 
2155865 
2290249 
4948258 
3538946 
6418725 
8983258 
2454351 
13973049 
2690017 
2312473 
2414796 
2185792 
9694264 
2221443 
2326109 
2222432 
2218477 
7189011 
2525655 
2595866 
2713906 
2338288 
6262429 
3539987 
3452809 
2726606 
2401160 
6906400 
2174550 
3050751 
5219802 
2976042 
2096608 
1988409 
2048833 
1958218 
4259689 
2622028 
2078760 
2093646 
2154489 
2000533 
2102286 
2133618 
4618086 
2804401 
2196283 
4533666 
2370641 
4983248 
5540672 
2888561 
2002876 
3419858 
2107855 
3544562 
3481378 
14229621 
2037331 
2605789 
2463285 
2255929 
2411289 
2126332 
2462400 
2531622 
2128413 
2467136 
3452127 
2111082 
2321196 
1915280 
1762210 
1750916 
1805826 
1770382 
1771579 
1951662 
1778762 
1786308 
1744410 
1763355 
1752374 
2330877 
2061377 
1974822 
1968005 
1836221 
7611418 
3420846 
2845362 
2628117 
2493680 
2053518 
1817380 
1886030 
1827893 
1837991 
1827686 
1886239 
1838146 
1964934 
1913564 
1896908 
1882075 
1891964 
1853761 
1909556 
1983566 
1861724 
1833358 
1825343 
2015576 
1849857 
2323018 
2156832 
2027911 
2148295 
2041131 
2251921 
1809469 
1846995 
1838252 
1818056 
1953744 
1796613 
1832474 
1956658 
2313961 
2100256 
2026662 
2351487 
1968004 
1881918 
2030252 
2254523 
1836429 
2207526 
1869895 
1825551 
1767467 
1760180 
1765593 
1756121 
1826697 
2018230 
2121491 
2126696 
1952442 
1779698 
1809105 
1744202 
1900395 
1862036 
2032959 
2060752 
2004333 
1832474 
1944011 
1793907 
1766010 
1824614 
1763720 
1870000 
1755444 
2029316 
2498156 
1860840 
1776159 
1889778 
1884000 
1833359 
1780739 
1845694 
1769810 
1823834 
1909087 
1888528 
1748313 
1777044 
1840645 
1799008 
1717658 
1777825 
1815975 
1701940 
1825083 
1771683 
1818525 
1782249 
1757370 
1782300 
1805982 
1782300 
1773400 
1829507 
5841661 
2493992 
1858914 
1823782 
1727494 
1767311 
1774337 
1741027 
1759036 
1745919 
1868595 
1996631 
2036030 
1827737 
1742797 
1760024 
1777460 
1733637 
1754663 
1886759 
2091096 
2053361 
2060180 
2016096 
2067050 
1896232 
1763771 
1799268 
1722551 
1684556 
1733688 
1768560 
1752373 
1779126 
1772360 
1772516 
1776523 
1770017 
1768300 
1738008 
1722967 
1743526 
2068612 
2241512 
1912314 
1829871 
1846006 
2112122 
1763095 
1782405 
1802026 
1880565 
1744982 
1823782 
2023590 
1951089 
2064604 
1813789 
1807335 
1838980 
1790732 
2970536 
1878275 
1832526 
2072515 
1950933 
1827113 
1851107 
1788963 
1890974 
1792762 
1846423 
1803535 
1813112 
2132370 
1805357 
1859747 
1793230 
1853032 
1825656 
1931780 
2047376 
2018022 
2159278 
2021405 
1898261 
1911638 
1786360 
1830808 
1810978 
1787349 
1823418 
1930738 
1800361 
4532780 
1948487 
1816235 
1801454 
1772880 
1751957 
1907838 
1765957 
1754975 
1759504 
1850274 
1831225 
1809885 
1758151 
2064240 
2040245 
2054142 
1859383 
1891079 
1841895 
1802183 
1966391 
1805982 
1850690 
1784382 
1840749 
1732752 
1759244 
1758203 
1717345 
1832005 
2064084 
2212262 
1979923 
2167084 
2112592 
2085267 
1839032 
1862453 
1723799 
1725829 
1745087 
1830964 
1781936 
1720676 
1700170 
1767519 
1787973 
1752009 
1755340 
1897480 
2039049 
2114361 
2261081 
2006779 
1943230 
1885978 
2088962 
2080998 
2314482 
2494409 
2357004 
2006415 
1850065 
2012869 
2108532 
2267744 
1941876 
1833671 
1771630 
1745920 
1725726 
1766374 
1892172 
2066061 
1869427 
1793334 
1869479 
1807699 
1834920 
1761013 
1778865 
1750552 
1825292 
1972064 
1812695 
1829298 
2450377 
2189100 
2091044 
2892256 
2134347 
1921578 
2022290 
2024528 
1946300 
1915125 
2006207 
1922411 
2075638 
1998400 
1966339 
2105721 
2818454 
2736687 
2687659 
2315627 
2183375 
2035042 
8466708 
3364220 
6356979 
2450533 
3697529 
2251609 
2268837 
2370276 
2400620 
2712642 
2601469 
2582888 
2088129 
2066738 
1973573 
2032387 
1981016 
2056745 
2007144 
2045035 
2032491 
1988146 
2592986 
2404783 
1997776 
2101453 
2042224 
2207889 
1860683 
2035510 
2001106 
2019843 
1941200 
1966963 
1828154 
2160787 
2053570 
2041755 
2008653 
2087921 
2055131 
1982630 
2023695 
1977529 
2044357 
2007039 
2041859 
1977113 
2043421 
1986325 
2056849 
2046908 
2018126 
1999180 
3298276 
2155634 
2048418 
2053102 
1981901 
2282889 
3199594 
2111239 
1953171 
2649665 
2285180 
2615991 
2426539 
14044542 
2143508 
1909244 
1910441 
1932092 
2089222 
3942203 
1695382 
1744463 
1651974 
1751436 
1848452 
1853085 
1830027 
1849598 
1868282 
2035562 
1923869 
2221994 
3201521 
2164742 
1920122 
2048053 
2006311 
2053830 
1988147 
2282565 
1931867 
1870746 
1853050 
1869193 
1951377 
1893550 
1791275 
1861801 
1802362 
1918585 
1878508 
1905938 
2051255 
1974849 
1873200 
2042199 
1941174 
1998947 
1851288 
1785968 
1971934 
2125267 
2179397 
2144993 
2091956 
1997489 
1935761 
1873824 
1993534 
2345377 
2485073 
2191680 
2413092 
2041626 
2191367 
2184029 
2006754 
1931857 
2382019 
7211896 
2589897 
2353080 
1987965 
2219578 
1980991 
2636376 
2162117 
2052452 
2016070 
2021744 
1998895 
2025960 
2074260 
1953874 
2199435 
2067962 
2039908 
2003735 
2009148 
2248829 
2093882 
2292132 
1962670 
2028666 
2008316 
2007379 
1982448 
1993534 
2092113 
2327524 
2032621 
1966469 
2042095 
2244977 
2012375 
2031633 
1992233 
1984113 
2293694 
2072334 
2149053 
2210938 
2011647 
2143535 
1984738 
2000977 
2344596 
2003527 
1781179 
1802363 
1760516 
1793358 
3144622 
2164147 
2291455 
2137914 
2515885 
1853005 
2251483 
2234047 
1869556 
1942891 
2000405 
2025075 
2195427 
1874552 
1857793 
1775350 
1788102 
1800020 
1790808 
2207711 
2112671 
2055315 
2203755 
1976722 
2525514 
2080662 
2109028 
2688788 
2502092 
2218745 
2258665 
2041731 
1827762 
1838848 
1777744 
2325495 
2187620 
1819955 
1807099 
1968915 
2407366 
2018465 
1808035 
1902398 
1809753 
1800229 
1793775 
1856388 
1819017 
1809233 
1978492 
1939665 
1818132 
2214268 
2223273 
2070512 
2425167 
2090239 
1801738 
1830313 
2235244 
2186059 
2535819 
1934564 
1810795 
1796949 
1761245 
1762234 
1729912 
1780606 
2029707 
2048652 
1801322 
1861697 
1991088 
2311546 
1837495 
1870493 
1929463 
1907551 
4269063 
1935188 
1948773 
1904896 
1833070 
1919574 
1845822 
1940289 
1836870 
2201361 
1997438 
1900420 
1821464 
1887773 
1816520 
1886420 
1829844 
1918897 
1894904 
1858053 
1908592 
1882203 
1830208 
2106790 
2338975 
1941798 
1776391 
1759527 
1771967 
1750627 
1852172 
2298378 
2205265 
1869921 
1774829 
1768115 
1865340 
2056512 
1895788 
1756769 
1851652 
2146867 
2299731 
1811471 
1833643 
1958297 
2111943 
1834944 
1823130 
1773424 
2003891 
2206514 
2087064 
1838692 
1818445 
1787268 
1821360 
1771082 
1760308 
1791901 
1717421 
1859719 
1800333 
1815583 
2011647 
1817092 
1733035 
1793670 
1751668 
1800176 
1753490 
1752396 
1982968 
1770041 
1776494 
1775090 
1764940 
1761453 
1794191 
1780918 
1766658 
1765565 
1766293 
1794763 
1766450 
1801218 
1787216 
1764888 
1827138 
1778212 
1801478 
1745682 
1835517 
1963554 
1829635 
1799656 
1910674 
1787737 
1783260 
1761453 
1743860 
1790340 
1769780 
1983957 
1755571 
1751980 
1782792 
1738656 
1739541 
1746619 
1771238 
1766189 
1796533 
1725904 
1775818 
1695040 
1824691 
1703836 
2057761 
1888085 
1762858 
1785499 
1679738 
1791640 
1727726 
1761557 
1768323 
1748233 
2062757 
1894227 
1835621 
1818029 
1838068 
1793827 
1803351 
1766866 
1832082 
1708208 
1818028 
1852172 
1762546 
1709718 
1687545 
1791225 
1705033 
1687024 
1753802 
1792317 
1746359 
1985571 
1882881 
1715859 
1751460 
1718669 
1731109 
1727882 
1774153 
1703628 
1736678 
1841814 
1753594 
1783156 
1785603 
1733087 
1755207 
1758694 
1786071 
1770093 
1832811 
1781700 
1750627 
1750367 
1783053 
1748961 
1842387 
1758694 
1700037 
1860240 
1747608 
1783677 
1772956 
1762442 
1751564 
1777172 
1756405 
1731005 
1760308 
1728663 
1756872 
1729704 
1736991 
1742351 
1742195 
1769677 
1743445 
1796429 
1704200 
1757445 
1752033 
1862842 
1864351 
1720752 
1790184 
1823650 
1788830 
2849824 
2058177 
2531760 
2402890 
1978805 
1771655 
1768636 
1795960 
1777119 
1787113 
1710030 
1870754 
1791797 
1856960 
1839108 
1734440 
1755624 
1814698 
1754479 
1719034 
1788101 
1725800 
1681559 
1707687 
1719450 
1761036 
1820162 
1774621 
1754635 
1743861 
1705762 
1780086 
1738084 
1778005 
1764576 
1721168 
1771238 
1752293 
1804653 
1799500 
1740165 
1724395 
1753541 
1790079 
1751408 
1734700 
1803612 
1826253 
1812355 
1807255 
1808296 
1800541 
1663291 
1749690 
1803352 
1754947 
1793930 
1751772 
1790079 
1867994 
1767959 
1716120 
1699880 
1764732 
1755155 
1826513 
1778473 
1849257 
1809129 
2841184 
1741779 
1790860 
1745370 
1773580 
1779982 
1777535 
1703420 
1764471 
1744069 
1709561 
1706126 
1697070 
1727882 
1700037 
1677552 
1756924 
1759579 
1788257 
1763743 
1815999 
1816676 
1750263 
1736626 
1828751 
1819851 
1740894 
1820058 
1842491 
1829896 
1773320 
1771446 
1754218 
1741675 
1796690 
1757342 
1782376 
1752553 
1739645 
1748389 
1761922 
1769781 
1755572 
1762390 
1781959 
1779930 
1772071 
1760048 
1674169 
1767698 
1765721 
1757810 
1795753 
1792526 
1815115 
1741414 
1794764 
1760880 
1760360 
1757809 
1750731 
1767439 
1860292 
1761557 
1740425 
1726841 
1726424 
1752865 
1882412 
1727622 
1734128 
1723198 
1823963 
1763222 
1792630 
1746776 
1746359 
1779390 
1761121 
1768813 
1759544 
1791089 
1748101 
1743729 
1759290 
1777662 
1776987 
1754085 
1771626 
1748100 
1737482 
1759030 
1763766 
1791247 
1749349 
1752784 
1775425 
1781306 
1735504 
1767566 
1755022 
1758197 
1769596 
1760227 
1736701 
1764807 
1776934 
1746382 
1778340 
1766733 
1750649 
1757208 
1728321 
1810245 
1785731 
1748308 
1730715 
1771937 
1761163 
1806966 
1773499 
1752940 
1807747 
1782296 
1756687 
1756011 
1769180 
1968369 
1806602 
1899613 
1725875 
1781514 
1769023 
1798794 
1777663 
1796921 
1740708 
1769439 
1764911 
1760331 
1931623 
1745653 
1785106 
1771521 
1757780 
1908513 
1938857 
1760747 
1784586 
1740709 
1769596 
1781567 
1707814 
1802750 
1781046 
1781462 
1760331 
1782764 
1883166 
1738106 
1771937 
1746798 
1765379 
1746954 
3158821 
1772875 
1807852 
1766005 
1778027 
1748204 
1802334 
1714737 
1809361 
1778131 
1755646 
1863126 
1737221 
1821228 
2055810 
1978986 
1862814 
1767201 
1749244 
1956657 
1731912 
1774904 
1745028 
1731184 
1787292 
1793746 
1802646 
1755490 
1747735 
1778808 
2040612 
2321777 
2215598 
1982213 
1995434 
2104007 
3096623 
2168495 
2050449 
2014484 
2025831 
2108743 
1780838 
1717339 
1968577 
1813420 
1860837 
1809620 
1819927 
1810558 
1896750 
1842463 
1813212 
1820915 
1997932 
1826588 
1775685 
1787604 
1768294 
1819301 
2175990 
1964360 
1809569 
1790832 
1795932 
1768034 
1829972 
1801033 
1800304 
1876399 
1780786 
1769855 
1768346 
1759915 
1816179 
1774227 
2034782 
1858598 
1862710 
1795880 
1819457 
1829608 
1827161 
1816960 
1814617 
1831481 
1825912 
1838768 
1850999 
1998921 
3983112 
1990593 
2180727 
2100884 
2040195 
1911688 
2247557 
2001575 
2121599 
1938180 
2078607 
2504676 
2339110 
2439928 
2609970 
2736135 
2399902 
2690905 
2705531 
2615331 
2405888 
3086838 
2616372 
2392668 
2396415 
2354308 
2444456 
11202754 
1843764 
1886080 
1824454 
10406932 
3100735 
2792035 
2201337 
2520603 
2283158 
2036032 
2049096 
1995850 
2024789 
2665350 
2100156 
2122589 
2148925 
2053728 
2095159 
2180779 
1932403 
1836062 
2014275 
2473863 
10173651 
9314228 
2020573 
2067208 
2023905 
1978674 
10763621 
2252449 
2116602 
1991270 
2450961 
11821974 
1955565 
1953795 
1925741 
1953275 
10440608 
2109992 
1960873 
1941095 
1934485 
1916320 
10642036 
2050709 
1967587 
1931154 
1943593 
1933444 
10774603 
2017867 
3087411 
2418536 
2244225 
3047333 
14043715 
2045921 
1968316 
1928916 
1951192 
2002096 
6733456 
2502334 
3842477 
2121755 
2033325 
2201077 
2113740 
3429473 
19264279 
2504468 
11720167 
2443519 
2414840 
2441697 
2754248 
23332907 
3964114 
3648805 
3106512 
2838983 
3288422 
2574213 
2798698 
8723946 
2451066 
10597638 
15566601 
10892388 
2222886 
16842153 
2413227 
2061119 
5330334 
2532730 
2273893 
2226425 
2449088 
8847301 
2206750 
9622719 
2699077 
9851160 
2611948 
5060619 
2375179 
18268072 
8568321 
11842585 
2404951 
2216796 
2199411 
12925350 
2313970 
2151995 
2142731 
2208833 
6707068 
2317145 
2270926 
2555163 
2425927 
2006676 
1947653 
1955669 
1930893 
1946092 
2000691 
1877804 
1819458 
3125614 
1900914 
1895449 
1815294 
1840797 
1951140 
1894564 
1779797 
1775165 
1764078 
1759290 
1805561 
1751535 
1809049 
1777091 
1951713 
1766993 
1750494 
1772198 
1754502 
1748079 
1820013 
1792779 
1762429 
1750826 
1751403 
1774772 
1754470 
1752388 
1997646 
2015551 
2080352 
1835201 
2060001 
2144007 
4312895 
2375158 
2179557 
1815890 
1799183 
1953976 
1850919 
1776697 
1757126 
1730113 
1745104 
1773834 
1752703 
1868720 
1746977 
1799599 
1872884 
1861745 
1811205 
1752807 
1820522 
1779091 
1838531 
1821979 
1821875 
1777009 
1790334 
1798974 
1842748 
1808707 
1809956 
1819897 
1812976 
1838948 
1750152 
1756189 
1803034 
1811206 
1761342 
1757855 
1807094 
1706482 
1757127 
1753326 
1791791 
1773678 
1767328 
1720068 
2893567 
2402952 
2349081 
1886469 
1965531 
1905935 
1855187 
1861902 
2700205 
1895005 
2066091 
2427623 
1990515 
1851700 
1840665 
1837907 
2230930 
1820366 
1822083 
1779351 
1887093 
2300207 
1984842 
1901355 
1828381 
1772585 
1804387 
1765402 
1819846 
1785649 
1814224 
1975681 
1880431 
1770868 
1788617 
1860860 
1748122 
1778623 
1730321 
1808187 
1772168 
1835356 
1975212 
2352985 
2162745 
1924308 
1831973 
1818233 
1801004 
1866430 
1855135 
1762175 
1927692 
1802201 
1986195 
1900574 
1999467 
2787595 
2217605 
2038296 
1885220 
1978440 
1861954 
2132453 
1718610 
1673639 
1725272 
1783151 
1731622 
1689463 
1754420 
1753379 
2044125 
2051725 
2285945 
1909162 
2114704 
1997541 
1819793 
1981094 
2081288 
1882617 
1819429 
2106220 
2057606 
1807458 
1791843 
1783984 
1765142 
1829631 
2169564 
2194131 
1847900 
2018517 
2675013 
1960586 
1832546 
1799963 
1796632 
1858935 
1770815 
1765975 
1736879 
1840822 
3080787 
2309420 
2160143 
1968966 
1834524 
1790802 
1759104 
1855864 
1770347 
2096018 
1984373 
2716600 
2070566 
1899377 
1825883 
1807354 
1791375 
1870125 
1787991 
1928004 
2004828 
1957776 
1771076 
1752181 
1786274 
1749215 
1771544 
1769879 
1791583 
1720223 
1885011 
1759104 
1729904 
1744790 
1802097 
1814693 
1760978 
1704504 
1705078 
1819377 
1756398 
1788252 
1765194 
1736255 
1734068 
1757855 
1774719 
1717413 
1824738 
1739586 
1785910 
1785857 
1797569 
1734381 
1767952 
1756242 
1752754 
1822083 
1772690 
1800171 
1777998 
1758428 
1732299 
1825363 
1781537 
1756971 
1759833 
1719235 
1756814 
1770919 
1778103 
1791166 
1783568 
1772585 
1732611 
1783307 
1757335 
1729020 
1816514 
1895369 
1816514 
2909598 
1784036 
1749059 
1762956 
1791011 
1805064 
1771492 
1772429 
1740002 
1758740 
1741824 
1910255 
1747757 
1780288 
1764257 
1759572 
1870906 
1738077 
1775292 
1825207 
1795383 
1759886 
1872467 
1753744 
1747290 
2419243 
2488260 
1903125 
2529171 
2167638 
2415965 
2635923 
3956358 
2129486 
2173883 
2263252 
2150878 
1867939 
1861329 
1786170 
1763269 
1771648 
1776697 
1763893 
1866169 
1910620 
1783203 
1863359 
1746561 
1786118 
1760094 
1831401 
1751817 
1751505 
1801576 
1761239 
1820366 
1776437 
1699456 
1759624 
1786742 
1765975 
1771128 
1782214 
1771544 
1762019 
1764049 
1777530 
1753015 
1696489 
1794653 
1788825 
1794133 
1768421 
1842747 
1779820 
1786118 
1717569 
1759990 
1731779 
1744635 
1843528 
1768942 
1721629 
1728760 
1884439 
1748694 
1915096 
1949239 
1755617 
2330968 
2127456 
1965427 
1870281 
1812663 
1737660 
1760198 
1804647 
1822812 
1755929 
1808655 
1825571 
1788148 
1846027 
1921186 
1804699 
2005453 
1960743 
1943723 
1799026 
1740523 
1850398 
2055680 
2092374 
1987340 
1939454 
2155719 
1819950 
1758063 
1884179 
2448339 
2196004 
2118816 
2076136 
2001237 
1865961 
1758896 
1771492 
1777530 
1810581 
1762487 
1782110 
1953821 
2026949 
2101275 
2577785 
1991347 
1936279 
1782787 
1832390 
1768994 
1829995 
1969383 
2498306 
2048237 
1979481 
2014405 
2224840 
2047300 
2264813 
3048570 
2572060 
2838395 
2912826 
1969904 
2044386 
1844517 
1865597 
1876267 
2054639 
2531982 
2632697 
2733047 
2284644 
1957568 
1786014 
1743698 
1923892 
2444071 
2749235 
2419243 
1915668 
1781278 
1758636 
1783828 
1822760 
2381508 
2406023 
2565554 
2130995 
1828746 
1783359 
1785441 
1950021 
2538175 
2480245 
1944503 
2104554 
2023878 
2133181 
2147911 
2355847 
2577681 
2104971 
1920352 
1793041 
1828746 
2169043 
2333622 
2552646 
2365893 
1832545 
1835408 
1760926 
1815161 
1761967 
1805636 
2085505 
2395718 
2572788 
2453283 
1914991 
2704109 
1965011 
2017528 
1972870 
2876859 
2863795 
2488157 
2283604 
2093728 
2373909 
2687764 
2113246 
2403004 
2067079 
2107469 
2188718 
2210006 
2447715 
2610732 
2617394 
2220937 
2366310 
2197931 
2326127 
2677043 
2353089 
1872363 
1782527 
1764518 
2807947 
2202563 
2697030 
2409822 
2041887 
2155823 
2225308 
2454169 
2295106 
1930658 
2097268 
2028251 
2079935 
2142029 
2163214 
2468065 
3042167 
2701843 
2052908 
2030825 
1975647 
2514735 
3155468 
3296727 
2564806 
2439729 
2108328 
2104529 
1994444 
2245428 
2036239 
2413549 
2273326 
2246364 
2424427 
2253079 
2842699 
2654487 
2694045 
2477830 
2399287 
2315383 
2238505 
2253131 
3970202 
2291179 
2330321 
1961496 
1900650 
1808886 
1795717 
2553042 
3816654 
2541331 
2329956 
2987605 
2591872 
1893779 
2312624 
2721007 
3847677 
2082616 
1991060 
2853526 
2208732 
1876759 
1847663 
2424323 
3418005 
9805138 
1859114 
2008393 
2391584 
2644077 
4192922 
2216227 
14255603 
2553198 
2216852 
2210555 
2208837 
2536750 
2178284 
4548995 
2278375 
2285038 
4329970 
2467160 
2085843 
1992726 
1948276 
2292116 
2005114 
5920663 
2515774 
2657193 
2474603 
2138985 
2542684 
2254484 
4119168 
2412195 
2239026 
2502606 
2105049 
3985452 
2192701 
2367953 
2690765 
2414850 
13935601 
2399651 
1997046 
1974301 
1969980 
1931568 
12883831 
2963351 
3375533 
2783674 
2594370 
2940708 
2893343 
2776231 
2940292 
2492300 
2472521 
2820994 
2923324 
2448110 
14374849 
3165512 
3377926 
2451961 
2506717 
2505832 
2469554 
2356398 
2526913 
2608944 
2579951 
2639601 
2843792 
6987944 
3405149 
2132115 
2235070 
2358844 
7834325 
2548201 
2746146 
12435214 
2018751 
2061172 
2234601 
2119103 
10704975 
2144451 
1974300 
2118946 
2273223 
11522052 
2045660 
1969148 
2121081 
2228512 
1974196 
10965172 
1977840 
2182656 
2162200 
2054093 
2448682 
2390907 
2526757 
2723557 
2464505 
3278095 
3501701 
2249279 
2484752 
2039623 
2058049 
2497661 
2109369 
14351323 
2144086 
2593693 
2114939 
5246150 
2688007 
2382006 
2106195 
2010319 
2052063 
2029733 
2446861 
3844085 
3039916 
2275877 
1907885 
1772763 
2293990 
2316059 
2551376 
2549607 
3081660 
3066565 
2386014 
2131334 
1833714 
1847143 
1774377 
2097658 
2240171 
2927852 
2756869 
2367797 
2204308 
2400640 
2168603 
2354837 
2854619 
2609568 
2266039 
1940208 
1843656 
1826323 
1934951 
1809615 
1755223 
1989915 
2124829 
2323346 
2600928 
2299091 
1868066 
1777240 
1812270 
1766934 
2036448 
2081055 
2388460 
2509893 
2321576 
2011360 
1819557 
1844176 
1767195 
1771670 
1869836 
2103800 
2240535 
2488292 
2572248 
1970709 
1829654 
1849172 
1791918 
1808210 
2028901 
2141744 
2505833 
2496360 
2002251 
1958061 
1767194 
1853389 
1756004 
1837461 
2075901 
2356866 
2644910 
2270359 
1897891 
1817266 
1791241 
1797279 
1777864 
2159858 
2016565 
2199000 
2567199 
2509476 
2331778 
1811333 
1840741 
1779426 
1856252 
2064555 
1989916 
1985959 
2144868 
2202070 
2660004 
2199520 
1829706 
1777760 
1876968 
1951034 
1834130 
1760428 
1744084 
1848964 
1797903 
1772867 
1792959 
1760845 
1827051 
1938802 
1839700 
1781769 
1777396 
1810344 
1767299 
1801287 
1788535 
1771827 
1770213 
1769849 
1850317 
1756785 
1821690 
1771566 
1790408 
1788951 
1811176 
1753401 
1775679 
1768027 
1771723 
1819296 
1797227 
1772816 
1776876 
1776979 
1754807 
1757721 
1898568 
1843915 
1927039 
1825334 
2126911 
1761521 
1844800 
1762666 
1763447 
1749394 
1775054 
1745489 
1837253 
1808366 
1769277 
1797748 
1790616 
1798321 
1798060 
1813675 
1816173 
1859842 
1855315 
1864007 
1840949 
1828353 
1792698 
1754650 
1773076 
1782913 
1794364 
1762874 
1803109 
1808990 
1797435 
1838190 
1834390 
1775001 
1765529 
1793427 
1762406 
1789055 
1778698 
1770577 
1823095 
1779426 
1797540 
1780363 
1899817 
2037384 
1882849 
1740649 
1804358 
1805503 
1863539 
1706400 
1790200 
1815757 
1800194 
1829185 
1762197 
1793011 
1784683 
1834442 
1769016 
1773544 
1862081 
1804931 
1845997 
1770525 
1802536 
1788379 
1806804 
1756316 
1792126 
1778541 
1769224 
1771723 
1781352 
1818620 
1763811 
1769172 
1766206 
1784581 
1858265 
1838017 
1799068 
1767159 
1811094 
1855653 
1885945 
1899683 
1871577 
2047821 
2821758 
2240771 
2789331 
2304637 
1931748 
1835767 
1840295 
1754672 
2065466 
1968496 
2873600 
1851017 
1736351 
1919724 
1784028 
1757639 
1767373 
1759721 
1895001 
1784445 
1809064 
1808909 
1882873 
1733436 
1779812 
1761230 
1935912 
1792773 
2276894 
1862521 
1796729 
1775388 
1780958 
1806150 
1758420 
1830198 
1815207 
1843574 
1741139 
1817080 
1878448 
1820568 
1781374 
1760866 
1790067 
1796781 
1789858 
1763521 
1788297 
1760345 
1759461 
1731926 
1742857 
1788922 
1760918 
1789598 
1805838 
1725368 
1756026 
1816613 
1726304 
1764250 
1820880 
1734789 
1818902 
1881727 
1862364 
1856743 
1775596 
1821921 
1777783 
1808753 
1754568 
1786683 
1780021 
1755817 
1765810 
1853048 
1792201 
1808128 
1620538 
1621787 
1768361 
1640837 
1708816 
1809169 
1942001 
1855754 
1841597 
1872410 
1836443 
1857524 
1828115 
2004618 
1877095 
1901819 
1860074 
1868090 
1817081 
1785486 
1853203 
2056044 
1995978 
2009928 
1993271 
1998581 
1988795 
1991554 
1968443 
2028457 
2033715 
2040585 
1983642 
2050527 
1846853 
1727086 
1849820 
2138648 
2105492 
1970213 
1948196 
1965945 
1950174 
2028041 
1974637 
1974793 
1987962 
2055055 
2009980 
2021951 
1994364 
2054015 
1980415 
2008678 
2015028 
2035016 
1966934 
2043812 
1975314 
2061978 
1948768 
1916288 
1908013 
1978801 
2055940 
2030071 
1974794 
2035797 
1990200 
2016174 
1973805 
2030800 
2014716 
2045322 
2056981 
1997435 
1918735 
1959543 
2077229 
2016381 
1967350 
2007429 
1960532 
1981820 
1901662 
1979634 
1895208 
2063123 
2035901 
2012217 
2024970 
2064996 
1997956 
2082954 
2038191 
2047768 
2395257 
1913842 
1778356 
1891148 
1780020 
1794908 
1808440 
1803755 
1762167 
1745511 
1820776 
1767216 
1783768 
1788557 
1821713 
1799175 
1860855 
1767633 
1776169 
1795584 
1764249 
1827699 
1795896 
1901454 
1796833 
1767685 
1773723 
1789286 
1767789 
1817497 
1804641 
1755818 
1792201 
1766019 
1799435 
1773566 
1734997 
1734320 
1759929 
1761855 
1720631 
1759981 
1762532 
1768257 
1766904 
1755088 
1785538 
1765186 
1780697 
1756026 
1753267 
1848623 
1787777 
1803184 
1816664 
1748790 
1768674 
1771953 
1787932 
1788141 
1725576 
1772473 
1764926 
1776429 
1764666 
1821609 
1773462 
1776793 
1803911 
1811771 
1796260 
1766019 
1814374 
1726513 
1769663 
1780646 
1685653 
1772994 
1787776 
1784705 
1778303 
1776429 
1727710 
1766852 
1777783 
1692159 
1749415 
1911656 
2082746 
1832019 
2241084 
2121108 
2532253 
2378341 
2293082 
1920349 
1872254 
1874597 
1982289 
1855910 
1921390 
1844615 
1889691 
1842013 
1872202 
1838161 
2050735 
1837953 
1912541 
1877667 
1853932 
1841232 
1860698 
1830197 
1860595 
1859918 
1832435 
1881935 
1879437 
1867153 
1846073 
1887557 
1850341 
1863614 
1782467 
1796676 
1742180 
1829677 
1908793 
2399733 
1817913 
1830354 
1833997 
1791003 
1767321 
1805526 
1787099 
1759617 
1853724 
1731718 
1746136 
1747750 
1732342 
1903172 
1951163 
1795948 
1743846 
1778563 
1756337 
1750144 
1700019 
1674514 
1786943 
1860387 
1828636 
1811094 
1892502 
1809064 
1799748 
1733540 
1830509 
1757379 
1734425 
1779448 
1757743 
1810054 
1813229 
1776221 
1762219 
1861480 
1775544 
1758055 
2169567 
1790014 
1902027 
1782311 
1821869 
1761022 
1762116 
1764665 
1786631 
1776950 
1767633 
1710898 
1754933 
1776481 
1763312 
1883185 
1737912 
1790327 
2056044 
1821089 
1787464 
1775233 
1949653 
1840712 
1840087 
1892241 
1780021 
1763104 
1753111 
1784080 
1871473 
2101380 
1955691 
1763417 
1821921 
1833477 
1818017 
1940856 
1970057 
1850393 
1842689 
1742857 
1839098 
1769090 
1857524 
1788348 
1789702 
1915664 
1830197 
1784497 
1847009 
1765447 
1783300 
1796573 
1819266 
1767945 
1806670 
1826137 
2269034 
1743637 
1788037 
1757170 
1763885 
1770391 
1829885 
1795116 
1723598 
1793502 
1750977 
1853100 
1732447 
1858253 
1750872 
1749623 
1736298 
1705588 
1792460 
1774295 
1737391 
1840972 
1703923 
1745927 
2201525 
1867205 
1814010 
1773254 
1756129 
1765603 
1829209 
1889691 
1803912 
1782571 
1856066 
1792149 
1823899 
1720319 
1782363 
1773151 
1808076 
1735153 
1743169 
1920452 
1799800 
1772213 
1747802 
1763000 
1787152 
1788192 
1736559 
1773618 
1793345 
1757067 
1774659 
1725159 
1792565 
1770860 
1758055 
1801674 
1799799 
1770444 
1766800 
1772838 
1783456 
1777054 
1748634 
1773306 
1763677 
1736819 
1748894 
1756182 
1758160 
1771901 
3001176 
1923627 
1805109 
1769975 
1758003 
1698562 
1790223 
1751133 
1706318 
1719955 
1753215 
1789911 
1752226 
1956003 
1822129 
1747541 
1758004 
1781374 
1930499 
1853308 
2048445 
2063227 
1868038 
1884486 
1723078 
1812656 
1851434 
1761543 
1788140 
1799488 
1854296 
1755713 
1830405 
1766020 
1776586 
1828323 
1830926 
1792252 
1809065 
1801622 
1793033 
1766279 
1795636 
1861844 
1868714 
1926543 
1843262 
1810054 
1822730 
1843713 
1853175 
1844529 
1748082 
1765315 
1821946 
1910846 
1956027 
1817520 
2004175 
2869940 
2395703 
2401272 
2302063 
1863168 
1819653 
1776087 
1942234 
1770673 
1837143 
1745324 
1844690 
1816062 
1769112 
1771714 
1771194 
1786497 
1763594 
1901165 
1855516 
1765937 
1766145 
1787902 
1762605 
1891016 
1795866 
1787486 
1824129 
1783790 
1773380 
1774942 
1760627 
1761721 
1791025 
1777908 
1805443 
1780563 
2285771 
1879304 
1768279 
1895804 
1772547 
1780511 
1823036 
1936195 
1655953 
1839433 
1676721 
1665686 
1898199 
1927191 
1843544 
1798625 
1701654 
1750737 
1737153 
1912044 
1889350 
1914074 
1979554 
1905122 
1905642 
1893566 
1901113 
1907047 
1866604 
1914022 
1829075 
1949208 
1861138 
1968311 
1907307 
1934894 
1963939 
1864106 
1908661 
1932396 
1901634 
1935779 
1891068 
1922767 
1973152 
2052998 
1920060 
1831521 
1824390 
1825223 
1869362 
1798312 
1797063 
1787121 
1822204 
2159963 
1887372 
1759379 
1774265 
1773589 
1789360 
1760627 
1756151 
1935363 
1769892 
2223465 
1853435 
1767758 
1784207 
1820383 
1872225 
1864313 
1774629 
1809556 
1785039 
1837195 
1811013 
1772860 
1810389 
1809087 
1764843 
1710554 
1776451 
1745585 
1835737 
1778481 
1746158 
1821267 
1924485 
2136800 
1814708 
1898719 
1770829 
1793160 
1875244 
1774577 
1745221 
1741733 
1815542 
1743763 
1850000 
1883312 
1784831 
1825847 
1833863 
1739859 
1760367 
1762813 
1747198 
1780043 
1757452 
1853643 
1810388 
1830844 
1770465 
1765364 
2874260 
1871392 
1829387 
1804090 
1788579 
1792535 
2411318 
2071321 
1812679 
1817883 
1810753 
1820903 
1787694 
1757661 
1772183 
1761773 
1790921 
1874879 
1761096 
1748396 
1750009 
1764167 
1733405 
1769320 
1766770 
1772912 
1800342 
1756932 
1721953 
1859369 
2030147 
2121134 
1821059 
1800551 
1808358 
1820434 
1751519 
1766821 
1796179 
1786913 
1756307 
1744647 
1766718 
1759847 
1764531 
1794357 
1750842 
1798417 
1772287 
1715656 
1735539 
1709305 
1786549 
1798364 
1799874 
1773641 
1844638 
1783426 
1816895 
1821007 
1943847 
1795814 
1740171 
1739963 
1790608 
1760836 
1754902 
1816270 
1737569 
1702018 
1761408 
1752351 
1817623 
1757869 
1699415 
1751622 
1818196 
1737673 
1870560 
1759535 
1755318 
1674223 
1798209 
1837299 
1718935 
1827565 
1806537 
1797272 
1759742 
1846876 
2140444 
1897470 
2250584 
2065075 
1911576 
1829231 
1768955 
1772443 
1777544 
1771922 
1895388 
1799561 
1751207 
1777336 
1771402 
1753080 
1745220 
1765052 
1774057 
1777805 
1751831 
2833087 
1855100 
2540926 
2064814 
2197492 
2136644 
2115095 
2486584 
2279316 
2634097 
2132585 
1929689 
1771766 
2056642 
1866395 
1811169 
1711335 
1768904 
1754850 
1746314 
1878992 
1763647 
1716801 
1772911 
1969040 
1797844 
1782281 
1717425 
1775670 
1734550 
1732259 
1803309 
1743086 
1766093 
1862231 
1773224 
1716697 
1738038 
1758857 
1778898 
1754486 
1754486 
1798885 
1746678 
1778116 
1841567 
1792066 
1795710 
1815541 
1777700 
1695980 
1754381 
1768123 
1743398 
1760524 
1769216 
1773120 
1872485 
1928284 
1890443 
1820226 
1817155 
1847657 
1789932 
1773328 
1746886 
1790609 
1735956 
1896116 
1737464 
1708316 
1932292 
2041703 
1847136 
1779834 
1747043 
1681354 
1765936 
1779158 
1745428 
1719872 
1746521 
1786653 
1763178 
1739234 
1796959 
1794669 
1744752 
1948897 
1848125 
1747927 
1829647 
1956965 
1840317 
1769997 
1803830 
1759326 
1766822 
1787538 
1819341 
1780355 
1764739 
1785560 
1766510 
1793837 
1765729 
1786028 
1776451 
1852862 
1689682 
1740952 
1803361 
1837350 
1824807 
1816842 
1811117 
1810701 
1870767 
1827825 
1782229 
1862492 
1869675 
1848854 
1785351 
1780667 
1806589 
1781708 
1772860 
1885862 
1802581 
1912409 
1871860 
1825223 
1806068 
1964043 
1872641 
1777336 
1743138 
1774629 
1890599 
1816010 
1766249 
1780667 
1829179 
1864313 
1723411 
1801020 
1753704 
1930938 
2001884 
2035509 
2043161 
1996991 
1906735 
1909025 
1795919 
1792743 
1753080 
1859993 
1821371 
1811898 
1818196 
1815906 
1795502 
1839121 
1825275 
1774629 
1837298 
1823402 
1889350 
3391960 
2483877 
1868842 
1786549 
2042848 
1796594 
1771558 
1903508 
1856766 
1879200 
1832562 
1882375 
1789412 
1800811 
1763386 
1811013 
1855464 
1802216 
1946397 
1872329 
1786914 
1767706 
1771350 
1770621 
1859733 
1740587 
1713261 
1965553 
1912304 
1759951 
1795346 
1832771 
1743815 
7153066 
1959358 
1810388 
1858119 
1779366 
1795033 
1745013 
1779366 
1777388 
1785352 
1884092 
1836205 
1766978 
1761460 
1757140 
1876857 
1774212 
1793055 
1769788 
1891276 
1732260 
1795137 
1754017 
1762346 
1825066 
1750373 
1792170 
1747458 
1763803 
1785404 
1812315 
1768903 
1795970 
1749853 
1749645 
1864470 
1775722 
1791963 
1757452 
1769892 
1778638 
1781343 
1807318 
1767030 
1822881 
1725857 
1782958 
1771506 
1787330 
1763126 
1763074 
1782489 
1796647 
1795449 
1778846 
2081730 
1793003 
1828398 
1806432 
1769800 
1752748 
1784707 
1808635 
1837889 
1907333 
1790374 
11901309 
3850108 
2953205 
2657292 
2366322 
2270131 
2130736 
2727978 
3879309 
2667025 
2469541 
2322390 
2002481 
2009247 
1945692 
2035482 
1889841 
2172586 
2434301 
2330824 
2567867 
11561099 
2613464 
2600242 
2362574 
2675197 
2731778 
2362523 
2028090 
2722980 
2199341 
2349094 
2348468 
2024238 
2038397 
2017316 
2153951 
2380376 
2505925 
2158167 
2160353 
1788236 
1886458 
1801249 
1830346 
1884011 
2020543 
1857517 
1835447 
1909204 
1966097 
2306359 
2940192 
2337954 
2135057 
1976194 
2031266 
2019346 
2010236 
2098152 
2020127 
2026269 
2012163 
2002325 
2009716 
2128082 
2041780 
2036158 
2126624 
29166285 
1956884 
2051878 
2207044 
2089563 
19988530 
2159885 
2217195 
2532471 
2595558 
2492287 
2045476 
1904519 
2068222 
2030849 
1950689 
1916752 
1925028 
1920083 
1871883 
1906602 
1914983 
1918366 
1844556 
1806923 
1886041 
1881460 
1828680 
15445145 
2572343 
2088263 
2019866 
2516179 
2030693 
2597120 
2332801 
2261073 
2277002 
2343680 
2435603 
2410618 
2343888 
2413013 
2345293 
2389121 
2400156 
2358359 
2420144 
1953448 
2509620 
2254724 
2016899 
1982753 
2073219 
1985096 
2141615 
3711339 
2197987 
1997692 
2020543 
2045944 
2079309 
2011434 
2665567 
2006177 
1945745 
1843047 
1911598 
2040426 
1894005 
1976664 
2058749 
1914722 
1945328 
1973488 
1953760 
1924716 
1905249 
1929556 
2125843 
2110592 
3768699 
10883907 
2785599 
2478181 
2192105 
2665047 
1929921 
1922478 
2078008 
2007217 
2038188 
1970209 
1998004 
2118556 
2958254 
2323640 
2025957 
1998161 
1999462 
2091021 
2357110 
2114497 
2019762 
2100650 
2451427 
2052659 
11667649 
2107157 
2129279 
2171597 
12874936 
2615078 
2378710 
2416344 
2269870 
2448616 
2407287 
14187680 
2137659 
2235516 
2365853 
2540279 
2509985 
2147965 
2688522 
2183048 
2257586 
2443931 
2167641 
2161395 
2529609 
2190596 
2171597 
2386623 
2188774 
2155825 
2206316 
2260605 
2714235 
2377305 
2181591 
2190179 
2175709 
2042144 
1833417 
1824256 
1912328 
1884949 
1787768 
2002689 
1749146 
1779647 
1767051 
1782823 
1754871 
1804008 
1872508 
1775900 
1801145 
1772881 
1797137 
1817385 
1803904 
1764917 
1794066 
1767832 
1862202 
1795940 
1745501 
1772933 
1758879 
1810254 
1811243 
1843880 
1831231 
1799844 
1809109 
1857569 
1764032 
2045424 
1755391 
1813117 
1786778 
1712137 
1735143 
1757682 
1772777 
1797762 
1785582 
1757057 
1869385 
1881877 
1666696 
1670703 
1673566 
1669610 
1916544 
1672369 
1756276 
1876204 
2005552 
1857205 
1905248 
1840028 
1880576 
1841433 
1857048 
1854446 
1831179 
1863867 
1830554 
1933773 
1828368 
1883751 
1840913 
1887135 
1837217 
1860952 
1835395 
1834979 
1840965 
1805465 
1866782 
1840652 
1902698 
1968439 
1882658 
1798282 
1870165 
1804216 
1831907 
1835708 
1993216 
2887412 
1861837 
1766166 
1807026 
1751124 
1812908 
1712813 
1909361 
1758254 
1758567 
1742483 
1773974 
1785582 
1775796 
1801197 
1819884 
1791879 
1835707 
2193094 
2259565 
2193771 
1978381 
2205847 
2671970 
2251913 
2318435 
2642301 
2661247 
2542673 
2591602 
2309430 
2204181 
2125010 
2680506 
2710905 
2455175 
1911963 
1919146 
1969376 
1968387 
1833208 
2003054 
1970678 
2265186 
1956207 
1928932 
1917637 
1893173 
1843151 
2222972 
1898222 
1915399 
1851270 
1927422 
1899314 
1929192 
1872404 
1931482 
1854654 
1852520 
1819311 
1834354 
1884532 
1875267 
2075405 
1925756 
1964327 
2012579 
2097215 
1911443 
1907695 
2137867 
2023874 
1726190 
1976872 
2073479 
1943767 
2023094 
4583569 
2140522 
1981244 
1839039 
10195418 
2183621 
5987143 
4431370 
2047974 
5926606 
2034181 
2036367 
2011642 
2045476 
2001856 
2241450 
2036418 
2098568 
1955843 
16966591 
1976681 
1923018 
2016875 
2028430 
2297745 
2101143 
2190101 
2095210 
2013957 
2038525 
2035714 
2106974 
2027959 
2046749 
2194525 
2086100 
2024574 
2098281 
1998237 
2010573 
1969868 
8615388 
2034308 
2112231 
2116135 
2010573 
2013227 
2281453 
2030353 
2155382 
2061376 
2354638 
2989261 
2298058 
2066945 
2062157 
2065175 
1922448 
1916566 
1947277 
2237260 
1994905 
2092243 
1982829 
4055448 
8875337 
2088495 
2147054 
2432405 
2853352 
2498668 
2302118 
2261622 
12042668 
2227318 
2136123 
2171571 
2141640 
2186510 
2199575 
13634324 
2142474 
2016507 
2002037 
2017860 
1976531 
10911207 
2051694 
2052683 
1963934 
2023013 
10737300 
2225914 
2018381 
1983246 
2037848 
2006252 
10806478 
2044511 
2044251 
1981684 
2018953 
9789948 
4353500 
5251610 
2640406 
2825191 
3008988 
2863138 
2987803 
10030274 
2585126 
2520113 
2539164 
11643583 
2184011 
2070381 
2042169 
6215515 
10405831 
2415383 
1956907 
1964819 
1925780 
1965599 
12195598 
1945664 
1967838 
1941291 
1966276 
7699631 
2267764 
2084696 
1933536 
1960290 
10852804 
2609123 
3200853 
2491380 
2506580 
1881275 
1792006 
1858164 
1789611 
1819749 
2445417 
2845440 
3012789 
2006617 
1986212 
1940407 
1924322 
1982725 
3036576 
2465302 
2376501 
14076248 
2027699 
1965027 
2341990 
2301546 
2199002 
2215867 
2167875 
1846140 
1781959 
2540049 
2400861 
2163554 
2197388 
2135863 
2556550 
1834167 
2336889 
2274270 
2145804 
2107495 
1760878 
1783677 
1778680 
1755308 
1777430 
1779513 
1784353 
1775504 
1769935 
1767124 
1777170 
1785394 
1877840 
1839945 
1798356 
1788466 
1760566 
1784717 
1764834 
1796169 
1772798 
1823132 
1783156 
1907978 
1981372 
1759160 
1772329 
1742139 
1767124 
1749426 
1762700 
1770820 
1712313 
1777170 
1760045 
1786488 
1779096 
1740941 
1987878 
1817042 
1792265 
1788934 
1711064 
1753799 
1788830 
1847233 
1782063 
1929059 
1714447 
1891373 
1727564 
1756766 
1724389 
1912299 
1777431 
1846816 
1767541 
1803249 
1796117 
1878412 
1800281 
1933483 
1691440 
1972002 
1856810 
1815324 
1800438 
1727096 
1780866 
1793983 
1823289 
1708514 
1861235 
1754320 
1778732 
1724806 
1749895 
1960082 
1877215 
1863161 
1780450 
1771548 
1783156 
1749635 
1755516 
1760253 
1811785 
1741879 
1933328 
1993552 
1955866 
1761918 
1888094 
1878412 
1744742 
1773891 
1785343 
1773214 
1785863 
1762076 
1803926 
1800594 
1723088 
1807413 
1760097 
1804342 
1760201 
1764781 
1786019 
1763272 
1744169 
1788257 
1766708 
1851449 
1870865 
1789611 
1785394 
1860350 
1811681 
1717622 
1785759 
1840935 
1775660 
1805538 
1846400 
1892414 
1788413 
1756922 
1867012 
1742607 
1856134 
1787372 
1757391 
1793254 
1737871 
1750467 
1782480 
1771549 
1760045 
1765719 
1879662 
1784354 
1759993 
1831148 
1767437 
1780502 
1792005 
1817667 
1852125 
1828078 
1860714 
1781438 
1810276 
1866232 
1787060 
1768685 
1826828 
1863005 
1726731 
1776910 
1760045 
1812566 
1835833 
1793775 
1772850 
1782844 
1823705 
1750675 
1788258 
1777014 
1799761 
1791329 
1820425 
1772121 
1769727 
1803300 
1917452 
1891112 
1831878 
1940146 
1783521 
1797367 
1826828 
1947537 
1818343 
1801895 
1764261 
1814596 
1829691 
1707680 
1802624 
1798304 
1728137 
1758484 
1785030 
1780554 
1779669 
1798980 
1962580 
1789402 
1772225 
1801218 
1834741 
1822976 
1777170 
1790860 
1829014 
1785551 
1864150 
1869043 
1656722 
1708149 
1784926 
3363153 
1916774 
