687500 
103017761 
121250 
127656 
53437 
47396 
47344 
46927 
97760 
49323 
99584 
49063 
47344 
47761 
48437 
47760 
48386 
47761 
47864 
48177 
51354 
47291 
48021 
47761 
48125 
47709 
48230 
48073 
48177 
47865 
52344 
47604 
47448 
48177 
48073 
47240 
47604 
47709 
47969 
46927 
50417 
46979 
47448 
47604 
47708 
47864 
48021 
47657 
47083 
46719 
51406 
46927 
46823 
47188 
47761 
48125 
47344 
115052 
63593 
47760 
51406 
47083 
47969 
47605 
47969 
47760 
48178 
47656 
47343 
47552 
51771 
47031 
47865 
47605 
48333 
47604 
47761 
47812 
47604 
47344 
51355 
47344 
47448 
47760 
47344 
47969 
47657 
47657 
47552 
47396 
51250 
47083 
47239 
47708 
48385 
49011 
47813 
48489 
48542 
47656 
51406 
47239 
47500 
47396 
47969 
47292 
48177 
47604 
47344 
47552 
51354 
47239 
47135 
47657 
48177 
47604 
47656 
47813 
47292 
46979 
51041 
47344 
47604 
47656 
47760 
47396 
47864 
126771 
61354 
26823 
25000 
21250 
21302 
21250 
20573 
19115 
18646 
18958 
19688 
19114 
21042 
19583 
20313 
21354 
21719 
22395 
23438 
23750 
24114 
24115 
27552 
25364 
25365 
26354 
27656 
26980 
27031 
27239 
28437 
28229 
30416 
27864 
28385 
28125 
28334 
28750 
28542 
28698 
28385 
28333 
30468 
28281 
28229 
28281 
28802 
28177 
28437 
29010 
28437 
28229 
30573 
28125 
28177 
28698 
28333 
28594 
28698 
28542 
28281 
27916 
30521 
27969 
28281 
28437 
28489 
28593 
28333 
28750 
28593 
28437 
30416 
28020 
28177 
28021 
28281 
28229 
28334 
28229 
28594 
27969 
30521 
27969 
28021 
28229 
28697 
28437 
28333 
28333 
28489 
28125 
30208 
28125 
28281 
28073 
28438 
28281 
28333 
28281 
28489 
28229 
30157 
28177 
28229 
28125 
28333 
28385 
28645 
28229 
28229 
28021 
30261 
28021 
28073 
28021 
28333 
28333 
28542 
28177 
28229 
28021 
29219 
14895 
13750 
13593 
13229 
25000 
13646 
13021 
12708 
12344 
12813 
11719 
11718 
11979 
12187 
12292 
12344 
12396 
12500 
12343 
13646 
12969 
13281 
13541 
13854 
14167 
14532 
14531 
14896 
15260 
16458 
15105 
15312 
15990 
16146 
16042 
16146 
16510 
16719 
16770 
18229 
17031 
17136 
17500 
18021 
18125 
18073 
18021 
18437 
18229 
19375 
17864 
17969 
17864 
18125 
18177 
17864 
17812 
17813 
17709 
19271 
17812 
17760 
17969 
18125 
18125 
17813 
17761 
17968 
17656 
19166 
17761 
17761 
18021 
17917 
17917 
17917 
18072 
17813 
17709 
19219 
17656 
17761 
18021 
17917 
18020 
18073 
17969 
17761 
17656 
19115 
17760 
17969 
17708 
17969 
17760 
17865 
17917 
17656 
17760 
19270 
17552 
17917 
17709 
17916 
17864 
18125 
17969 
17968 
17656 
19375 
17656 
17865 
17864 
18125 
18073 
17916 
18073 
17969 
17969 
19114 
17656 
18021 
18021 
18125 
18125 
17865 
17865 
17865 
17812 
19323 
17812 
17864 
18177 
17916 
17812 
17969 
17864 
17709 
17656 
19166 
17708 
17761 
17813 
18230 
18177 
17865 
17968 
17813 
17604 
19115 
17813 
17812 
18020 
18125 
17813 
17813 
17812 
17656 
17760 
27083 
18125 
17864 
18073 
18073 
18073 
17917 
18177 
17968 
17969 
19219 
17760 
17760 
18177 
17917 
17969 
17969 
17917 
17865 
17812 
19323 
17917 
17864 
18125 
18125 
18229 
18073 
17969 
17656 
17812 
19114 
57865 
18281 
11771 
10573 
9635 
9479 
9271 
9427 
8907 
9688 
8802 
8854 
8958 
8906 
8698 
8386 
8333 
8229 
8229 
8750 
8229 
8177 
8333 
8541 
8593 
8645 
8541 
8594 
8542 
9271 
8594 
8542 
8907 
9063 
9063 
9167 
9375 
9375 
9479 
10208 
9687 
9843 
9896 
10052 
10312 
10208 
10417 
10313 
10261 
11198 
10469 
10520 
10834 
11094 
11146 
11250 
11250 
11354 
11198 
12292 
11146 
11354 
11407 
11875 
11719 
11875 
12031 
11771 
11928 
12812 
19063 
12239 
11927 
12083 
12031 
11979 
11980 
11927 
11823 
12812 
11771 
11718 
12291 
12448 
12396 
12448 
12448 
12447 
12344 
13542 
12500 
12552 
12604 
12448 
12552 
12448 
12240 
11979 
12083 
13125 
12292 
12344 
12344 
12500 
12604 
12500 
12448 
12448 
12344 
13490 
12448 
12396 
12240 
12292 
12083 
12136 
12240 
12396 
12396 
13333 
12291 
12343 
12552 
12500 
12448 
12656 
12500 
12500 
12291 
13021 
11875 
11875 
12396 
12552 
12605 
12708 
12709 
12552 
12448 
13438 
12448 
12396 
12552 
12396 
12500 
12500 
11927 
11979 
11927 
18177 
12500 
12344 
12396 
12604 
12656 
12605 
12604 
12500 
12500 
13125 
11823 
11771 
12239 
12447 
12448 
12552 
12552 
12448 
12344 
13281 
12344 
12291 
12447 
12552 
12657 
12656 
12657 
12344 
12239 
12760 
11823 
11979 
12187 
12395 
12500 
12552 
12552 
12396 
12448 
13333 
12239 
12291 
12291 
12187 
12136 
11979 
12344 
12292 
12292 
13229 
12292 
12292 
12448 
12552 
12552 
12604 
12500 
12343 
12239 
13541 
12343 
12291 
12291 
12084 
12031 
12447 
12396 
12187 
12291 
13229 
12448 
12500 
12553 
12604 
12605 
12448 
12448 
12447 
12187 
13021 
11719 
11927 
12344 
12395 
12656 
12500 
12500 
12396 
12344 
13281 
12292 
12291 
12500 
12500 
12500 
12448 
12448 
12396 
12136 
12812 
11718 
12135 
12344 
12500 
12448 
12552 
12447 
12239 
12239 
13229 
12344 
12344 
12500 
12396 
12396 
12032 
11927 
11823 
12084 
13281 
12396 
12344 
12552 
12500 
12448 
12500 
12292 
12292 
12240 
13177 
12187 
12343 
12500 
12656 
15000 
12344 
12761 
12760 
11667 
10885 
9531 
9219 
9166 
9114 
9062 
9010 
9011 
8854 
8854 
9479 
8803 
8698 
8490 
8281 
8334 
8229 
8281 
8230 
8281 
8959 
8333 
8334 
8489 
8541 
8542 
8646 
8646 
8541 
8542 
9323 
8697 
8750 
8906 
9062 
9114 
9218 
14896 
9427 
9219 
10000 
9219 
9323 
9480 
9531 
9479 
9583 
9531 
9480 
9427 
10105 
9479 
9687 
9896 
10000 
9792 
9896 
9896 
9844 
9739 
10677 
9791 
9843 
10000 
9948 
10000 
10052 
10000 
9844 
9791 
10677 
9739 
9844 
9948 
10000 
9947 
10000 
9948 
9792 
9791 
10573 
9740 
9895 
10104 
10260 
10261 
10261 
10312 
10260 
10364 
14062 
10104 
10000 
10052 
10104 
10261 
10365 
10312 
10313 
10261 
11094 
10312 
10260 
10313 
10157 
10104 
10052 
10000 
9896 
9844 
10677 
10052 
10156 
10208 
10364 
10261 
10365 
10364 
10417 
10209 
11094 
10312 
10313 
10365 
10364 
10313 
10365 
10260 
10104 
10000 
10677 
9844 
9843 
10104 
10156 
10156 
10364 
10260 
10260 
10208 
11042 
10364 
10312 
10417 
10417 
10416 
10313 
10364 
10208 
10208 
11094 
10052 
9948 
10104 
10156 
10157 
9948 
9948 
10000 
10052 
11042 
10208 
10260 
10468 
10469 
10417 
10365 
10364 
10261 
10157 
10937 
10104 
10000 
9896 
10208 
10260 
10468 
10365 
10313 
10312 
11093 
10261 
10261 
10313 
10312 
10260 
10104 
10052 
10053 
10000 
10677 
10105 
10156 
10261 
10365 
10364 
10521 
10364 
10365 
10313 
11093 
10260 
10261 
10261 
10417 
10260 
10417 
10416 
10156 
10104 
10834 
9896 
9896 
10000 
10104 
10208 
10469 
10417 
10364 
10365 
11302 
10209 
10365 
10364 
10521 
10468 
10417 
10364 
10208 
10052 
10781 
10000 
10156 
10365 
10365 
10417 
10417 
10260 
10208 
9948 
10677 
10000 
10156 
10312 
10260 
10313 
10312 
10416 
10313 
10261 
11093 
10104 
10052 
10104 
10104 
10104 
10052 
10000 
10104 
10156 
11145 
10209 
10261 
10261 
10364 
10417 
10365 
10469 
10313 
10312 
11041 
10208 
10365 
10261 
10416 
10260 
10156 
10000 
9895 
9896 
10782 
10000 
10000 
10417 
10417 
10313 
10312 
10417 
10261 
10261 
10990 
10312 
10156 
15886 
10469 
10105 
10105 
10052 
10208 
10156 
11302 
10208 
10364 
10469 
10469 
10364 
10417 
10364 
10104 
9844 
10782 
9948 
10104 
10260 
10416 
10417 
10364 
10261 
10156 
9896 
10730 
9948 
10104 
10312 
10365 
10417 
10312 
10313 
10209 
9896 
13645 
10312 
10573 
10938 
10520 
10573 
10312 
10156 
10052 
10052 
11042 
10208 
10364 
10365 
10365 
10468 
10469 
10468 
10417 
10208 
10937 
10000 
10052 
10208 
10260 
10261 
10364 
10312 
10261 
10261 
10886 
10000 
9896 
10157 
10261 
10416 
10469 
10312 
10260 
10417 
11146 
10313 
10261 
10105 
10052 
10052 
10052 
10052 
9896 
9844 
10886 
10157 
10261 
10521 
10469 
10365 
10416 
10417 
10364 
10260 
11146 
10260 
10260 
10365 
10469 
10468 
10365 
10156 
10053 
9896 
10677 
9896 
9896 
10000 
10312 
10417 
10364 
10573 
10261 
10209 
11093 
10261 
10209 
10365 
10364 
10469 
10416 
10417 
10365 
10260 
10885 
10000 
9896 
10000 
10000 
10000 
9948 
10209 
10105 
10157 
10990 
10208 
10260 
10364 
10365 
10312 
10364 
10365 
10364 
10312 
10989 
10000 
9948 
10052 
10365 
10521 
10469 
10365 
10260 
10260 
11094 
10209 
10261 
10365 
10000 
10208 
10104 
9896 
9844 
12865 
11198 
10260 
10261 
10469 
10416 
10417 
10416 
10365 
10364 
10364 
11198 
10260 
10208 
10417 
10417 
10104 
10104 
9948 
10052 
9896 
10678 
10000 
10104 
10208 
10312 
10312 
10313 
10364 
10364 
10417 
11146 
10261 
10313 
10365 
10312 
10156 
10104 
10000 
10052 
12916 
11146 
10312 
10312 
10416 
10417 
10364 
10365 
10261 
10000 
9896 
10677 
9844 
9844 
10104 
10312 
10417 
10469 
10364 
10208 
10261 
11146 
10208 
10208 
10364 
10521 
10469 
10365 
10260 
10000 
9948 
10833 
10104 
10104 
10364 
10313 
10364 
10364 
10261 
10104 
9948 
10885 
10052 
10209 
10364 
10365 
10521 
10469 
10469 
10260 
15677 
11198 
10000 
9896 
9948 
10000 
9948 
9948 
10364 
10364 
10208 
11146 
10260 
10312 
10417 
10469 
10469 
10573 
10469 
10312 
10208 
10937 
10000 
9948 
10260 
10313 
10365 
10468 
10365 
10312 
10365 
11250 
10260 
10365 
10209 
10157 
10000 
10000 
10052 
9844 
9844 
10886 
10156 
10156 
10313 
10365 
10312 
10416 
10469 
10416 
10365 
11094 
10208 
10208 
10208 
10260 
10052 
10052 
10156 
10260 
10260 
11146 
10260 
10312 
10365 
10313 
10468 
10313 
10209 
9896 
10052 
10729 
9948 
9843 
10052 
10260 
10260 
10417 
10312 
10312 
10208 
11146 
10260 
10312 
10364 
10365 
10364 
10417 
10313 
10364 
10312 
10886 
10000 
9896 
9948 
10052 
10000 
10052 
10260 
10208 
10156 
11146 
10312 
10260 
10417 
10417 
10208 
10365 
23282 
11771 
10417 
11979 
10625 
10469 
10312 
10625 
10260 
9791 
9636 
9635 
9687 
10365 
9584 
9740 
10157 
10313 
10105 
10209 
10209 
10209 
10209 
11146 
10208 
10156 
10365 
10417 
10312 
10417 
10365 
10208 
10260 
11041 
10209 
10157 
10313 
10312 
10416 
10313 
10364 
10312 
10208 
10990 
10157 
10157 
10104 
9948 
10052 
10208 
10260 
10156 
10156 
11041 
10156 
10208 
10104 
10104 
9948 
10261 
10209 
10157 
10105 
11094 
10208 
10312 
10260 
10417 
10312 
10208 
9948 
9896 
9844 
10677 
9792 
9844 
10104 
10261 
10364 
10365 
10365 
10312 
10312 
11042 
10208 
10208 
10312 
10312 
10261 
10156 
10000 
9948 
9948 
10885 
10156 
10260 
10313 
10416 
10260 
10417 
10468 
10261 
10105 
10886 
10104 
9896 
9948 
10052 
9948 
10052 
10261 
10157 
10053 
11094 
10208 
10156 
10416 
10417 
10312 
10364 
10313 
10261 
10261 
10886 
9896 
9844 
10000 
10260 
10261 
10365 
10261 
10208 
10156 
10937 
10156 
10208 
10156 
10104 
9896 
9948 
9844 
9792 
9791 
10677 
10104 
10156 
10313 
10312 
15885 
10729 
10208 
10260 
10260 
10989 
10156 
10104 
10156 
10052 
10000 
10052 
10209 
10209 
10157 
11094 
10156 
10208 
10313 
10313 
10416 
10260 
10104 
9896 
9844 
10573 
9948 
9843 
10104 
10260 
10208 
10260 
10261 
10365 
10209 
11042 
10208 
10156 
10313 
10365 
10364 
10312 
10104 
9896 
9843 
10833 
10104 
10260 
10364 
10313 
10365 
10364 
10365 
10260 
10260 
10885 
9896 
9896 
10000 
10000 
9948 
10052 
10157 
10105 
10052 
10938 
10156 
10261 
10261 
10416 
10261 
10365 
10260 
10260 
10208 
10990 
9948 
9844 
10000 
10156 
10260 
10313 
10261 
10364 
10156 
10989 
10208 
10208 
10208 
10209 
10000 
10000 
9948 
9844 
9844 
10677 
10052 
10261 
10313 
10365 
10260 
10260 
10313 
10209 
13177 
11250 
10313 
10000 
10052 
10104 
9948 
10157 
10313 
10260 
10260 
11041 
10209 
10209 
10417 
10364 
10365 
10104 
10052 
9948 
9895 
10677 
9948 
10052 
10260 
10417 
10416 
10469 
10521 
10260 
10313 
11146 
10261 
10208 
10469 
10364 
10365 
10209 
10104 
9948 
10000 
10990 
10156 
10208 
10364 
10469 
10468 
10469 
10365 
10260 
10156 
10781 
9948 
9896 
10052 
9948 
10000 
10208 
10312 
10104 
10208 
11041 
10261 
10261 
10417 
10364 
10469 
10416 
10417 
10313 
10052 
10729 
10000 
9948 
10104 
10364 
10365 
10313 
10364 
25000 
12136 
11510 
10677 
10521 
10313 
9948 
9948 
9948 
9895 
10104 
10312 
11146 
10365 
10364 
10364 
10365 
10364 
10365 
10573 
10417 
10313 
11145 
10260 
10052 
10000 
10104 
10312 
10260 
10417 
10416 
10417 
11094 
10416 
10313 
10469 
10313 
10209 
10209 
10157 
10000 
10000 
10729 
10105 
10209 
10313 
10364 
10521 
10364 
10469 
10521 
10417 
11093 
10313 
10313 
10416 
10312 
10261 
10104 
10104 
10313 
10417 
11198 
10365 
10313 
10416 
13125 
10313 
10364 
10156 
9948 
9948 
10625 
15417 
10417 
10208 
10312 
10365 
10365 
10312 
10313 
10261 
11042 
10208 
10260 
10365 
10312 
10312 
10365 
10313 
10364 
10156 
10677 
9947 
9948 
9896 
9948 
9896 
10261 
10209 
10313 
10313 
10989 
10260 
10261 
10261 
10312 
10364 
10365 
10312 
10260 
10104 
10625 
9948 
10000 
10104 
10364 
10260 
10313 
10365 
10312 
10104 
10729 
9895 
10000 
10156 
10312 
10260 
10313 
10312 
10312 
10365 
11042 
10208 
10260 
10052 
10000 
9896 
9948 
9896 
10000 
9895 
10990 
10157 
10209 
10365 
10364 
10260 
10261 
10313 
10312 
10312 
10990 
10261 
10260 
10260 
10469 
10365 
10156 
10052 
9948 
9896 
10678 
9896 
9948 
10156 
10208 
10261 
10313 
10260 
10312 
10208 
10990 
10261 
10208 
10312 
10312 
10365 
10209 
10104 
10000 
9844 
10886 
10209 
10313 
10261 
10156 
10208 
10260 
10208 
10261 
10209 
10782 
10000 
9896 
9844 
10000 
9895 
10104 
10156 
10156 
10156 
11042 
10157 
10313 
10417 
10364 
10365 
10364 
10365 
10365 
10208 
10781 
9843 
9948 
10052 
10156 
10209 
10261 
10208 
10416 
10260 
11094 
10208 
10260 
10260 
10104 
9896 
9948 
9896 
9948 
9844 
10730 
10157 
10261 
10157 
10261 
10260 
10312 
10261 
10313 
10261 
11042 
10312 
10261 
10261 
10053 
9948 
10000 
10208 
10208 
10260 
10989 
10261 
10365 
10313 
10312 
10469 
10313 
10156 
9948 
9896 
10625 
9896 
9896 
9844 
10260 
10312 
10365 
10417 
10312 
10208 
11042 
10261 
10365 
10312 
10260 
10365 
10260 
10208 
10000 
9948 
10781 
10104 
10312 
10365 
10365 
10260 
10417 
10313 
10312 
10312 
10938 
10052 
9948 
9947 
9896 
9895 
9896 
10104 
10209 
10157 
11042 
10260 
10312 
10364 
10313 
10260 
10468 
10261 
10365 
10260 
10937 
10000 
9947 
9896 
10104 
10208 
10312 
10312 
10261 
10209 
11041 
10260 
10313 
10261 
10105 
10052 
10000 
14843 
24114 
14375 
12031 
11094 
10937 
10782 
10573 
10000 
9844 
9740 
9688 
9740 
10468 
10052 
10104 
10105 
10157 
10313 
10312 
10364 
10261 
10209 
10990 
10364 
10260 
10365 
10469 
10469 
10417 
10416 
10261 
10313 
10937 
10104 
10052 
10052 
10156 
10365 
10312 
10313 
10261 
10312 
11146 
10313 
10261 
10208 
10052 
10104 
10000 
10000 
9948 
9896 
10625 
10209 
10209 
10313 
10417 
10468 
10417 
10416 
10312 
10313 
11094 
10364 
10365 
10417 
10260 
10052 
10000 
10000 
10209 
10313 
11042 
10312 
10313 
10365 
10416 
10573 
10260 
10260 
10104 
10000 
10781 
10157 
10261 
10261 
10313 
10416 
10313 
10261 
10105 
10000 
10781 
10156 
10208 
10416 
10312 
10313 
10364 
10312 
10365 
10364 
11094 
10000 
10052 
10104 
10053 
10052 
9948 
10052 
10313 
10260 
11041 
10365 
10365 
10364 
10364 
10417 
10364 
10521 
10312 
10416 
11094 
10312 
10364 
10365 
10260 
10260 
10052 
10052 
10052 
10000 
10625 
10104 
10313 
10365 
10469 
10469 
10364 
10364 
10261 
10417 
11146 
10365 
10312 
10260 
10260 
10052 
10104 
10208 
10208 
10260 
10990 
10313 
10364 
10312 
10365 
10469 
10469 
10209 
10104 
10052 
10677 
9896 
9896 
10000 
10157 
10313 
10364 
10365 
10313 
10364 
11042 
10313 
10365 
10364 
10365 
10468 
10365 
10469 
10104 
10052 
10729 
10104 
10260 
10417 
10365 
10364 
10417 
10416 
10312 
10365 
11094 
10104 
10052 
10157 
9948 
10000 
10053 
10052 
10208 
10312 
10990 
10312 
10416 
10365 
10469 
10521 
10364 
10469 
10417 
10469 
11146 
10208 
10104 
10052 
10052 
10261 
10209 
10417 
10417 
10209 
11146 
10260 
10417 
10313 
10364 
10156 
10052 
10104 
10104 
10260 
11041 
10365 
10209 
10364 
10260 
10208 
10156 
10312 
10208 
10260 
11094 
10312 
10364 
10469 
10416 
10417 
10312 
10260 
10104 
10052 
10625 
9948 
9948 
16146 
10469 
10312 
10521 
10364 
10469 
10468 
11146 
10417 
10364 
10469 
10572 
10417 
10416 
10261 
10104 
10052 
10781 
10208 
10365 
10469 
10364 
10521 
10417 
10365 
10416 
10417 
10990 
10104 
10105 
9948 
9948 
10000 
9948 
10157 
10313 
10468 
11146 
10313 
10416 
10417 
10416 
10417 
10365 
10364 
10365 
10312 
11041 
10104 
10000 
10000 
10260 
10313 
10364 
10260 
10469 
10417 
11146 
10365 
10312 
10312 
10209 
10209 
10052 
10000 
10000 
9948 
10833 
10260 
10208 
10261 
10365 
10364 
10469 
24739 
13959 
10573 
11094 
10261 
9896 
9948 
10000 
9896 
9895 
10000 
10208 
10156 
10989 
10365 
10313 
10365 
10364 
10417 
10312 
10469 
10417 
10364 
11042 
10365 
10364 
10521 
10105 
10104 
10052 
10156 
10312 
10312 
11094 
10312 
10364 
10469 
10260 
10052 
10053 
10000 
10208 
10365 
11094 
10312 
10365 
10417 
10416 
10417 
10468 
10365 
10261 
10052 
10677 
10156 
10312 
10312 
10365 
10417 
10573 
10364 
10104 
10052 
10781 
10104 
10261 
10312 
10260 
10365 
10312 
10416 
10365 
10313 
11041 
10208 
10000 
10000 
10104 
10000 
10000 
10105 
13021 
10469 
11146 
10365 
10365 
10312 
10365 
10417 
10520 
10417 
10260 
10260 
11094 
10261 
10208 
10104 
10052 
10104 
10000 
10052 
9896 
10000 
10937 
10312 
10312 
10417 
10417 
10312 
10417 
10312 
10469 
10313 
11094 
10208 
10365 
10313 
10416 
10417 
10157 
10105 
10000 
9948 
10625 
9896 
9948 
10208 
10261 
10313 
10312 
10469 
10313 
10313 
11093 
10313 
10365 
10365 
10417 
10469 
10208 
10104 
10000 
10052 
10938 
10209 
10313 
10313 
10312 
10365 
10364 
10364 
10365 
10313 
10938 
9948 
10052 
10208 
10365 
10365 
10312 
10365 
10365 
10208 
10729 
10000 
10052 
10156 
10313 
10313 
10416 
10365 
10416 
10364 
11146 
10260 
10260 
10208 
10104 
10052 
10000 
9948 
9948 
15365 
11354 
10365 
10313 
10313 
10416 
10365 
10364 
10365 
10313 
10312 
11094 
10313 
10364 
10364 
10365 
10364 
10208 
10052 
10052 
9948 
10625 
9947 
9948 
10260 
10364 
10417 
10469 
10365 
10365 
10364 
11094 
10209 
10364 
10417 
10313 
10468 
10417 
10365 
10312 
10052 
10677 
9896 
9948 
9948 
9948 
9896 
10156 
10260 
10365 
10313 
11042 
10208 
10364 
10313 
10313 
10364 
10312 
10261 
10313 
10156 
10677 
10000 
9948 
10104 
10260 
10208 
10365 
10365 
10364 
10208 
11042 
10261 
10312 
10156 
10052 
10053 
10000 
10000 
9895 
9948 
10885 
10156 
10208 
10312 
10365 
10417 
10364 
10313 
10312 
10260 
11041 
10261 
10261 
10260 
10468 
10313 
10209 
10052 
9948 
9948 
10677 
9948 
9896 
10156 
10208 
10208 
10313 
10313 
10312 
10208 
11041 
10261 
10261 
10416 
10417 
10365 
10208 
10052 
10000 
9896 
10885 
10260 
10312 
10312 
10417 
10364 
10365 
10312 
10416 
10260 
10781 
9896 
10000 
10000 
10000 
9948 
10208 
10260 
10208 
10209 
11094 
10364 
10312 
10260 
10469 
24219 
11302 
10729 
10781 
10469 
11094 
9948 
9844 
9948 
9948 
10157 
10156 
10312 
10364 
10365 
11042 
10312 
10365 
10365 
10364 
10365 
10365 
10573 
10365 
10469 
11146 
10208 
10156 
10104 
10156 
10104 
10000 
10104 
10000 
10208 
11041 
10365 
10365 
10364 
10417 
10417 
10312 
10417 
10364 
10312 
11094 
10364 
10312 
10365 
10416 
10313 
10104 
10000 
10052 
9948 
10677 
9948 
10157 
10313 
10468 
10469 
10416 
10521 
10364 
10364 
11146 
10416 
10365 
10313 
10416 
10469 
10416 
10417 
10260 
10000 
10730 
10052 
9948 
10000 
9948 
10052 
10261 
10364 
10365 
10313 
11145 
10365 
10365 
10312 
10365 
10417 
10312 
10313 
10312 
10052 
10678 
10000 
10208 
10364 
10260 
10365 
10260 
10260 
10313 
10365 
11197 
10313 
10105 
10156 
9948 
15833 
10521 
10313 
10365 
10156 
11145 
10104 
10000 
10000 
10052 
10104 
10209 
10209 
10313 
10312 
11041 
10313 
10261 
10365 
10364 
10208 
10000 
10052 
9895 
9896 
10625 
10052 
10156 
10208 
10312 
10365 
10417 
10364 
10365 
10260 
11145 
10417 
10364 
10364 
10521 
10469 
10417 
10416 
10156 
10052 
10677 
9948 
9948 
9844 
10052 
10104 
10260 
10364 
13125 
10365 
11302 
10260 
10312 
10416 
10469 
10416 
10365 
10365 
10312 
10208 
10833 
10000 
9895 
9896 
9947 
10052 
9948 
10157 
10261 
10313 
11041 
10313 
10313 
10416 
10365 
10313 
10364 
10365 
10417 
10208 
10937 
10104 
10000 
10104 
10365 
10365 
10364 
10365 
10365 
10312 
11146 
10313 
10312 
10208 
10156 
10104 
10208 
10052 
9948 
9896 
10782 
10209 
10313 
10209 
10416 
10313 
10313 
10312 
10417 
10313 
11041 
10312 
10313 
10417 
10364 
10469 
10364 
10156 
10000 
9948 
10781 
9896 
9896 
10156 
10312 
10208 
10261 
10313 
10313 
10312 
10990 
10417 
10312 
10364 
10469 
10364 
10365 
10209 
10052 
9948 
10833 
10208 
10312 
10260 
10469 
10416 
10469 
10312 
10365 
10313 
13385 
10052 
9948 
10000 
10052 
10052 
10208 
10312 
10313 
10365 
11041 
10365 
10313 
10416 
10417 
10417 
10469 
10313 
10260 
10000 
10730 
9948 
10156 
10208 
10312 
10365 
10417 
10417 
10365 
10313 
10989 
10261 
10104 
10052 
9948 
10052 
9948 
10000 
9896 
10104 
10989 
10260 
10260 
10313 
10469 
10469 
10313 
10364 
10313 
10313 
11042 
10312 
10156 
10104 
10104 
10157 
10261 
10312 
10260 
10364 
11094 
10312 
10260 
12760 
10313 
10261 
10104 
10052 
10052 
9896 
10834 
10209 
10261 
10416 
10417 
10469 
10365 
10521 
10364 
10313 
11146 
10417 
10365 
10364 
10312 
10208 
10104 
10156 
10417 
10365 
11094 
10365 
10261 
10365 
10416 
10417 
10416 
10260 
10156 
10000 
10729 
15886 
10208 
10000 
10312 
10312 
10365 
10416 
10365 
10313 
11093 
10365 
10365 
10364 
10417 
10416 
10365 
10365 
10468 
10313 
10990 
10053 
10000 
10104 
10052 
10000 
10000 
10312 
10312 
10313 
11042 
10312 
10260 
10312 
10417 
10312 
10469 
10416 
10469 
10313 
10885 
9948 
10105 
10208 
10313 
10261 
10416 
10365 
10313 
10364 
11094 
10313 
10365 
10208 
10260 
10104 
10000 
10104 
10000 
9948 
10886 
10209 
10261 
10417 
10364 
10365 
10364 
10365 
10313 
10365 
11041 
10313 
10313 
10260 
10208 
10000 
10053 
10104 
10261 
10261 
11093 
10312 
10313 
10365 
10364 
10365 
10417 
10052 
10000 
9948 
10729 
10208 
10208 
10312 
10313 
10313 
10364 
10156 
10104 
10052 
10730 
10209 
10313 
10364 
10417 
10365 
10416 
10417 
10312 
10312 
11094 
10157 
9948 
10000 
10105 
9896 
10000 
10105 
10261 
10261 
10990 
10364 
10313 
10365 
10364 
10365 
10416 
10417 
10365 
10312 
11042 
10313 
10312 
10312 
10156 
10052 
9948 
10000 
9948 
9895 
10781 
10156 
10260 
10364 
10365 
10417 
10312 
10417 
10364 
10260 
11146 
10260 
10312 
10312 
10365 
10364 
10416 
10209 
10104 
10000 
10677 
9948 
9948 
9948 
10208 
10208 
10313 
10312 
10364 
10313 
11094 
10156 
10312 
10364 
10365 
10260 
10364 
10208 
10104 
9896 
10677 
10104 
10312 
10260 
10417 
10364 
10365 
10417 
10364 
10260 
11042 
10000 
10104 
10052 
10000 
10000 
10052 
10000 
10312 
10312 
11042 
10313 
10416 
10313 
10417 
10364 
10365 
12917 
10469 
10364 
11146 
10416 
10208 
10208 
10156 
10000 
9948 
10052 
9948 
10157 
10990 
10208 
10260 
10364 
10365 
10365 
10364 
10365 
10365 
10260 
11094 
10313 
10313 
10416 
10365 
10365 
10156 
10052 
10000 
9948 
10678 
9896 
10000 
10156 
10261 
10365 
10260 
10312 
10261 
10313 
10989 
10365 
10313 
10313 
10312 
10417 
10313 
15937 
10521 
10104 
10781 
9948 
10000 
9896 
9948 
10052 
10208 
10312 
10313 
10313 
11042 
10260 
10364 
10365 
10260 
10364 
10469 
10416 
10313 
10157 
10781 
9896 
10156 
10261 
10364 
10469 
10313 
10416 
10365 
10365 
11094 
22500 
11562 
10104 
10156 
10156 
10261 
10260 
10364 
10312 
11094 
10104 
10000 
10000 
10208 
10208 
10313 
10365 
10312 
10312 
11094 
10312 
10312 
10260 
10313 
10209 
10052 
10052 
10000 
9844 
10625 
9948 
10052 
10312 
10417 
10416 
10417 
10469 
10260 
10261 
11042 
10208 
10364 
10365 
10365 
10416 
10417 
10260 
10104 
10052 
10677 
9896 
9948 
10000 
10000 
10104 
10417 
10312 
10312 
10261 
10990 
10208 
10312 
10312 
10417 
10416 
10365 
10364 
10260 
10104 
10677 
10000 
10261 
10313 
10365 
10468 
10521 
10416 
10365 
10365 
11145 
10208 
10104 
10000 
10208 
10364 
10469 
10365 
10313 
10156 
11041 
10156 
9948 
10105 
10156 
10313 
10417 
10364 
10260 
10312 
11094 
10364 
10312 
10417 
10313 
10104 
10104 
10052 
10156 
10104 
10938 
10209 
10313 
10365 
10312 
10365 
10364 
10417 
10104 
10000 
10729 
9895 
9948 
10000 
10000 
10260 
10312 
10261 
10365 
10260 
11198 
10313 
10313 
10364 
10469 
10416 
10312 
10365 
10312 
10260 
11093 
10104 
10052 
9948 
10052 
10000 
9896 
10000 
10104 
10156 
10937 
10260 
10261 
10365 
10469 
10313 
10365 
10312 
10312 
10313 
11094 
10364 
10313 
10365 
10364 
10156 
10156 
10000 
9948 
9896 
10677 
9896 
10052 
10209 
10416 
10365 
10417 
10364 
10365 
10365 
10989 
10260 
10313 
10365 
10364 
10313 
10104 
10000 
10104 
10156 
11042 
10208 
10365 
10365 
10416 
10469 
10468 
10365 
10261 
10052 
10625 
12656 
10000 
10261 
10209 
10209 
10364 
10312 
10313 
10313 
11093 
10312 
10260 
10313 
10364 
10417 
10365 
10156 
10052 
9896 
10729 
10156 
10208 
16146 
10573 
10416 
10365 
10365 
10312 
10208 
10781 
9896 
10573 
10000 
10053 
9948 
10104 
10260 
10260 
10261 
11094 
10260 
10365 
10365 
10364 
10365 
10365 
10364 
10313 
10209 
10730 
9896 
9896 
10209 
10417 
10468 
10365 
10365 
10312 
10365 
11042 
10260 
10260 
10156 
10208 
10052 
10052 
9948 
9948 
9948 
11042 
10313 
10365 
10261 
10364 
10417 
10417 
10364 
10365 
10260 
11041 
10313 
10313 
10260 
10521 
10417 
10260 
10104 
10052 
9896 
10625 
9895 
10000 
10209 
10364 
10312 
10365 
10364 
10469 
10313 
11041 
10312 
10260 
10365 
10364 
10469 
10313 
10156 
9948 
9948 
10885 
10156 
10208 
10208 
10364 
10313 
10312 
10156 
10052 
9948 
10938 
10157 
10261 
10365 
10260 
10417 
10365 
13021 
10313 
21927 
12500 
10261 
10313 
10364 
10521 
10469 
10417 
10208 
10104 
10052 
10938 
10261 
10312 
10312 
10573 
10364 
10521 
10312 
10312 
10313 
10886 
10000 
9948 
9896 
10000 
9896 
10053 
10156 
10261 
10261 
11146 
10364 
10365 
10417 
10364 
10469 
10469 
10260 
10521 
10364 
11146 
10260 
10260 
10364 
10208 
10104 
10052 
9896 
10156 
9948 
10677 
10261 
10260 
10260 
10417 
10469 
10364 
10365 
10312 
10365 
11094 
10312 
10417 
10365 
10468 
10469 
11354 
10260 
10104 
10052 
10782 
9896 
9948 
9948 
10156 
10364 
10365 
10312 
10469 
10365 
11198 
10365 
10365 
10416 
10417 
10416 
10312 
10261 
10104 
9948 
10781 
10208 
10313 
10364 
10417 
10416 
10469 
10365 
10416 
10417 
10990 
10156 
9947 
10052 
10000 
10000 
9948 
10104 
10260 
10260 
11146 
10365 
10364 
10417 
10417 
10364 
10469 
10312 
10417 
10313 
11041 
10313 
10313 
10312 
10156 
10104 
10156 
10052 
10052 
9948 
10729 
10208 
10261 
10312 
10417 
10261 
10416 
10312 
10417 
10312 
11094 
10417 
10312 
10365 
10417 
10468 
10417 
10260 
10052 
15365 
10990 
9947 
10000 
10157 
10313 
10312 
10416 
10313 
10313 
10312 
11042 
10313 
10365 
10416 
10365 
10416 
10313 
10209 
10053 
9948 
10885 
10208 
10260 
10365 
10417 
10312 
10365 
10416 
10365 
10313 
10834 
9947 
10052 
10104 
10312 
10260 
10365 
10261 
10364 
10312 
11146 
10312 
10312 
10208 
10052 
10000 
10000 
9948 
10052 
10000 
10729 
10260 
10365 
10365 
10364 
10417 
10417 
10260 
10365 
10313 
11042 
10260 
10469 
10208 
10052 
10000 
10052 
10312 
10313 
10365 
11146 
10312 
10313 
10365 
10416 
10469 
10208 
10156 
10104 
9948 
10625 
9896 
9948 
10104 
10365 
10313 
10364 
10364 
10365 
10938 
11041 
10365 
10313 
10312 
10364 
10365 
10365 
10469 
10417 
10312 
10885 
9948 
10000 
10052 
10104 
9948 
10000 
10156 
10156 
10260 
10990 
10313 
10365 
10312 
10365 
10365 
10364 
10365 
10313 
10260 
10885 
10000 
10052 
9948 
10208 
10260 
10313 
10260 
10364 
10313 
11094 
10312 
10312 
10260 
10104 
10000 
10052 
10208 
10312 
10208 
11042 
10261 
10365 
10312 
10156 
10104 
10104 
10208 
10312 
10260 
11094 
10313 
10312 
10364 
10365 
10260 
10365 
10261 
10104 
9948 
10781 
9948 
10000 
10052 
10313 
10312 
10417 
10417 
10416 
10313 
11146 
10312 
10365 
10313 
10468 
10365 
10364 
10417 
10365 
10364 
22812 
11302 
10260 
10104 
10104 
10052 
10261 
10416 
10417 
10469 
11354 
10416 
10365 
10469 
10521 
10520 
10521 
10520 
10417 
10156 
10729 
10000 
10104 
10364 
10312 
10469 
10416 
10469 
10416 
10156 
10729 
10000 
10052 
10312 
10313 
10520 
10417 
10469 
10312 
10365 
11146 
10312 
10156 
10104 
10104 
10052 
10209 
10260 
10312 
10365 
11094 
10364 
10156 
10104 
10156 
10156 
10260 
10312 
10313 
10417 
11198 
10313 
10312 
10312 
10365 
10365 
10156 
10208 
9895 
10104 
10937 
10260 
10261 
10313 
10364 
15625 
10417 
12604 
10312 
10312 
11146 
10312 
10312 
10313 
10365 
10416 
10417 
10261 
10104 
10000 
10677 
9948 
9948 
10000 
10052 
10365 
10313 
10416 
10313 
10312 
11041 
10260 
10209 
10365 
10416 
10469 
10416 
10312 
10313 
10313 
10885 
9948 
9948 
10000 
10000 
10052 
9896 
10053 
10261 
10313 
10886 
10313 
10312 
10417 
10469 
10416 
10417 
10416 
10365 
10365 
10937 
10104 
12708 
10312 
10365 
10416 
10365 
10417 
10364 
10417 
11094 
10312 
10208 
10260 
10156 
10156 
10261 
10417 
10416 
10417 
11094 
10365 
10209 
10104 
10052 
10104 
10260 
10313 
10365 
10416 
11198 
10312 
10416 
10469 
10417 
10260 
10260 
10156 
10052 
10208 
10885 
10260 
10260 
10364 
10365 
10364 
10156 
10104 
10052 
10157 
10938 
10312 
10312 
10312 
10365 
10364 
10365 
10365 
10364 
10208 
10781 
10000 
10052 
9948 
9948 
10157 
10313 
10364 
10417 
10365 
11094 
10417 
10365 
10364 
10417 
10469 
10312 
10313 
10313 
10312 
10989 
10365 
10105 
10104 
10052 
10000 
9948 
9948 
9948 
10052 
10885 
10156 
10365 
10365 
10416 
10521 
10416 
10469 
10365 
10364 
11042 
10365 
10312 
10261 
10417 
10364 
10261 
10104 
9948 
9843 
10625 
9843 
10052 
10104 
10260 
10364 
10365 
10364 
10364 
10313 
10990 
10416 
10312 
10365 
10364 
10312 
10052 
10260 
10000 
10000 
10938 
10313 
10260 
10364 
10313 
10417 
10364 
10261 
10417 
10208 
10729 
9895 
10052 
10156 
10416 
10365 
10417 
10312 
10365 
10157 
10729 
9948 
9947 
10208 
10260 
10417 
10260 
10364 
10313 
10313 
11094 
10365 
10157 
10209 
10104 
10000 
10156 
10260 
10260 
10313 
10990 
10260 
10208 
10156 
10104 
10104 
10261 
10261 
10312 
10521 
11094 
10260 
10312 
10365 
10365 
10416 
10261 
10104 
10000 
9948 
10677 
9948 
9895 
10156 
10417 
10365 
10416 
10417 
22916 
11719 
11302 
16302 
10573 
10365 
10521 
10417 
10469 
10417 
10313 
10053 
10781 
9948 
10000 
9896 
10104 
10260 
10312 
10365 
10364 
10364 
11146 
10364 
10417 
10365 
10416 
10313 
10365 
10260 
10156 
10000 
10730 
10052 
10260 
10313 
10365 
10364 
10365 
10313 
10364 
10313 
11146 
10208 
10052 
10105 
10209 
10157 
10417 
10312 
10365 
10313 
11093 
10156 
10156 
10052 
10052 
10209 
10260 
10312 
10417 
10312 
11145 
10365 
10364 
10364 
10313 
10157 
10052 
10000 
10156 
10260 
11042 
10417 
10312 
10312 
10261 
10209 
10000 
10052 
10156 
10260 
11042 
10261 
10365 
10364 
10469 
10468 
10313 
10313 
10104 
10000 
10677 
10000 
10000 
10104 
10156 
10260 
10365 
10313 
10312 
10365 
11042 
10364 
10365 
10365 
10364 
10312 
10365 
10468 
10365 
10313 
11093 
10208 
10104 
9948 
10157 
10261 
10417 
10364 
10313 
10313 
11094 
10104 
10052 
9948 
10156 
10312 
10313 
10469 
10312 
10260 
11094 
10313 
10312 
10260 
10261 
10157 
10052 
10625 
10104 
9948 
10729 
10052 
10260 
10416 
10364 
10417 
10468 
10417 
10416 
10312 
11094 
10416 
10364 
10469 
10468 
10417 
12709 
10156 
10000 
9948 
10886 
10157 
10417 
10364 
10365 
10417 
10156 
10052 
10052 
9896 
10833 
10261 
10365 
10260 
10364 
10417 
10468 
10313 
10365 
10260 
10937 
10000 
10000 
10156 
10365 
10261 
10312 
10312 
10365 
10312 
10989 
10260 
10365 
10157 
10052 
10104 
10052 
9948 
10000 
10000 
10938 
10156 
10260 
10312 
10417 
10365 
10469 
10365 
10416 
10313 
11094 
10312 
10312 
10208 
10104 
10000 
10000 
10104 
10313 
10364 
11146 
10312 
10312 
10312 
10417 
10416 
10365 
10156 
9948 
10052 
10782 
10157 
10313 
10364 
10313 
10313 
10312 
10104 
10052 
10052 
10885 
10261 
10261 
10209 
10312 
10417 
10417 
10416 
10365 
10261 
10833 
10052 
10000 
10156 
10312 
10312 
10417 
16302 
10573 
10260 
10781 
9948 
10000 
10104 
10417 
10417 
10364 
10521 
10417 
10365 
11094 
10365 
10261 
10157 
10209 
10105 
10261 
10313 
10364 
10364 
11042 
10312 
10260 
10052 
10104 
10000 
10260 
10261 
10365 
10261 
11041 
10312 
10365 
10365 
10468 
10365 
10156 
10000 
10052 
9948 
10678 
9896 
10000 
10104 
10312 
10261 
10365 
10260 
10469 
10364 
11042 
10261 
10313 
10364 
10417 
10313 
10364 
10313 
10417 
10260 
10885 
10104 
9896 
10000 
9895 
10000 
10156 
23020 
11511 
10260 
11406 
10364 
10365 
10365 
10521 
10313 
10364 
10312 
10261 
10052 
10781 
10000 
10261 
10365 
10364 
10313 
10313 
10260 
10364 
10313 
11146 
10312 
10156 
10104 
10052 
10157 
10261 
10260 
10312 
10312 
11042 
10260 
10052 
10052 
10052 
10260 
10208 
10260 
10365 
10260 
11093 
10313 
10313 
10364 
10364 
10313 
10104 
10052 
9896 
9895 
10677 
10000 
10209 
10209 
10416 
10365 
10313 
10364 
10312 
10313 
11042 
10260 
13020 
10573 
10469 
10313 
10260 
10156 
10052 
10000 
10625 
9948 
9947 
10052 
10156 
10364 
10365 
10364 
10313 
10261 
11042 
10312 
10260 
10313 
10417 
10469 
10469 
10312 
10052 
9948 
10834 
10208 
10313 
10365 
10365 
10468 
10365 
10364 
10365 
10313 
10833 
10000 
10000 
10000 
10105 
10261 
10312 
10365 
10313 
10312 
10833 
10052 
9948 
9948 
10104 
10364 
10313 
10364 
10364 
10312 
11094 
10260 
10312 
10260 
10104 
9948 
10000 
10000 
9948 
9843 
10625 
10104 
10104 
10261 
10312 
10469 
10365 
10364 
10313 
10312 
11041 
10365 
10313 
10312 
10469 
10416 
10417 
10209 
10000 
9896 
10625 
9896 
9948 
9948 
10104 
10312 
10260 
10208 
10313 
10261 
10989 
10260 
10260 
10261 
10209 
10365 
10312 
10365 
10313 
10260 
10937 
10052 
9948 
9948 
10052 
10000 
10000 
10208 
10208 
10260 
11042 
10261 
10313 
15937 
10729 
10416 
10312 
10313 
10364 
10312 
11146 
10312 
10364 
10313 
10209 
10053 
10052 
10000 
10000 
9896 
10729 
10052 
10208 
10312 
10417 
10365 
10416 
10469 
10364 
10312 
11042 
10260 
10312 
10312 
10156 
10052 
10000 
10209 
10208 
10260 
11041 
10208 
10261 
10313 
10417 
10365 
10417 
10260 
10052 
10000 
10729 
10208 
10364 
10364 
10417 
10416 
12760 
10260 
10104 
10157 
10938 
10416 
10416 
10417 
10416 
10365 
10417 
10260 
10312 
10156 
10781 
9948 
9896 
10000 
10156 
10104 
10312 
10156 
10313 
10313 
11145 
10313 
10365 
10468 
10417 
10416 
10417 
10313 
10312 
10260 
10990 
10365 
10156 
10000 
10052 
10052 
10104 
9843 
10000 
10052 
10990 
10312 
10313 
10365 
10365 
10312 
10313 
10313 
10468 
10313 
11094 
10312 
10260 
10208 
10052 
10104 
10260 
10312 
10417 
10312 
10989 
10365 
10313 
10417 
10365 
10417 
10156 
10052 
10000 
9896 
10677 
9948 
10000 
10156 
10313 
10417 
10365 
10365 
10364 
10312 
11146 
10416 
10313 
10417 
10416 
23073 
11094 
10157 
10313 
10313 
11197 
10260 
10365 
10261 
10416 
10469 
10416 
10208 
10208 
9896 
10573 
9896 
9948 
9948 
10105 
10365 
10312 
10260 
10260 
10313 
11042 
10260 
10312 
10313 
10313 
10312 
10364 
10313 
10208 
9895 
10729 
10000 
10156 
10208 
10416 
10261 
10261 
10209 
10312 
10312 
11042 
10261 
10053 
10000 
9948 
9896 
9896 
9948 
10000 
10208 
10989 
10260 
10208 
10365 
10364 
10573 
10416 
10365 
10365 
10208 
11041 
10156 
10052 
9948 
10000 
10260 
10261 
10313 
10312 
10312 
11042 
10312 
10312 
10416 
10417 
10156 
10104 
10053 
9896 
9895 
10677 
10052 
10209 
10157 
10312 
10364 
10365 
10417 
10365 
10261 
11042 
10364 
10313 
10261 
10417 
10052 
10104 
10052 
9948 
10104 
11041 
10209 
10261 
10365 
10312 
10365 
10365 
10312 
10260 
15625 
11042 
9896 
9896 
10000 
10104 
10208 
10312 
10417 
10364 
10260 
11042 
10365 
10416 
10417 
10364 
10417 
10364 
10469 
10364 
10417 
11146 
10104 
10260 
10105 
10105 
10000 
10104 
10000 
10156 
10104 
11042 
10260 
10312 
10312 
10469 
10416 
10469 
10364 
10365 
10365 
11146 
10156 
10104 
10000 
10157 
10209 
10260 
10260 
10260 
10313 
11094 
10312 
10313 
10417 
10364 
10156 
10052 
10104 
10000 
9948 
10625 
10052 
10104 
10312 
10313 
10312 
10364 
10469 
10416 
10260 
11146 
10364 
10260 
10208 
10313 
10365 
10364 
10313 
10209 
10000 
10677 
9947 
9896 
9948 
9948 
10052 
10260 
10312 
10365 
10365 
11145 
10417 
10417 
10416 
10469 
10416 
10469 
10416 
10417 
10313 
11041 
10208 
10052 
10052 
10052 
10052 
9948 
9896 
10000 
10208 
10989 
10260 
10260 
10260 
10521 
10416 
10365 
10260 
10312 
10312 
11094 
10261 
10208 
10416 
10469 
10104 
10105 
10052 
10000 
9791 
10573 
9896 
10156 
10208 
10260 
10313 
10313 
10364 
10417 
10313 
11093 
10365 
10313 
10312 
10365 
10417 
10312 
10364 
10261 
10052 
10729 
9896 
10000 
10000 
9948 
10208 
10260 
10313 
10364 
10312 
11094 
10365 
10312 
10313 
10365 
10364 
10417 
10313 
10364 
10260 
10990 
10261 
10052 
9896 
10104 
9948 
10000 
9896 
9844 
10104 
11041 
10260 
10313 
10313 
10364 
10260 
10313 
10261 
10364 
10364 
11042 
10260 
10156 
10104 
10053 
10156 
10312 
10209 
10209 
10209 
11094 
10208 
10312 
10312 
10469 
12552 
10105 
10157 
10157 
10261 
11094 
10364 
10365 
10313 
24792 
10781 
10312 
10260 
9896 
9895 
10625 
10052 
10261 
10261 
10261 
10365 
10312 
10469 
10260 
10312 
11042 
10313 
10312 
10312 
10417 
10468 
10417 
10365 
10104 
9948 
10677 
9948 
9948 
9948 
10104 
10312 
10313 
10313 
10312 
10260 
11094 
10364 
10312 
10312 
10313 
16303 
10625 
10417 
10417 
10365 
11146 
10156 
10052 
10000 
10052 
10000 
10000 
10053 
10209 
10313 
11041 
10208 
10313 
10365 
10312 
10469 
10364 
10208 
10417 
10313 
11094 
10365 
10313 
10469 
10260 
10104 
10052 
10000 
10000 
9948 
10625 
10104 
10156 
10156 
10417 
10364 
10416 
10261 
10417 
10208 
10989 
10469 
10364 
10365 
10261 
10105 
9948 
10104 
10208 
10208 
11145 
10365 
10365 
10416 
10469 
10416 
10313 
10313 
10052 
9896 
10677 
10104 
10313 
10208 
10416 
10313 
10417 
10364 
10052 
10000 
10730 
10157 
10313 
10365 
10364 
10365 
10365 
10469 
10417 
10312 
10990 
10156 
10052 
9948 
10053 
10052 
10052 
10052 
10104 
10261 
11042 
10208 
10365 
10209 
10417 
10416 
10365 
10364 
10417 
10365 
11041 
10260 
10365 
10313 
10208 
10052 
10104 
10000 
10052 
9844 
10677 
10052 
10156 
10261 
10260 
10416 
10365 
10364 
10312 
10261 
11094 
10312 
10365 
10365 
10312 
10208 
10156 
10000 
10209 
10209 
11041 
10364 
10365 
10313 
10364 
10365 
10417 
10208 
10156 
10052 
10677 
10104 
10208 
10261 
10417 
10416 
10365 
10365 
10364 
10312 
11146 
10156 
10104 
10105 
10052 
10000 
9948 
9948 
10104 
10156 
10937 
10156 
10365 
10365 
10417 
10417 
10365 
10416 
10417 
10312 
11146 
10313 
10260 
10260 
10364 
10156 
9948 
10052 
9948 
9896 
10625 
10052 
10104 
10208 
10364 
10261 
10416 
10417 
10313 
10260 
10989 
10313 
10261 
10365 
10364 
10052 
10208 
10000 
10105 
10209 
10990 
10208 
10260 
10364 
10313 
10313 
10416 
10365 
10365 
10104 
10782 
9948 
9896 
10000 
10052 
10156 
10260 
10312 
10365 
10261 
10990 
10208 
10260 
10312 
10417 
10468 
10365 
10364 
10208 
10000 
10730 
10000 
10208 
10208 
10312 
10313 
10313 
10312 
10417 
10469 
11042 
10209 
9948 
10000 
10053 
10156 
10261 
10261 
10313 
10260 
11094 
15521 
10260 
10000 
10209 
10209 
10261 
10312 
10312 
10261 
11146 
10312 
10365 
10365 
10416 
10208 
10156 
10000 
10000 
10000 
10625 
10105 
10313 
10261 
10365 
10364 
10417 
10417 
10312 
10260 
11094 
10364 
10365 
10313 
10416 
23073 
11302 
10312 
10312 
9948 
10781 
9844 
9948 
10104 
10261 
10365 
10416 
10521 
10364 
10312 
11094 
10260 
10312 
10417 
10365 
10364 
10469 
10156 
10052 
9948 
10729 
10208 
10312 
10365 
10365 
10364 
10469 
10416 
10313 
10261 
10990 
10052 
10000 
9948 
9896 
9896 
10000 
10000 
10312 
10208 
10990 
10260 
10312 
10417 
10313 
10364 
10469 
10416 
10417 
10313 
11041 
10156 
9895 
10000 
10208 
10312 
10365 
10364 
10365 
10313 
11042 
10260 
10365 
10313 
10157 
12656 
10313 
10313 
10208 
10208 
11042 
10365 
10105 
10000 
9948 
10052 
10261 
10365 
10364 
10312 
11042 
10260 
10416 
10313 
10261 
10208 
10052 
10052 
9948 
10000 
10573 
9896 
10052 
10260 
10365 
10365 
10312 
10313 
10261 
10261 
11041 
10260 
10313 
10365 
10312 
10365 
10417 
10364 
10313 
10156 
10729 
9948 
9948 
9948 
9896 
10000 
10364 
10469 
10365 
10312 
11041 
10261 
10261 
10365 
10364 
10313 
10313 
10416 
10313 
10209 
10677 
10000 
10157 
10209 
10312 
10417 
10417 
10468 
10365 
10157 
10730 
10000 
10104 
10260 
10208 
10365 
10365 
10260 
10312 
10208 
11094 
10260 
10208 
10052 
10000 
10052 
9896 
9948 
10000 
10052 
10833 
10209 
10313 
10365 
10312 
10364 
10365 
10364 
10313 
10313 
10937 
10260 
10260 
10208 
10104 
10104 
10208 
10364 
10313 
10365 
11093 
10313 
10313 
10313 
10364 
10365 
10261 
10105 
10052 
10000 
10625 
9844 
9896 
10156 
10312 
10312 
10313 
10417 
10417 
10313 
11094 
10260 
10261 
10313 
10364 
10260 
10052 
10052 
10052 
10052 
10833 
10156 
10260 
10260 
10261 
10365 
10312 
15781 
10678 
10157 
10886 
10105 
9948 
9948 
10105 
10104 
10312 
10261 
10417 
10364 
11094 
10417 
10364 
10365 
10417 
10312 
10365 
10313 
10468 
10156 
10729 
10000 
10156 
10208 
10364 
10417 
10468 
10417 
10417 
10312 
10833 
9948 
10105 
10261 
10365 
13073 
10365 
10416 
10313 
10313 
10990 
9948 
9948 
10000 
10052 
10000 
9948 
10052 
10209 
10261 
10990 
10260 
10208 
10365 
10313 
10416 
10417 
10364 
10417 
10313 
10885 
9948 
10000 
10052 
10312 
10260 
10417 
10417 
10312 
10313 
11042 
10000 
10053 
10104 
10312 
10313 
10365 
10364 
10364 
10313 
11042 
10260 
10260 
10313 
10261 
10000 
10104 
10000 
10000 
9948 
10677 
10156 
10208 
10313 
10417 
10364 
10417 
10312 
10313 
10209 
11094 
10260 
10312 
23542 
10573 
10469 
10312 
10312 
10365 
10313 
11250 
10365 
10364 
10104 
10208 
10000 
10105 
10365 
10260 
10312 
11146 
10365 
10416 
10313 
10365 
10364 
10261 
10209 
10000 
10104 
11041 
10261 
10313 
10313 
10416 
10261 
10209 
10104 
10000 
10104 
10938 
10260 
10364 
10417 
10417 
10417 
10417 
10312 
10417 
10260 
10833 
10000 
9896 
10000 
10105 
10000 
10260 
10104 
10260 
10313 
11042 
10312 
10365 
10365 
10364 
10365 
10521 
10417 
10417 
10260 
10937 
10052 
10156 
10157 
10313 
10416 
10469 
10468 
10365 
10313 
11145 
10313 
10365 
10104 
10105 
10157 
9948 
10000 
10053 
10000 
10833 
10104 
10312 
10312 
10417 
10364 
10313 
10365 
10364 
10365 
11146 
10364 
10208 
10104 
10156 
10052 
10052 
10260 
10364 
10364 
11146 
10312 
10208 
10156 
10208 
10104 
10208 
10260 
10312 
10260 
11094 
10416 
10417 
10261 
10468 
10469 
10312 
10156 
9948 
9948 
10625 
10052 
10052 
9948 
10312 
10260 
10365 
10364 
10312 
10365 
11042 
10364 
10260 
10260 
10417 
10364 
10417 
10365 
10312 
10208 
10833 
9948 
10000 
15938 
10312 
12813 
10261 
10521 
10364 
10312 
11198 
10312 
10417 
10469 
10417 
10521 
10469 
10365 
10052 
10104 
10834 
10261 
10313 
10312 
10364 
10365 
10417 
10521 
10416 
10364 
11094 
10260 
10104 
10000 
10000 
10000 
10105 
10052 
10260 
10260 
11094 
10364 
10417 
10417 
10416 
10365 
10416 
10312 
10313 
10365 
11093 
10208 
10052 
10000 
10209 
10261 
10260 
10365 
10313 
10365 
11146 
10365 
10364 
10469 
10261 
10157 
10105 
10000 
10000 
9947 
10729 
10208 
10208 
10416 
10417 
10417 
10417 
10365 
10468 
10365 
11093 
10365 
10365 
10416 
10313 
10469 
10469 
10312 
10104 
10052 
10678 
10052 
9948 
9948 
10156 
10469 
10365 
10364 
10313 
10417 
11145 
10365 
10417 
10416 
10469 
10416 
10365 
10260 
10156 
10000 
10834 
10208 
10261 
10365 
10416 
10521 
10364 
10417 
10260 
10260 
11094 
10104 
10000 
10052 
10052 
10000 
10052 
10157 
10261 
10261 
10989 
10312 
10365 
10365 
10468 
10521 
10520 
10417 
10312 
10364 
11094 
10312 
10208 
10364 
10261 
10209 
10052 
10104 
9948 
9948 
10677 
10156 
10208 
10260 
10365 
10417 
10468 
10521 
10469 
10365 
11094 
10364 
10313 
10365 
10416 
10417 
10312 
10417 
10052 
9896 
10782 
9896 
10000 
9948 
10156 
10260 
10364 
10313 
10260 
10364 
10989 
10261 
23646 
10886 
10469 
10573 
10208 
10156 
10000 
10000 
10989 
10261 
10313 
10313 
10468 
10313 
10469 
10312 
10365 
10364 
10885 
10052 
10000 
9948 
10052 
9948 
10000 
10260 
10313 
10313 
11093 
10313 
10365 
10416 
10469 
10364 
10521 
10521 
10365 
10313 
11145 
10313 
10313 
10364 
10104 
10000 
10052 
10104 
10000 
10000 
10938 
10157 
10209 
10261 
10417 
10312 
10365 
10365 
10312 
10313 
11094 
10312 
10312 
10260 
10104 
10104 
10104 
10313 
10260 
10364 
11094 
10313 
10260 
10364 
10208 
10156 
10208 
10364 
10365 
16407 
11458 
10417 
10313 
10416 
10313 
10417 
10364 
10208 
10052 
9948 
10729 
10000 
9948 
10209 
10365 
10416 
10365 
10364 
10365 
10365 
11042 
10260 
10365 
10365 
10416 
10313 
10261 
10104 
9948 
10052 
10990 
10260 
10364 
10417 
10417 
10364 
10417 
10365 
10364 
10208 
10781 
9948 
9895 
10000 
9948 
10000 
10052 
10208 
10312 
10261 
11094 
10260 
10364 
10417 
10468 
10417 
10417 
10417 
10417 
10208 
10781 
9948 
10052 
10208 
10417 
10365 
10416 
10417 
10417 
10312 
11146 
10313 
10312 
10104 
10104 
10000 
10052 
10052 
10000 
9948 
10937 
10261 
10261 
10313 
10468 
10313 
10469 
10312 
10417 
10260 
11093 
10365 
10260 
10260 
10156 
10104 
10157 
10365 
10416 
10208 
11094 
10313 
10364 
10260 
10104 
10052 
10156 
10364 
10416 
10365 
11146 
10312 
10365 
10417 
13177 
10156 
10104 
10052 
10000 
9844 
10625 
9948 
10208 
10312 
10364 
10313 
10365 
10364 
10365 
10313 
11145 
10261 
10313 
10365 
10260 
10208 
10104 
9948 
10157 
10261 
11094 
10312 
10208 
10365 
10417 
10468 
10365 
10312 
10156 
9948 
10782 
9948 
9948 
9948 
12760 
10416 
10469 
10417 
10261 
10261 
11146 
10260 
10208 
10261 
10313 
10416 
10313 
10365 
10364 
10260 
10886 
9948 
9948 
9948 
9896 
10000 
10052 
10052 
10260 
10260 
10989 
10261 
10313 
10261 
10364 
10365 
10313 
10312 
10312 
10313 
10938 
10000 
9896 
9948 
10260 
10261 
10365 
10312 
10312 
10260 
11042 
10261 
10312 
10156 
10104 
10052 
10000 
10000 
9896 
9896 
10781 
10312 
10312 
10312 
10261 
10364 
10365 
10313 
10313 
10364 
11042 
10209 
10313 
10260 
10364 
10261 
10417 
10156 
9948 
9896 
10625 
9896 
9896 
9948 
10260 
10312 
10365 
10364 
10417 
10313 
11093 
10260 
10208 
10261 
10365 
10468 
10469 
10156 
10052 
9896 
23698 
11250 
10365 
10521 
10417 
15989 
10572 
10261 
10260 
9948 
10834 
9896 
9843 
9896 
9948 
10052 
10208 
10260 
10260 
10312 
11042 
10208 
10208 
10260 
10312 
10261 
10313 
10364 
10260 
10104 
10729 
9896 
10208 
10000 
10208 
10365 
10417 
10364 
10313 
10209 
10989 
10260 
10208 
10104 
10000 
10000 
9948 
9948 
9895 
10052 
10833 
10156 
10208 
10312 
10469 
10417 
10365 
10365 
10312 
10260 
10990 
10209 
10261 
10313 
10312 
10365 
10105 
10000 
9948 
9896 
10573 
9896 
9896 
10053 
10157 
10261 
10313 
10312 
10208 
10260 
11042 
10208 
10260 
10312 
10365 
10417 
10156 
10000 
9947 
10000 
10833 
10104 
10208 
10312 
10312 
10260 
10104 
9948 
9948 
9844 
10781 
10052 
10208 
10208 
10312 
10209 
10365 
10312 
10312 
10260 
10833 
9896 
9843 
10052 
10208 
10312 
10313 
10260 
10260 
10208 
10781 
9896 
9948 
10104 
10208 
10156 
10260 
10313 
10208 
10208 
11041 
10260 
10261 
10104 
10052 
9844 
10000 
9948 
9896 
9792 
10729 
10208 
10260 
10260 
10261 
10209 
10364 
10312 
10261 
10261 
10990 
10156 
10260 
10156 
10000 
9948 
9948 
10052 
10104 
10208 
10989 
10208 
10261 
10365 
10364 
10261 
10261 
10000 
9948 
9948 
10573 
9896 
9844 
9896 
10104 
10104 
10208 
10261 
10312 
10208 
10937 
10156 
10208 
10312 
10365 
10260 
10208 
10260 
10365 
10156 
10885 
9948 
9948 
9948 
9948 
9896 
9896 
10104 
10156 
10156 
10989 
10208 
10208 
10260 
10365 
10365 
10260 
10365 
10365 
10260 
10989 
10000 
9948 
9948 
10052 
10260 
10260 
10260 
10365 
10260 
10989 
10000 
10000 
9948 
10052 
10156 
10365 
10312 
10260 
10208 
10990 
10261 
10313 
10312 
10156 
10000 
9895 
10000 
9948 
9792 
10625 
10104 
10208 
10312 
10312 
10261 
10313 
10260 
10260 
10208 
10990 
10209 
10261 
10313 
10208 
10052 
9947 
9948 
10052 
10208 
11041 
15729 
10573 
10365 
10469 
10313 
10261 
10261 
10052 
9844 
10729 
9896 
9896 
9896 
10052 
10312 
10312 
10261 
10365 
10260 
10989 
10208 
10261 
10313 
10313 
10260 
10312 
10209 
10052 
10000 
10729 
10157 
10157 
10313 
10365 
10364 
10365 
10261 
10364 
10208 
11042 
10052 
9948 
10000 
9896 
9948 
9948 
10000 
10105 
10105 
10938 
10156 
10260 
10312 
13229 
10469 
10417 
10416 
10417 
10261 
10885 
10052 
10000 
10104 
10312 
10365 
10364 
10417 
10365 
10312 
11094 
12605 
10208 
10416 
10365 
10000 
10000 
10052 
10156 
10312 
11146 
10365 
10416 
10417 
10469 
10521 
10469 
10312 
10313 
10312 
11041 
10104 
10104 
10000 
10052 
10261 
10365 
10312 
10261 
10261 
11094 
10312 
10260 
10313 
10365 
10104 
10000 
10052 
10000 
9948 
10729 
9948 
10104 
10520 
10417 
10416 
10469 
10416 
10417 
10312 
11042 
10365 
10312 
10417 
10365 
10208 
10156 
9948 
10157 
10156 
11146 
10208 
10260 
10417 
10469 
10364 
10469 
10312 
10208 
10000 
10573 
9896 
9948 
10000 
10000 
10209 
10261 
10260 
10312 
10260 
11042 
10260 
10312 
10416 
10365 
10416 
10417 
10364 
10312 
10261 
10990 
10156 
10105 
10000 
10208 
9896 
10000 
10000 
10104 
10157 
10990 
10156 
10260 
10260 
10417 
10313 
10468 
10365 
10365 
10312 
11041 
10208 
10104 
10000 
10053 
10209 
10209 
10469 
10312 
10365 
11042 
10416 
10365 
10365 
10468 
10157 
10052 
9948 
10104 
10105 
10625 
13333 
10625 
10416 
10417 
10417 
10416 
10365 
10364 
10364 
11302 
10313 
10365 
10156 
10260 
10052 
10261 
10156 
10260 
10312 
11042 
10261 
10364 
10208 
10052 
10000 
10157 
10313 
10261 
10208 
10989 
10365 
10313 
10312 
10312 
10417 
10209 
10157 
10000 
9948 
10678 
9896 
9948 
10000 
10156 
10260 
10313 
10313 
10364 
10260 
11094 
10260 
10312 
10417 
10313 
10416 
10208 
15938 
10208 
10104 
11041 
10261 
10365 
10364 
10416 
10365 
10416 
10417 
10469 
10104 
10781 
10000 
10000 
9948 
10052 
10000 
10156 
10156 
10261 
10261 
11042 
10312 
10365 
10313 
10416 
10313 
10469 
10416 
10365 
10313 
10885 
9948 
10000 
10156 
10312 
10261 
10313 
10312 
10365 
10417 
11093 
10365 
10208 
10208 
10156 
10053 
9948 
9948 
10053 
10052 
10885 
10260 
10365 
10417 
10416 
10313 
10468 
10521 
10416 
10313 
11146 
10312 
10365 
10157 
10157 
10104 
10208 
10261 
10365 
10364 
11146 
10261 
10312 
10364 
10469 
10416 
10260 
10104 
10000 
10000 
10677 
9896 
9896 
10104 
10364 
10313 
10313 
10312 
10260 
10313 
11146 
10260 
10365 
10365 
10468 
10365 
10260 
10156 
10104 
10053 
10990 
10261 
10313 
10364 
10469 
10365 
10364 
10417 
10312 
10312 
10833 
10000 
9896 
9948 
10105 
10052 
10052 
10156 
10260 
10260 
10990 
10312 
10312 
10365 
10469 
10364 
10521 
10417 
10365 
10260 
10833 
9948 
10105 
10000 
10208 
10260 
10313 
10364 
10312 
10365 
26093 
11146 
10156 
10104 
10156 
10052 
10000 
10000 
10156 
10260 
11094 
10313 
10313 
10416 
10313 
10521 
10313 
10469 
10364 
10365 
11094 
10365 
10156 
10104 
10000 
10364 
10364 
10417 
10364 
10312 
10990 
10261 
10364 
10312 
10260 
10104 
10209 
10104 
9844 
10053 
10625 
10000 
10053 
10209 
10417 
10416 
10365 
10417 
10417 
10261 
11042 
10312 
10365 
10417 
10364 
10313 
10157 
10052 
10052 
10208 
10937 
10365 
10313 
12916 
10521 
10365 
10312 
10260 
10052 
9896 
10729 
9948 
9948 
10000 
10208 
10313 
10365 
10468 
10417 
10365 
11094 
10365 
10364 
10364 
10365 
10417 
10260 
10156 
10156 
10000 
10781 
10208 
10312 
10365 
10417 
10469 
10364 
10416 
10365 
10364 
10990 
10156 
10052 
9948 
10052 
10052 
10000 
10261 
10313 
10313 
11145 
10313 
10365 
16197 
10729 
10312 
10417 
10417 
10417 
10365 
10938 
10000 
9948 
10156 
10312 
10365 
10417 
10364 
10365 
10261 
10833 
9895 
10000 
10052 
10260 
10312 
10365 
10364 
10417 
10313 
11094 
10312 
10261 
10261 
10157 
10052 
10000 
10000 
10000 
9948 
10938 
10208 
10312 
10364 
10417 
10364 
10365 
10365 
10364 
10312 
11146 
10312 
10364 
10208 
10104 
10052 
10156 
10312 
10312 
10260 
11094 
10260 
10260 
10365 
10417 
10364 
10313 
10209 
10052 
9896 
10730 
9896 
9947 
10052 
10260 
10313 
10417 
10312 
10313 
10261 
11041 
10365 
10313 
10364 
10521 
10468 
10365 
10209 
9948 
10156 
10989 
10156 
10261 
10365 
10416 
10417 
10417 
10208 
10000 
10000 
10886 
10209 
10365 
10364 
10469 
10417 
10417 
10313 
10416 
10313 
10938 
10052 
10000 
10000 
10052 
9896 
10052 
10261 
10313 
10260 
11145 
10261 
10313 
10365 
10521 
10312 
10416 
10417 
10364 
10364 
10990 
10000 
10000 
10052 
10417 
10416 
10365 
10417 
10364 
10261 
11146 
10260 
10364 
10261 
10105 
10052 
10104 
10052 
10000 
9896 
10729 
10209 
10261 
10364 
10417 
10521 
10469 
10521 
10521 
10416 
11198 
10312 
10364 
10313 
10209 
9948 
10052 
10104 
10260 
10156 
11041 
10313 
10261 
10208 
11145 
10052 
10104 
10156 
10260 
10261 
11146 
10260 
10312 
10313 
10417 
10364 
10209 
10053 
10052 
9948 
10625 
9844 
9896 
10000 
10052 
10260 
10260 
10313 
10365 
10260 
10989 
10260 
10313 
10365 
10416 
10365 
10261 
10104 
10000 
9948 
10781 
10208 
10260 
10312 
10365 
10261 
10312 
10260 
10313 
22657 
12292 
10052 
10000 
10052 
10000 
10104 
10157 
10261 
10364 
10260 
11146 
10260 
10312 
10365 
10469 
10469 
10417 
10416 
10365 
10261 
10886 
10000 
10156 
10208 
10260 
10365 
10416 
10365 
10313 
10260 
11041 
10209 
10157 
10104 
10052 
10104 
10000 
10000 
10000 
15625 
11771 
10312 
10260 
10312 
10521 
10364 
10365 
10364 
10312 
10365 
11042 
10260 
10104 
10052 
10052 
10104 
10261 
10261 
10312 
10208 
11042 
13177 
10468 
10417 
10157 
9948 
10104 
9896 
9948 
10052 
10833 
10312 
10364 
10312 
10365 
10416 
10365 
10313 
10416 
10312 
11094 
10312 
10364 
10261 
10209 
10052 
9948 
10208 
10260 
10260 
11041 
10261 
10261 
10209 
10312 
10365 
10417 
10104 
10052 
10052 
10677 
9896 
9896 
10052 
10105 
10365 
10312 
10313 
10365 
10260 
11146 
10261 
10365 
10416 
10365 
10364 
10365 
10261 
10052 
9896 
10781 
10156 
10208 
10312 
10417 
10364 
10364 
10365 
10364 
10364 
11042 
10104 
10052 
9948 
10000 
9948 
10052 
10104 
10208 
10208 
11041 
10260 
10365 
13021 
10416 
10365 
10417 
10364 
10261 
10209 
10782 
10000 
9948 
10157 
10313 
10312 
10260 
10365 
10364 
10260 
10990 
10261 
10157 
10052 
10000 
10000 
9948 
10052 
9948 
10000 
10833 
10208 
10260 
10365 
10313 
10312 
10365 
10313 
10312 
10260 
11094 
10261 
10209 
10157 
9948 
10052 
10104 
10260 
10208 
10209 
10990 
10312 
10260 
10312 
10365 
10312 
10156 
10052 
9947 
9896 
10625 
9896 
10000 
10156 
10261 
10417 
10312 
10365 
10261 
10261 
11041 
10260 
10312 
10313 
10416 
10417 
10417 
10625 
10416 
10260 
11042 
9948 
9896 
9896 
9948 
9896 
10052 
10260 
10208 
10312 
10937 
10260 
10209 
10417 
10260 
10312 
10417 
10469 
10208 
10156 
10729 
9948 
10000 
10156 
10208 
10312 
10313 
10313 
10208 
10208 
10989 
10000 
9948 
10104 
10208 
10312 
10313 
10416 
10312 
10261 
10781 
10052 
9844 
10104 
10313 
10364 
10260 
10365 
10313 
10312 
11094 
10365 
10261 
10052 
10105 
10104 
10000 
10000 
9896 
9896 
10730 
10157 
10261 
10365 
10364 
10417 
10365 
10417 
10313 
10313 
11041 
10261 
10365 
10260 
10156 
15677 
10521 
10365 
10469 
10364 
11198 
10416 
10365 
10313 
10468 
10261 
10417 
10156 
10000 
10000 
10677 
10000 
9948 
10104 
10365 
10416 
10469 
10416 
10365 
10365 
11145 
10261 
10313 
10313 
10364 
10365 
10157 
23282 
11145 
10261 
11198 
10313 
10417 
10416 
10469 
10520 
10469 
10364 
10104 
10000 
10782 
10000 
9948 
10000 
10052 
10156 
10260 
10313 
10260 
10260 
11198 
10313 
10364 
10312 
10469 
10468 
10365 
10364 
10365 
10209 
11094 
10312 
10208 
9948 
10104 
10105 
9948 
9896 
10105 
10209 
10990 
10260 
10260 
10417 
10469 
10417 
10417 
10416 
10417 
10312 
11042 
10365 
10157 
10000 
10104 
10312 
10261 
10313 
10312 
10312 
11042 
10313 
10260 
10364 
10313 
10105 
10105 
10000 
9948 
9948 
10729 
9948 
10209 
10313 
10313 
10416 
10365 
10365 
10364 
10313 
11094 
10260 
10312 
10313 
10521 
10469 
10469 
10417 
10209 
10052 
10781 
9948 
10000 
10000 
9948 
10261 
10417 
10416 
10365 
10313 
11094 
10260 
10365 
10261 
10364 
10469 
10417 
10364 
10261 
10313 
11041 
10156 
10052 
10052 
10052 
10000 
10000 
10000 
10104 
10156 
10989 
10261 
10313 
10365 
10469 
10313 
10364 
10417 
10416 
10312 
11146 
10416 
10208 
10000 
10104 
10157 
10209 
10260 
10312 
10365 
11146 
10312 
10417 
10365 
10416 
10261 
10052 
10104 
10000 
9948 
10781 
10052 
10157 
10209 
10416 
10417 
10365 
10312 
10365 
10313 
11093 
10365 
10261 
10313 
10364 
10156 
10052 
10000 
9948 
10208 
10990 
10365 
10312 
10364 
10417 
10313 
10416 
10261 
10261 
10052 
10782 
10000 
10052 
10000 
10000 
10156 
10208 
10365 
10312 
10260 
11146 
10417 
10364 
10469 
10521 
10417 
10417 
10365 
10417 
10364 
11250 
10312 
10156 
10156 
10156 
10052 
10105 
10104 
10052 
10104 
10989 
10313 
10313 
10365 
10416 
10417 
10364 
10365 
10365 
10312 
11146 
15782 
10312 
12708 
10364 
10417 
10365 
10416 
10313 
10417 
11145 
10365 
10261 
10208 
10156 
10105 
10052 
9948 
9948 
9948 
10989 
10208 
10261 
10365 
10312 
10469 
10417 
10364 
10365 
10313 
11093 
10313 
10261 
10417 
10364 
10365 
10261 
10000 
9948 
10000 
10625 
9844 
9948 
10052 
10312 
10364 
10365 
10312 
10364 
10365 
10990 
10312 
10312 
10417 
10469 
10417 
10261 
10104 
10000 
9896 
10990 
10312 
10312 
10364 
10365 
10416 
10365 
10365 
10312 
10156 
10833 
9948 
9947 
9948 
9948 
10000 
10000 
10208 
10312 
10260 
11042 
10313 
10312 
10416 
10365 
10417 
10417 
10417 
10364 
10312 
11094 
10468 
10365 
10313 
10052 
10052 
10052 
10000 
10000 
9948 
10782 
10157 
10313 
12865 
10469 
23802 
11042 
10782 
10417 
10364 
11302 
10365 
10521 
10416 
10521 
10104 
10000 
9948 
10000 
9896 
10833 
10312 
10312 
10469 
10468 
10417 
10416 
10365 
10313 
10312 
11146 
10313 
10416 
10469 
10469 
10417 
10416 
10312 
10104 
10000 
10782 
9948 
10000 
10053 
10313 
10416 
10312 
10365 
10468 
10313 
11198 
10417 
10365 
10364 
10469 
10417 
10365 
10313 
10364 
10312 
11042 
10052 
9948 
10000 
10052 
10000 
10052 
10157 
10313 
10260 
11093 
10313 
10312 
10364 
10313 
10313 
10364 
10312 
10365 
10312 
11041 
10365 
10364 
10260 
10156 
10052 
10052 
10208 
10416 
10260 
11146 
10417 
10417 
10209 
10104 
10052 
9948 
10208 
10364 
10260 
11146 
10313 
10365 
10312 
10469 
10313 
10364 
10156 
10156 
9948 
10938 
10313 
10313 
10312 
10364 
10313 
10468 
10260 
10156 
9948 
10885 
10156 
10313 
10364 
10469 
10417 
10469 
10365 
10312 
10365 
10990 
10104 
10052 
10000 
10364 
10365 
10469 
10469 
10417 
10312 
11146 
10417 
10417 
10261 
10157 
10105 
10052 
9948 
9896 
9896 
10677 
10157 
10261 
10313 
10364 
10260 
10417 
15989 
10677 
10313 
11094 
10312 
10313 
10417 
10416 
10365 
10312 
10260 
10052 
10000 
10937 
10156 
10261 
10469 
10416 
10417 
10364 
10208 
10000 
9947 
10937 
10208 
10261 
10313 
10416 
10365 
10417 
10312 
10469 
10260 
10885 
10000 
10000 
9948 
10000 
10052 
10000 
10208 
10364 
10313 
11094 
10312 
10312 
10261 
10469 
10364 
10313 
10416 
10312 
10313 
11094 
10365 
10313 
10312 
10208 
10156 
9947 
10052 
10000 
9948 
10781 
10052 
10260 
10312 
10417 
10313 
10364 
10365 
10313 
10312 
11094 
10261 
10365 
10260 
10104 
10000 
9948 
10156 
10261 
10261 
11094 
10312 
10417 
10417 
10416 
10469 
10416 
10104 
10052 
9896 
10677 
10000 
10053 
10000 
10104 
10208 
10365 
10312 
10260 
10312 
10990 
10260 
10312 
10364 
10417 
10364 
10417 
10365 
10364 
10365 
10886 
10000 
10052 
10000 
10000 
10000 
10000 
10000 
10209 
10156 
11042 
10312 
10364 
10365 
10417 
10417 
10417 
10364 
10313 
10261 
10990 
10052 
10000 
10000 
10208 
10260 
10312 
10313 
10417 
10260 
10990 
10261 
10312 
10260 
10260 
10156 
9948 
10000 
9896 
10521 
10729 
10156 
13125 
10417 
10469 
10417 
10364 
10313 
10261 
10312 
11302 
10260 
10104 
10053 
10052 
10104 
10208 
10312 
10261 
10261 
11042 
10312 
10365 
10365 
23542 
10937 
10365 
10261 
10208 
10157 
11250 
10260 
10312 
10417 
10416 
10521 
10364 
10573 
10416 
10313 
10990 
10000 
10052 
9948 
10157 
10365 
10312 
10417 
10313 
10312 
11094 
10417 
10364 
10417 
10209 
10261 
10156 
10053 
10052 
9948 
10678 
10104 
10313 
10313 
10416 
10469 
10416 
10469 
10365 
10312 
11094 
10365 
10416 
10469 
10417 
10469 
10417 
10416 
10104 
10000 
10781 
9948 
9948 
10000 
10052 
10261 
10209 
10312 
10364 
10313 
11198 
10364 
10365 
10469 
10469 
10417 
10417 
10365 
10156 
10052 
10729 
10104 
10156 
16406 
10625 
10365 
10468 
10469 
10416 
10417 
11146 
10156 
10000 
9948 
10000 
10157 
10104 
10156 
10261 
10365 
11093 
10365 
10313 
10468 
10469 
10364 
10417 
10365 
10365 
10313 
11042 
10208 
10312 
10260 
10104 
10000 
10000 
10000 
9948 
9948 
10781 
10156 
10261 
10417 
10364 
10365 
10469 
10469 
10365 
10260 
11146 
10365 
10364 
10417 
10209 
10105 
10157 
10209 
10261 
10365 
11146 
10417 
10468 
10417 
10468 
10521 
10468 
10313 
10053 
9948 
10677 
10053 
9948 
10156 
10313 
10260 
10313 
10365 
10364 
10312 
11146 
10260 
10364 
10313 
10469 
10469 
10365 
10364 
10313 
10365 
10989 
10052 
10052 
10000 
10052 
10053 
10000 
10208 
10208 
10156 
11042 
10261 
10313 
10364 
10417 
10417 
10416 
10417 
10312 
10312 
11146 
10312 
10312 
10313 
10313 
10053 
10104 
10156 
10208 
10208 
11042 
10313 
10312 
10312 
10104 
9948 
10052 
10105 
10157 
10261 
11041 
10260 
10417 
10365 
10416 
10469 
10416 
10313 
10104 
9948 
10677 
9896 
10208 
10000 
10209 
10261 
10417 
10365 
10261 
10313 
10989 
10260 
10313 
10365 
10416 
10365 
10469 
10364 
10417 
10312 
10989 
10000 
9948 
9948 
10208 
10312 
10417 
10364 
10364 
10261 
11094 
10312 
10313 
10313 
10313 
10208 
10104 
10053 
10000 
9948 
10625 
10052 
10208 
13281 
10573 
10417 
10417 
10417 
10469 
10365 
11355 
10417 
10416 
10521 
10468 
10365 
10156 
10104 
10052 
10261 
11042 
10365 
10364 
10365 
10313 
10468 
10052 
10052 
10052 
10209 
11042 
10312 
10365 
10365 
10364 
10469 
10468 
10417 
10312 
10208 
10833 
9947 
9948 
10052 
10000 
10052 
10260 
10365 
10365 
10312 
11146 
10313 
10468 
10365 
10417 
10416 
10521 
10469 
10469 
10312 
11146 
10312 
10208 
10156 
9947 
10052 
10417 
10313 
10365 
10312 
11094 
10365 
10260 
12240 
10105 
10521 
10729 
10417 
10365 
16250 
11458 
10365 
10365 
10312 
10156 
10104 
10104 
10053 
10000 
9948 
10834 
10157 
10157 
10261 
10417 
10469 
10469 
10312 
10313 
10261 
11041 
10312 
10261 
10417 
10469 
10417 
10416 
10156 
10000 
10000 
10521 
9844 
9844 
9947 
10156 
10261 
10313 
10312 
10312 
10365 
11042 
10312 
10260 
10365 
10469 
10417 
10417 
10260 
10104 
9895 
10625 
10000 
12916 
10468 
10417 
10364 
10312 
10313 
10364 
10260 
10885 
9948 
10000 
9948 
10000 
10000 
10208 
10260 
10261 
10261 
11094 
10260 
10313 
10313 
10468 
10365 
10365 
10312 
10260 
10313 
11094 
10312 
10156 
9896 
10105 
9948 
9948 
9896 
10000 
10000 
10886 
10157 
10261 
10417 
10416 
10365 
10416 
10365 
10365 
10364 
11094 
10261 
10312 
10417 
10417 
10312 
10052 
10000 
10000 
9948 
10729 
9844 
9948 
10105 
10261 
10312 
10364 
10365 
10260 
10312 
10990 
10313 
10365 
10312 
10417 
10261 
10208 
10000 
10000 
10052 
11041 
10260 
10313 
10313 
10416 
10365 
10417 
10312 
10365 
10157 
10782 
10105 
9948 
9948 
10000 
10000 
10156 
10313 
10312 
10312 
11042 
10365 
10364 
10260 
10365 
10364 
10364 
10417 
10208 
10156 
11093 
10313 
10313 
10157 
10104 
10000 
10104 
9947 
9896 
9947 
10886 
10209 
10313 
10364 
10416 
10365 
10416 
10417 
10365 
10312 
11094 
10261 
10209 
10104 
10052 
10052 
10052 
10208 
10313 
10261 
11146 
10365 
10417 
10312 
10365 
10313 
10312 
10104 
10000 
10000 
10885 
10208 
10417 
10365 
10364 
10261 
10157 
10052 
10000 
10052 
11042 
10208 
10364 
10312 
10417 
10416 
10365 
10520 
10417 
10208 
10781 
10000 
10000 
10000 
10052 
9948 
10156 
10104 
10313 
10261 
11198 
10469 
10364 
10313 
10677 
10365 
10364 
10417 
10364 
10260 
10781 
10000 
10000 
10208 
10313 
10365 
10364 
10364 
10313 
10260 
11145 
10261 
10313 
10261 
10157 
15105 
10416 
9948 
9947 
10052 
10937 
10261 
10313 
10313 
10416 
10365 
10260 
10312 
10364 
10313 
11146 
10312 
10261 
10209 
10104 
10000 
10104 
10260 
10260 
10260 
11042 
10364 
10312 
10208 
10313 
10313 
10156 
10104 
10000 
9948 
10677 
10000 
10000 
10000 
10261 
10364 
10417 
10365 
10364 
10312 
11094 
10260 
10364 
10365 
10417 
10521 
10417 
10417 
10313 
10260 
10833 
9896 
10052 
10052 
10156 
10000 
10156 
10313 
10209 
10208 
11145 
10313 
23646 
11198 
10469 
10417 
10416 
10417 
10260 
10052 
10782 
10156 
10312 
10209 
10313 
10416 
10312 
10417 
10364 
10365 
11094 
10208 
10104 
10105 
9948 
10000 
9948 
10000 
10156 
10208 
10989 
10312 
10313 
10365 
10468 
10417 
10364 
10469 
10364 
10312 
11042 
10209 
10105 
10000 
10000 
10052 
10261 
10260 
10312 
10208 
11042 
10312 
10000 
9948 
9948 
10156 
10260 
10364 
10260 
10313 
11042 
10312 
10312 
10417 
10365 
10208 
10052 
9948 
10156 
10260 
11042 
10416 
10312 
10417 
10469 
10416 
10104 
10104 
10156 
10156 
10885 
10364 
10365 
10365 
10416 
10365 
10417 
10312 
10209 
10104 
10781 
10052 
9947 
9896 
10052 
10261 
10313 
10416 
10365 
10313 
10990 
10416 
10313 
10261 
10417 
10469 
10365 
10416 
10365 
10312 
11041 
10313 
10052 
9948 
10000 
10104 
10000 
10000 
10157 
10157 
10938 
10365 
10312 
10260 
10312 
10261 
10313 
10260 
10312 
10261 
10990 
10364 
10312 
10313 
10365 
10260 
10052 
10052 
10052 
9948 
10678 
12865 
10313 
10416 
10365 
10468 
10313 
10313 
10416 
10261 
11146 
10260 
10313 
10261 
10157 
10157 
10157 
10261 
10209 
10209 
10938 
10312 
10313 
10365 
10417 
10365 
10209 
10313 
10052 
9896 
10625 
9896 
9948 
9948 
10104 
10313 
10365 
10364 
10261 
10209 
11094 
10364 
10365 
10365 
10365 
10312 
10313 
10313 
10312 
10364 
10990 
15625 
10208 
9896 
12500 
10365 
10156 
10260 
10261 
10313 
11094 
10312 
10261 
10313 
10313 
10416 
10313 
10417 
10312 
10104 
10625 
9844 
10000 
10312 
10260 
10417 
10416 
10365 
10469 
10312 
10990 
10313 
10053 
10104 
10052 
9948 
10052 
10000 
9948 
10105 
10990 
10312 
10312 
10469 
10730 
10469 
10469 
10990 
10469 
10417 
11250 
10886 
10209 
10208 
10260 
10104 
10000 
9948 
10261 
10157 
10990 
10677 
10313 
10573 
10417 
10312 
10730 
10469 
10573 
10312 
11406 
10313 
10261 
10105 
10209 
10209 
10156 
9948 
10052 
10104 
10937 
10260 
10312 
10417 
10261 
10313 
10416 
10417 
10468 
10365 
11094 
10417 
10261 
10365 
10260 
10052 
10052 
10000 
10000 
9948 
10625 
9896 
10052 
10261 
10209 
10261 
10260 
10364 
10417 
10364 
11041 
10365 
10312 
10364 
10417 
10209 
10000 
10000 
10052 
10208 
11041 
10469 
10261 
10312 
10364 
10313 
10261 
10260 
10156 
10104 
10781 
9948 
10000 
9948 
9948 
10208 
10208 
10260 
10261 
10261 
34844 
10417 
10416 
10573 
10364 
10469 
10521 
10469 
10416 
10261 
10938 
10052 
9948 
10000 
9948 
10000 
10156 
10208 
10364 
10417 
11250 
10312 
10313 
10313 
10572 
10521 
10365 
10365 
10468 
10260 
10886 
10052 
10052 
10208 
10364 
10417 
10416 
10469 
10365 
10416 
11094 
10416 
10365 
10261 
10052 
10156 
10208 
10261 
10365 
10364 
11042 
10365 
10260 
10260 
10156 
10104 
10157 
10313 
10364 
10261 
11146 
10364 
10417 
10365 
10364 
10417 
10208 
10156 
10052 
9948 
10729 
9896 
9948 
10208 
10208 
10312 
10365 
10417 
10416 
10417 
11146 
10365 
10364 
10469 
10469 
10521 
10417 
10417 
10313 
10209 
10886 
10052 
10000 
9895 
10052 
10000 
10260 
10260 
10260 
10364 
11042 
10365 
10312 
10313 
10417 
10364 
10417 
10364 
10364 
10313 
10938 
10052 
9948 
10104 
10209 
10312 
10312 
17240 
10625 
10313 
11250 
10312 
10261 
10104 
10104 
10000 
10052 
9948 
10000 
10052 
10990 
10208 
10260 
10313 
10365 
10416 
10417 
10364 
10313 
10261 
11042 
10416 
10365 
10365 
10469 
10313 
10156 
10000 
10000 
9896 
10625 
9948 
10052 
10157 
10261 
10364 
10417 
10364 
10416 
10365 
11094 
10364 
10313 
10417 
10365 
10365 
10416 
10365 
10312 
10156 
10781 
10000 
10000 
9947 
10052 
9896 
10052 
10313 
10312 
10260 
11042 
10313 
10364 
10312 
10365 
10365 
10468 
10313 
10416 
10312 
10781 
9896 
10000 
10208 
10417 
10469 
10469 
10365 
10521 
10365 
11145 
10313 
10261 
10156 
10104 
9948 
10208 
10365 
10469 
10312 
11198 
10312 
10364 
10104 
10052 
10052 
10208 
10364 
10417 
10365 
11145 
14323 
10521 
10208 
10156 
10156 
10000 
10156 
10000 
9948 
10938 
10209 
10261 
10365 
10364 
10469 
10364 
10469 
10365 
10260 
11094 
10417 
10312 
10417 
10261 
10469 
10365 
10261 
10105 
9948 
10729 
9948 
9844 
10052 
10261 
10417 
10365 
10416 
10365 
10313 
11041 
10417 
10365 
10416 
10417 
10469 
10313 
10209 
10156 
10000 
10937 
10312 
10312 
10416 
10417 
10364 
10469 
10416 
10365 
10365 
10989 
10052 
10053 
9948 
10000 
10000 
10052 
10312 
10365 
10365 
11146 
10417 
10313 
10364 
10365 
10313 
10364 
10469 
10365 
10364 
11042 
10052 
9948 
10209 
10261 
10468 
10312 
10313 
10365 
10416 
11042 
10365 
10364 
10261 
10052 
10208 
9948 
9948 
9948 
9895 
10938 
10313 
10209 
10261 
10365 
10312 
10260 
25833 
10834 
10625 
11198 
10625 
10312 
10208 
10208 
10261 
10469 
10469 
10521 
10417 
11146 
10416 
10365 
10364 
10365 
10365 
10312 
10052 
10052 
10000 
10677 
10000 
10157 
10313 
10364 
10417 
10469 
10521 
10364 
10365 
11250 
10365 
10417 
10364 
10365 
10468 
10469 
10521 
10313 
10157 
10730 
10052 
10000 
14740 
10313 
10313 
10364 
10417 
10469 
10364 
11198 
10521 
10365 
10468 
10417 
10468 
10469 
10521 
10365 
10416 
13698 
