1119688 
1074218 
1034844 
882969 
678177 
673438 
664844 
720260 
970573 
1029115 
1063854 
1007657 
947500 
666042 
669427 
667240 
662813 
677083 
1009114 
664375 
777240 
769115 
1026406 
660364 
834896 
1277187 
1015156 
787708 
930781 
1014011 
1032188 
839479 
685260 
753541 
921875 
639271 
652656 
745677 
1217605 
1428750 
1237605 
692396 
667604 
673750 
670469 
675469 
601563 
770417 
932552 
1007187 
813646 
672448 
771302 
954323 
1109948 
663958 
665209 
664739 
668593 
671197 
682708 
623594 
778229 
925208 
1038541 
939219 
753334 
756250 
707083 
673750 
691614 
712084 
820573 
643229 
680000 
667604 
667240 
707344 
833438 
629011 
651197 
653542 
662969 
651927 
625000 
694115 
664427 
659375 
641354 
654844 
668386 
658073 
621562 
743854 
710729 
641406 
782292 
926615 
1025104 
819843 
664532 
652187 
670677 
665781 
737500 
760833 
655833 
672604 
655729 
681406 
670312 
608282 
770677 
919948 
1004635 
872083 
673802 
776302 
943802 
1005208 
807552 
663073 
758906 
928959 
1018854 
657188 
774115 
918906 
998125 
970105 
669115 
670469 
705104 
840261 
919844 
774635 
937500 
1023541 
1068281 
654584 
670677 
778958 
947187 
989479 
669063 
666563 
654583 
671094 
787448 
1042395 
1013021 
1002500 
1039218 
803021 
664740 
775886 
945416 
1076562 
668333 
653906 
776719 
919948 
1001822 
654063 
785209 
830573 
745312 
707084 
786771 
767917 
749479 
701510 
631458 
694062 
629219 
637917 
659791 
646927 
650521 
685261 
616771 
665000 
657239 
663125 
657916 
766302 
724167 
716562 
664948 
664844 
655625 
650782 
635416 
676562 
705886 
764636 
795052 
798386 
751198 
712396 
777344 
706250 
736511 
649635 
653750 
661146 
675312 
668125 
642552 
647188 
645312 
656041 
655469 
654062 
635677 
658125 
657135 
654896 
657240 
661563 
670573 
658125 
657188 
655729 
655261 
656719 
668959 
657709 
658229 
668541 
812760 
673958 
715260 
635260 
640781 
649479 
650000 
646355 
647604 
648750 
649740 
635625 
642917 
647656 
641198 
641979 
644427 
642864 
632343 
635937 
647552 
633646 
647083 
647605 
648125 
661094 
722552 
1381146 
902761 
663958 
636823 
636146 
629792 
642552 
638073 
638020 
634375 
728281 
686198 
659062 
678177 
661562 
636666 
648282 
637969 
635156 
647240 
629427 
702708 
745260 
682344 
659948 
652917 
655573 
656719 
659218 
661197 
658021 
656406 
655990 
735469 
771563 
672969 
658593 
657865 
656406 
658802 
691354 
654688 
655573 
653698 
661093 
769010 
700313 
688489 
659063 
663125 
659271 
679063 
665989 
636666 
640937 
647917 
631823 
720990 
776927 
742031 
783958 
974896 
1059323 
754115 
673334 
656563 
662760 
790833 
759427 
683906 
654792 
658594 
655365 
695417 
659115 
654427 
659479 
654167 
716875 
774375 
687761 
671511 
658593 
643959 
662032 
654531 
660573 
656563 
657031 
656979 
668750 
662552 
746458 
670729 
641041 
660157 
653177 
685312 
657968 
653594 
654323 
723594 
729635 
739687 
735834 
707969 
908073 
923490 
781355 
672292 
2135833 
942916 
728698 
673906 
678541 
651562 
651718 
724635 
623021 
629323 
628125 
750677 
823958 
831145 
873542 
909896 
938489 
776407 
772760 
684635 
659636 
832917 
706407 
681927 
671510 
657188 
657708 
657031 
648073 
659843 
658177 
655990 
656250 
656614 
662865 
656250 
656875 
826771 
1060938 
1159115 
794792 
787500 
764427 
659115 
699687 
668698 
656615 
656875 
664375 
655313 
650365 
654427 
657187 
716875 
754114 
689010 
691875 
658594 
668959 
800469 
878646 
992083 
861406 
752500 
817708 
705990 
701407 
660156 
658385 
670729 
658177 
655834 
758594 
774636 
683177 
663958 
662187 
682552 
658906 
655208 
729636 
928854 
1038333 
1019531 
946354 
809740 
674583 
663855 
670000 
631667 
649010 
649791 
648177 
637760 
642813 
643229 
633958 
640729 
641458 
654843 
650573 
666615 
656927 
665261 
767395 
851667 
862448 
787135 
663646 
659270 
646198 
584583 
576354 
575364 
563385 
561562 
565989 
594219 
570000 
559479 
567813 
562708 
561823 
585052 
591146 
572032 
563542 
565625 
563542 
649584 
828177 
827760 
726615 
622552 
591511 
568177 
609740 
586614 
580937 
561198 
571250 
561093 
564479 
616198 
600209 
617656 
716927 
591927 
562708 
566719 
602083 
579584 
565677 
574532 
569219 
562292 
588178 
573229 
567552 
569427 
559166 
571614 
562812 
588386 
572084 
565052 
569010 
563855 
568021 
560729 
583177 
571354 
567500 
563073 
557761 
565156 
559947 
585104 
575573 
562396 
560833 
565260 
559062 
562500 
582969 
577917 
564010 
562917 
567500 
563073 
562553 
580365 
568959 
565261 
560833 
568177 
565573 
569583 
593906 
563385 
559114 
562760 
562396 
561979 
572292 
587136 
562032 
563959 
559479 
566771 
568021 
559948 
592239 
571458 
560469 
566563 
566407 
561823 
560313 
586146 
562552 
580886 
576354 
563698 
565781 
563698 
590104 
563541 
561458 
588177 
575573 
578177 
561250 
529531 
541458 
571667 
583281 
570105 
568021 
571250 
600417 
411563 
388125 
393646 
377188 
376146 
392917 
375364 
378177 
377396 
398906 
387240 
383594 
386927 
379740 
372136 
387500 
372448 
375209 
372552 
381250 
405000 
377864 
386615 
371928 
371250 
370885 
381406 
381771 
372084 
378177 
375313 
379114 
381875 
373229 
371303 
371511 
379167 
369740 
371146 
377240 
372344 
391510 
374896 
381354 
374427 
370885 
378177 
370938 
373802 
373750 
380417 
397917 
377864 
383177 
373542 
373229 
379791 
371771 
370208 
371823 
377448 
371094 
381563 
382187 
373958 
373959 
369844 
378490 
371511 
370521 
380416 
378229 
392604 
382552 
373386 
372969 
373437 
378542 
373334 
373229 
387969 
374480 
377448 
381354 
381198 
374271 
371771 
380208 
373020 
369896 
375208 
379167 
372708 
371823 
404740 
372656 
372448 
380677 
369583 
376354 
370833 
389740 
374114 
372187 
399427 
379843 
379010 
382657 
401510 
374010 
371145 
388178 
376667 
377812 
386302 
373698 
377917 
374948 
382604 
373125 
373645 
382136 
373490 
373385 
372813 
408854 
373385 
371614 
379011 
375781 
370573 
389636 
374687 
372813 
392135 
406718 
377500 
374583 
378906 
373229 
374583 
376093 
379323 
370937 
374531 
377448 
403906 
375260 
372292 
384948 
374323 
373490 
379271 
373073 
373333 
378750 
393385 
373334 
372656 
393854 
372239 
378802 
386562 
379896 
375885 
374427 
380730 
405364 
373282 
383021 
373385 
376198 
389323 
373542 
373646 
371250 
399010 
378698 
377084 
383385 
374218 
373593 
377032 
380312 
389896 
371875 
380521 
371979 
405730 
381562 
402760 
396146 
376927 
384688 
374375 
372448 
387396 
373073 
402083 
374531 
383594 
374063 
385156 
382032 
376145 
372031 
370573 
382136 
400156 
378802 
431771 
422187 
451510 
460729 
380364 
417656 
410417 
550729 
532968 
514270 
547448 
471355 
439427 
418021 
402761 
413906 
543385 
786094 
501563 
400885 
380677 
390052 
396145 
396771 
415261 
397865 
381511 
356302 
412553 
364479 
359896 
424166 
360469 
364584 
1107239 
495573 
441667 
445157 
471250 
468490 
438593 
561927 
481771 
492032 
436302 
432969 
399427 
402500 
453438 
464843 
515416 
500781 
494480 
491250 
524688 
500833 
510313 
514739 
534635 
498073 
466250 
447917 
452344 
452657 
424948 
483958 
526198 
503646 
460834 
449323 
450833 
437448 
508646 
482239 
561979 
499063 
500833 
491979 
470468 
424218 
408438 
398854 
430938 
480886 
522605 
511302 
451198 
449896 
437396 
429895 
493125 
535885 
495417 
510520 
461719 
438490 
419167 
412916 
481093 
1377135 
493229 
489115 
509271 
498177 
493646 
486822 
611979 
591771 
604688 
551562 
543385 
496979 
534740 
655104 
573229 
541511 
460833 
412552 
406667 
430677 
455989 
507448 
484635 
466510 
461771 
485469 
522864 
502813 
495781 
569739 
526302 
515468 
553021 
485000 
472083 
459427 
460625 
520365 
427344 
442187 
451094 
449583 
442865 
442083 
475729 
519322 
477239 
476875 
517344 
565938 
559219 
485364 
3077291 
634688 
594114 
618750 
581459 
602031 
594323 
603542 
525156 
477604 
628906 
521406 
500468 
519479 
523802 
461146 
413021 
419843 
493542 
448125 
499583 
486615 
420209 
410990 
436302 
478490 
650782 
550104 
455364 
408021 
408646 
579531 
479323 
573594 
604063 
550468 
513073 
532761 
520157 
426615 
431458 
429063 
442864 
412135 
399167 
395677 
402448 
512447 
539635 
509531 
505312 
443854 
478698 
469895 
434323 
426406 
403021 
405000 
409010 
616563 
474427 
416250 
413177 
401458 
551459 
497084 
491354 
474323 
569063 
529531 
510781 
518802 
578855 
511093 
459844 
577344 
485989 
502813 
581719 
604688 
478854 
486094 
497396 
549844 
488646 
525938 
586770 
575104 
683021 
734219 
614636 
513333 
547917 
501510 
504219 
491979 
593385 
507864 
509688 
520625 
529583 
530677 
620834 
668646 
578125 
555364 
553281 
502864 
493020 
533438 
594948 
610938 
458646 
460521 
472188 
474636 
480885 
483334 
482344 
563958 
497447 
487500 
491771 
607916 
3144427 
525886 
559375 
648646 
609063 
522396 
540416 
616719 
587760 
532864 
530208 
572187 
453125 
448541 
439636 
429739 
415729 
423125 
399219 
392083 
408073 
468385 
505729 
611719 
696823 
456093 
421146 
421094 
446719 
415677 
423281 
415521 
407916 
389740 
419167 
429635 
405938 
432604 
808281 
490208 
437240 
469844 
528437 
465104 
480885 
540000 
458803 
417135 
427656 
407292 
398645 
414427 
397292 
399948 
410052 
551354 
456979 
429167 
441042 
405521 
405208 
452813 
447344 
519948 
476198 
450937 
440781 
436042 
461250 
472031 
444687 
492657 
511666 
448750 
432031 
437917 
445521 
425886 
428542 
418646 
444479 
528177 
485938 
423334 
522396 
536823 
511146 
415157 
436615 
530573 
1133334 
589844 
640208 
527396 
533854 
600521 
492760 
496250 
508594 
496979 
457864 
470886 
485990 
642760 
582865 
582813 
566770 
556094 
503542 
699843 
638020 
635000 
594062 
568125 
524271 
541302 
544375 
3815885 
523698 
525782 
498750 
430520 
418334 
404896 
396250 
398385 
472500 
403906 
405990 
449167 
423020 
397396 
405990 
415781 
408073 
508334 
468125 
423385 
430469 
431511 
407500 
406250 
414636 
420833 
507605 
431093 
425520 
404011 
430937 
451614 
490261 
465260 
422031 
508906 
515000 
575885 
521562 
481823 
470000 
510052 
632969 
861354 
576666 
568907 
556562 
532188 
550417 
680990 
621094 
515104 
437500 
374271 
367604 
371615 
394583 
377292 
408750 
412447 
382344 
381250 
383698 
374427 
402500 
435468 
450000 
441667 
485729 
464323 
484843 
426458 
416615 
431302 
429271 
462083 
512552 
480989 
495833 
443177 
431459 
426719 
426875 
455208 
441666 
463021 
569584 
585365 
556927 
528177 
546823 
498646 
557708 
507500 
446511 
3213698 
7920573 
517969 
483698 
453906 
472084 
468802 
454792 
472708 
493958 
503646 
528020 
579584 
493333 
445209 
9401615 
519531 
507188 
513750 
513906 
513177 
484114 
486771 
505469 
471823 
479688 
463854 
448854 
459479 
466719 
555417 
532188 
525313 
570313 
621459 
574844 
571354 
473646 
497864 
476719 
947240 
573854 
600156 
569688 
557500 
637552 
620781 
565833 
473490 
480573 
544739 
519375 
576302 
528021 
524375 
552240 
609948 
848750 
617031 
545104 
584323 
562448 
565105 
544219 
559896 
658386 
571823 
508698 
495260 
683333 
572552 
673958 
722500 
530990 
517291 
498802 
490365 
553541 
548907 
638125 
555053 
503437 
500156 
574427 
501146 
499687 
500052 
604270 
565313 
623958 
562709 
579062 
553906 
615469 
675677 
818020 
591927 
589636 
567136 
554063 
674791 
615677 
684531 
532708 
564323 
805104 
760417 
550313 
521771 
551823 
505990 
506198 
502656 
572656 
517396 
536666 
514583 
505468 
499479 
509167 
600573 
527500 
571719 
599896 
552656 
576146 
574427 
698333 
580260 
543281 
559792 
580990 
581718 
598438 
763489 
653750 
887136 
594323 
527968 
513854 
571250 
504375 
526979 
518750 
502760 
493959 
507865 
638229 
556042 
503385 
527865 
501041 
526042 
512761 
485520 
595886 
555208 
580990 
583593 
597448 
566407 
551354 
679375 
620000 
654167 
589895 
706719 
696718 
665104 
940521 
548750 
505104 
509218 
505625 
596927 
506615 
531614 
755729 
986145 
658281 
654792 
464062 
473073 
468802 
581562 
612136 
624532 
638229 
582917 
580156 
600834 
582656 
587188 
847969 
810729 
668125 
640833 
575209 
568177 
685156 
759583 
550937 
539896 
521822 
519844 
510312 
639583 
540885 
500469 
511719 
533906 
528489 
505209 
526979 
582813 
512605 
521094 
513958 
500833 
511250 
520364 
555573 
566719 
730000 
485417 
573386 
768594 
605677 
631614 
571250 
628438 
584375 
588437 
550208 
642188 
586198 
578802 
557917 
526354 
506875 
605521 
713594 
711875 
623803 
558073 
552552 
570990 
566250 
792656 
669271 
559739 
562291 
532448 
514375 
558021 
668593 
554896 
500364 
801250 
485417 
439635 
540312 
463125 
487969 
525677 
1353333 
636614 
3778333 
670677 
586406 
531771 
484427 
420104 
430417 
579636 
610729 
552761 
525781 
461355 
422395 
413386 
470260 
489375 
456302 
498282 
442343 
1992864 
564844 
529063 
652553 
554167 
647604 
595521 
587344 
551979 
602760 
563750 
577500 
528750 
542708 
544948 
514948 
620573 
587188 
587083 
561406 
576615 
544948 
577552 
639532 
4184740 
585833 
609896 
586823 
502135 
612709 
692500 
550312 
620990 
535781 
511718 
529531 
670208 
755521 
594427 
593594 
628073 
622552 
657136 
604740 
17454895 
530989 
484635 
462032 
480209 
531354 
498229 
459688 
489480 
568073 
613333 
720417 
647917 
559271 
524323 
588281 
608229 
570521 
562031 
651042 
636302 
583125 
536614 
10158021 
505209 
426355 
431042 
414636 
407552 
423594 
533333 
593698 
541719 
537969 
455416 
409843 
408594 
472812 
461666 
406719 
486354 
9780781 
625000 
1035260 
644844 
604010 
610052 
609635 
526302 
562969 
616666 
24520833 
662916 
538959 
2231823 
540885 
8142552 
644375 
528854 
518021 
498021 
515834 
762291 
459583 
2286563 
555573 
614271 
744167 
725625 
620104 
570364 
583958 
5927396 
3340000 
749218 
16739531 
738645 
654062 
705885 
654740 
775104 
942864 
1159375 
3175730 
600364 
642656 
743855 
719375 
560000 
574635 
929844 
744323 
7751771 
2560104 
620625 
679740 
4041980 
824844 
2408281 
721093 
3981146 
601042 
5727291 
2036198 
3995989 
678333 
613229 
566667 
5593490 
822187 
919688 
633437 
849792 
2156615 
733386 
4008490 
2108959 
4093542 
681250 
2667396 
1735052 
741302 
3460104 
1703386 
786615 
662917 
634010 
624636 
665521 
646250 
673020 
649687 
657708 
1963125 
603907 
581562 
568489 
521042 
527604 
550730 
599219 
550104 
527864 
534687 
527448 
2488698 
11939323 
532500 
572969 
521667 
557448 
524271 
522396 
586719 
553489 
548177 
567708 
541875 
562239 
966979 
631458 
860730 
2315990 
647240 
566510 
1882084 
658333 
758021 
1937240 
797917 
617604 
2024896 
5452343 
616354 
4179896 
4299219 
746302 
1342813 
661250 
1579427 
627604 
3000156 
733594 
1982448 
3766719 
1914739 
548594 
2132448 
1381250 
1712188 
725365 
4515938 
1089791 
580156 
562187 
588542 
609635 
10460105 
651615 
573073 
665834 
739375 
1005052 
620365 
1640312 
654635 
563125 
596146 
570677 
555469 
573646 
596667 
664010 
591823 
590937 
1443697 
2071875 
1143802 
2809271 
3489375 
1459427 
3166093 
630208 
7241459 
611250 
574948 
768959 
604062 
687031 
594115 
589687 
563958 
854375 
965417 
2864427 
4783437 
654479 
2951458 
492708 
542292 
466615 
504323 
440730 
419948 
436198 
2245364 
481198 
7441094 
398177 
397239 
6702917 
481979 
401770 
398386 
374167 
391614 
487396 
908437 
410833 
386145 
387240 
385208 
393437 
373593 
799270 
1477136 
542604 
512396 
468021 
388698 
10697396 
649323 
594531 
1180886 
391875 
382865 
399584 
375521 
379115 
387448 
372500 
456875 
383750 
388906 
366823 
367136 
374115 
380260 
597292 
411563 
471303 
594271 
1402239 
691562 
3835886 
667344 
583541 
388750 
363645 
373125 
4142657 
495417 
529271 
523437 
2023645 
607396 
438386 
396875 
405521 
416146 
483125 
582396 
548958 
526614 
478229 
492865 
555886 
513281 
544427 
526250 
19655104 
472292 
413750 
381615 
412761 
375521 
419219 
367344 
381563 
378854 
389791 
366927 
385885 
407969 
971614 
450312 
460573 
399010 
421979 
405782 
402552 
412083 
403385 
402708 
370937 
372761 
376719 
378854 
3269114 
498177 
451146 
394063 
1669531 
924323 
1162240 
395625 
1812240 
412552 
5466979 
500156 
424010 
383021 
6748490 
557343 
434688 
420573 
401041 
447292 
401198 
416198 
463177 
427969 
391354 
397968 
411146 
399792 
402448 
409063 
397761 
407187 
453125 
395937 
398437 
398490 
413646 
10286354 
516197 
430781 
416354 
435886 
440781 
458281 
415833 
414896 
458802 
403750 
405729 
385052 
402813 
387969 
402136 
392552 
389688 
401823 
445261 
412916 
436510 
469062 
496354 
436042 
492708 
531406 
582969 
527708 
432448 
428125 
407292 
1999896 
768021 
633802 
650104 
867500 
818177 
643802 
679844 
3557708 
726041 
784792 
800208 
804584 
615468 
563021 
597188 
659531 
708125 
721615 
668125 
793490 
897500 
774479 
684532 
611615 
631875 
619948 
613125 
626302 
656823 
628750 
599011 
619740 
824896 
747188 
675625 
635885 
608698 
622136 
625417 
611406 
667604 
693334 
1081719 
1098698 
28842187 
772083 
723907 
6458230 
715521 
664895 
657083 
693594 
630729 
629688 
612708 
618385 
604948 
608854 
13481927 
788802 
746459 
751771 
740209 
781198 
979896 
778698 
673802 
618281 
655937 
578178 
551510 
563438 
671407 
776718 
621146 
617187 
580104 
545157 
548646 
565208 
525417 
563177 
3854011 
582084 
568594 
580521 
538125 
549322 
540729 
811823 
967500 
769166 
796667 
900833 
1294114 
1174844 
931979 
956354 
910521 
790000 
655729 
621198 
711250 
632761 
515104 
552135 
635521 
659322 
661302 
552031 
533177 
513750 
517031 
515521 
519479 
569791 
536302 
518438 
526302 
549687 
530104 
536614 
547343 
549584 
520416 
527031 
544791 
539479 
547917 
580938 
600573 
578333 
592708 
737500 
577084 
586875 
587291 
588178 
554740 
551459 
558646 
547761 
756927 
815885 
817344 
851823 
908854 
877188 
940990 
956823 
810782 
924584 
856875 
529271 
489583 
464687 
476302 
572605 
566719 
519114 
499896 
485990 
466042 
446250 
462656 
499270 
454636 
508125 
455572 
461302 
468333 
462448 
473021 
508802 
698489 
703854 
656927 
686094 
635157 
630938 
676093 
636146 
611771 
603750 
618333 
617239 
602240 
619843 
621823 
587396 
634688 
835990 
635521 
684375 
943438 
882657 
870157 
834063 
740938 
614687 
615156 
647084 
580052 
582343 
555781 
561615 
544167 
564479 
584583 
523646 
537708 
530885 
734635 
587188 
527656 
561875 
531823 
537760 
558385 
563229 
562448 
573646 
539583 
540416 
516511 
577500 
533125 
536302 
570469 
613177 
585730 
610781 
673125 
779062 
703802 
550364 
552865 
538073 
558385 
538750 
522396 
567239 
595782 
534427 
605000 
792865 
647761 
765104 
889844 
883229 
873438 
880990 
705209 
635052 
553073 
563281 
538438 
531458 
604063 
559584 
538125 
550938 
537500 
577292 
564323 
576250 
555937 
516771 
520938 
515677 
543958 
524896 
579010 
563490 
527552 
551302 
573177 
618281 
727136 
608594 
783177 
806667 
701771 
831042 
825625 
713490 
678282 
824218 
772031 
958229 
777500 
798854 
798802 
618177 
573802 
608854 
600052 
561458 
692709 
950885 
750104 
896667 
673646 
645000 
1267865 
1269583 
1022708 
1509010 
1452708 
1648958 
1483385 
922031 
979739 
657448 
675677 
591666 
571094 
608593 
615416 
580625 
636980 
620417 
597656 
635208 
608073 
588541 
639479 
750468 
703594 
603125 
627708 
595364 
669375 
624166 
605625 
569896 
600052 
660364 
654844 
581250 
600313 
576615 
570521 
575730 
616146 
572188 
575365 
582865 
605208 
567187 
620468 
1008229 
976771 
776302 
689531 
723750 
745469 
768489 
834375 
772083 
638802 
618855 
638802 
618542 
584115 
587291 
564010 
590573 
730573 
907812 
661041 
564270 
629166 
559115 
591146 
713437 
769636 
694687 
788854 
714895 
659063 
651459 
661562 
724583 
725364 
763698 
706667 
621875 
685104 
687865 
589896 
623802 
632031 
558177 
570729 
689583 
675781 
639375 
626250 
635104 
607708 
644948 
725834 
805677 
747344 
662865 
624584 
649375 
655365 
694740 
677396 
698073 
772604 
779948 
860886 
831771 
683385 
763698 
589011 
538437 
645677 
625416 
657344 
754948 
696250 
619635 
593802 
910729 
590365 
567083 
536354 
526927 
489427 
500729 
498646 
536302 
572708 
676406 
692813 
660000 
686146 
663594 
679583 
646927 
712188 
691094 
658072 
724636 
652083 
636614 
724636 
848594 
615625 
700313 
816771 
873177 
935416 
884792 
734843 
702448 
618542 
681875 
595990 
715938 
717812 
794115 
795834 
705260 
715000 
749531 
710261 
761823 
726823 
743386 
714167 
753334 
896094 
744219 
751354 
638333 
610729 
641355 
600104 
667709 
680261 
657135 
646771 
656407 
780417 
860313 
687135 
740833 
960260 
929010 
994375 
974583 
886406 
855469 
934791 
888646 
882344 
811614 
882813 
761562 
621927 
566250 
557031 
567916 
531459 
567812 
536354 
508958 
515000 
506146 
489740 
505104 
491198 
525312 
498646 
525938 
524843 
509270 
505781 
522032 
551198 
574791 
588229 
600573 
641250 
607396 
597917 
555000 
556041 
533125 
530521 
548386 
586614 
565364 
553646 
566563 
536875 
534062 
532136 
544896 
587084 
538958 
542656 
553750 
549011 
537552 
542031 
610365 
558385 
572343 
543385 
547761 
615730 
783958 
744063 
595156 
632083 
616615 
576354 
598073 
590730 
556510 
541250 
549011 
536459 
573542 
587604 
564948 
548490 
577969 
545989 
536406 
552917 
589531 
576510 
540208 
554896 
548333 
555573 
549427 
604948 
533855 
718281 
640000 
598073 
611823 
743593 
740677 
602083 
600156 
642240 
607500 
572500 
553541 
536979 
532396 
531459 
562968 
623854 
539271 
555052 
526875 
525156 
540104 
561875 
558386 
544843 
551146 
537239 
543803 
576303 
540312 
594948 
548646 
538959 
545625 
553958 
566407 
591459 
637552 
773333 
712813 
596093 
610000 
629010 
623177 
545573 
560521 
529063 
548333 
551615 
563854 
600261 
539167 
542916 
534219 
538698 
539896 
551979 
588490 
542343 
584844 
561041 
556979 
545573 
570729 
563385 
548645 
568698 
541198 
551250 
565625 
578854 
603073 
714271 
775572 
602344 
601302 
671563 
603542 
544792 
530208 
546407 
546198 
540052 
565000 
592291 
555937 
571250 
557760 
565938 
628073 
589687 
596511 
551927 
558021 
559479 
556250 
568073 
569323 
572604 
840208 
1010833 
978646 
939948 
840521 
741406 
655520 
666198 
679792 
604740 
621145 
596510 
607448 
628177 
624531 
818489 
775052 
586823 
527969 
551354 
519896 
532968 
596562 
524531 
514947 
526875 
587187 
623281 
675625 
666719 
585885 
586145 
618959 
625833 
610937 
644896 
586146 
576197 
580157 
614896 
622031 
596511 
662865 
788125 
796198 
603021 
584271 
504739 
515208 
508229 
487812 
515416 
505937 
537552 
1190104 
816875 
453750 
427031 
395990 
402552 
413125 
425781 
407396 
403021 
402396 
408125 
405782 
486198 
539166 
563698 
538230 
554323 
549063 
535156 
461771 
409531 
384011 
364323 
378594 
366302 
381354 
352031 
370052 
379166 
405417 
368229 
366562 
372968 
394428 
397135 
502709 
428906 
384896 
363282 
421042 
379479 
372604 
395781 
372240 
367969 
405052 
419271 
435156 
453125 
494271 
444688 
437552 
440781 
517865 
523489 
560052 
482708 
815156 
623333 
607135 
526719 
545052 
575208 
636198 
535312 
494635 
421614 
377865 
366770 
379010 
372812 
358021 
382761 
448646 
382188 
376198 
378698 
364843 
367916 
375885 
358542 
363282 
373385 
433178 
350520 
375364 
380208 
383229 
363802 
406771 
388542 
397188 
375000 
489323 
390104 
415781 
390365 
388958 
378489 
363698 
384583 
406563 
396875 
483282 
385573 
370625 
381719 
367500 
361719 
376771 
381042 
388594 
384323 
428437 
371770 
367344 
358698 
405260 
368073 
362657 
365104 
371302 
360364 
367761 
477709 
363334 
383750 
397031 
355364 
368646 
389895 
373906 
382343 
370000 
453386 
392552 
348490 
387240 
376771 
372761 
386563 
373646 
369896 
382760 
418177 
387864 
434063 
543125 
517604 
483594 
504011 
501719 
589791 
508594 
523281 
525573 
535365 
490730 
497812 
487656 
472136 
383490 
377396 
442813 
414792 
379531 
391458 
393593 
372709 
375000 
1192656 
389844 
378542 
369479 
419063 
367605 
358958 
362083 
418906 
361094 
380364 
384375 
362031 
388385 
378333 
365885 
390313 
384843 
352709 
432396 
366146 
399219 
368594 
366406 
383333 
364896 
351979 
342448 
424948 
409532 
388594 
390312 
379688 
356458 
401094 
381042 
371146 
374010 
377812 
425885 
381198 
382188 
366354 
351302 
381927 
411406 
375677 
369739 
367969 
368906 
428386 
392552 
396407 
346302 
371458 
381250 
374375 
363385 
396823 
370313 
409791 
373073 
394791 
384323 
374739 
385417 
367656 
364375 
363854 
386875 
358125 
382031 
377917 
361719 
376875 
375677 
379323 
372500 
369792 
396511 
376250 
417292 
415469 
387187 
373073 
365416 
379427 
404219 
381823 
410052 
378334 
431928 
365885 
381666 
367292 
393386 
382813 
367396 
352709 
409948 
395989 
397708 
375729 
383802 
388959 
371614 
419218 
384219 
396823 
441354 
530000 
615833 
512812 
528125 
429948 
394219 
428490 
397500 
399843 
455938 
408594 
386458 
376302 
437813 
403907 
380990 
393230 
420313 
376146 
422500 
390677 
393541 
367187 
436458 
422604 
479219 
376875 
390834 
392448 
488750 
400625 
385937 
375416 
379427 
391511 
371614 
383334 
419270 
527136 
487396 
527188 
501250 
585208 
571875 
497500 
404323 
435885 
398334 
374895 
390521 
391042 
388489 
365989 
396771 
399531 
403021 
427760 
392552 
396250 
403021 
369323 
381146 
376042 
377500 
392812 
410313 
466041 
408021 
408594 
396406 
397240 
420261 
397708 
381406 
384427 
404531 
464114 
390781 
404062 
419531 
394896 
401823 
403282 
393646 
389792 
460104 
394375 
386927 
397865 
384479 
398073 
381510 
408593 
387448 
390782 
418125 
365416 
395052 
388281 
393541 
361719 
397135 
395885 
391875 
392396 
445573 
377344 
360312 
396302 
559635 
558386 
559167 
533333 
458437 
567969 
498437 
519115 
476614 
464323 
452708 
422031 
419323 
482604 
401823 
391615 
395157 
403333 
368959 
358229 
350208 
359791 
440312 
445000 
384792 
386458 
373854 
352396 
354896 
366459 
376042 
376041 
379479 
437916 
399687 
408594 
391302 
395782 
385053 
374635 
387240 
397031 
382291 
445156 
423281 
414375 
409115 
390469 
405468 
386042 
391355 
390729 
392865 
447083 
427813 
366614 
376667 
374167 
382084 
364636 
364114 
378959 
373646 
401458 
387708 
394531 
392708 
360260 
386042 
372292 
373750 
401511 
374063 
385156 
359635 
355157 
374115 
373750 
362656 
371719 
367396 
386562 
376563 
381354 
414740 
387084 
401823 
394011 
375261 
388854 
385990 
379271 
397708 
397188 
424532 
393386 
378854 
364636 
375365 
393698 
397761 
386823 
379323 
368385 
450208 
383073 
409219 
396146 
414895 
419427 
395521 
996302 
538385 
409531 
375469 
380208 
390417 
383333 
381563 
390156 
369114 
375208 
421615 
398438 
381927 
376406 
414323 
401875 
382188 
402812 
375365 
379792 
443125 
388750 
381094 
390572 
405520 
400312 
391406 
380104 
393333 
387240 
417239 
383229 
424479 
415156 
379323 
383177 
370938 
400729 
374635 
355052 
422760 
400052 
374271 
387343 
392552 
384740 
373073 
388958 
378229 
405208 
434791 
415885 
407031 
381354 
365573 
382917 
367552 
363802 
367604 
375729 
390677 
557917 
405677 
376666 
375677 
382500 
370208 
350105 
400677 
385416 
449010 
411198 
404948 
406562 
359896 
356459 
391771 
379219 
369218 
394688 
377344 
415834 
387448 
385573 
376459 
383802 
437187 
386511 
367917 
371146 
357968 
427605 
371250 
395729 
380990 
373594 
402396 
393229 
390365 
385520 
373333 
446094 
388020 
413490 
382292 
358125 
365937 
368177 
368542 
377656 
399791 
417292 
388802 
400000 
367448 
376406 
391927 
381146 
366250 
377812 
393177 
431198 
373073 
412395 
405000 
452448 
363177 
387136 
368229 
394062 
422343 
416198 
441511 
492187 
518229 
500261 
501563 
503177 
503802 
589011 
622396 
504896 
601459 
545469 
538854 
612083 
652864 
624948 
547135 
543230 
576667 
550677 
547239 
605469 
564635 
534219 
6971510 
584688 
518958 
500416 
511718 
516250 
519531 
536354 
521302 
517604 
518333 
494063 
500573 
520417 
507448 
557239 
495156 
489114 
512083 
491927 
519062 
494948 
485833 
550104 
511667 
503125 
509479 
502813 
496459 
515000 
525833 
502864 
513073 
495573 
516042 
503802 
501771 
480468 
8923698 
588750 
522813 
705417 
831510 
763490 
708020 
629844 
658750 
670625 
638229 
891459 
678281 
650938 
630833 
767135 
747448 
802656 
498438 
509687 
473646 
492865 
491042 
542395 
538802 
590937 
853750 
832813 
827396 
561771 
851875 
523906 
630521 
470989 
664219 
516511 
526666 
460208 
816562 
727604 
558854 
850521 
954010 
732916 
513854 
563854 
529375 
552292 
564635 
461458 
406146 
554114 
553594 
452657 
400000 
376510 
388490 
435312 
396823 
389479 
390730 
381354 
403230 
384948 
418906 
375885 
397083 
482552 
380156 
400104 
374635 
360156 
383438 
380625 
409063 
426198 
518698 
481823 
439688 
417656 
394114 
386094 
377083 
410938 
402604 
393802 
469896 
395313 
404271 
398333 
417813 
406250 
390573 
447813 
498020 
482448 
410365 
500208 
391406 
438021 
382709 
454948 
376666 
413021 
560990 
442135 
510104 
529636 
498750 
466563 
528959 
525261 
578594 
491458 
536719 
507916 
488177 
508177 
462084 
488959 
584271 
7927136 
482448 
534219 
515313 
485990 
502864 
731198 
671407 
531198 
549583 
530781 
530052 
554479 
646615 
16629792 
407813 
375208 
362083 
358230 
503802 
519687 
531823 
527239 
530260 
517604 
488489 
501198 
527240 
507031 
501823 
575781 
506719 
498646 
506771 
536823 
522343 
518333 
521875 
635885 
709583 
564583 
506875 
500625 
496042 
519271 
528021 
500261 
511354 
520729 
514219 
505209 
502500 
523073 
514427 
523854 
514844 
18854010 
438438 
373855 
369687 
358906 
371198 
513229 
528073 
540469 
513125 
510468 
485417 
527083 
502657 
517552 
17160990 
447708 
374167 
376406 
369114 
377656 
495260 
511198 
509791 
523490 
504635 
510000 
490364 
484948 
514114 
499791 
513073 
739062 
516614 
613334 
484843 
518593 
758854 
634375 
490000 
424479 
394427 
484896 
507552 
515417 
485782 
515729 
488437 
454271 
467136 
414166 
450625 
452031 
463594 
406302 
489375 
437917 
408594 
393073 
422552 
388229 
389115 
430834 
399635 
619271 
377188 
360989 
388178 
365937 
371771 
369375 
480157 
480469 
381928 
509844 
467865 
460312 
489271 
489218 
485469 
498333 
487136 
523125 
524271 
467812 
500156 
481719 
517865 
484583 
469427 
492240 
458697 
482500 
478333 
482604 
497657 
487136 
486094 
496875 
490000 
486979 
462969 
488593 
492292 
510782 
494166 
687448 
519479 
488125 
488177 
492552 
516198 
496146 
496979 
543072 
528229 
671093 
688177 
637031 
617240 
699844 
687656 
593489 
558490 
506615 
504114 
493490 
526719 
506146 
493959 
495781 
502760 
496823 
487969 
488698 
607604 
498282 
499063 
520000 
498594 
493229 
498594 
512396 
510833 
505781 
507760 
499896 
495469 
673281 
510938 
526198 
505260 
504011 
495312 
496250 
494375 
491927 
496667 
534687 
497761 
509687 
488958 
486250 
501302 
495521 
504063 
515313 
491406 
495469 
492188 
495313 
491563 
524791 
496771 
576823 
498385 
507032 
489323 
491510 
660208 
518125 
528490 
520312 
491406 
490730 
491562 
498646 
496771 
497032 
529375 
513906 
499583 
497917 
506563 
496563 
493489 
504323 
577292 
497448 
513385 
493489 
487396 
486770 
509271 
519531 
542760 
520834 
492396 
513594 
472240 
445677 
558750 
558334 
509896 
413542 
408646 
390156 
390364 
494740 
487813 
509063 
508229 
385677 
511562 
462761 
469114 
447708 
465885 
464948 
499375 
477552 
463021 
469948 
458802 
471198 
459011 
460365 
465989 
484583 
462969 
465730 
457084 
461771 
456927 
461302 
453021 
486146 
370208 
376563 
378906 
395625 
481458 
464896 
462343 
381875 
367605 
379062 
372031 
387239 
358906 
373698 
388698 
382552 
371094 
372812 
369635 
388021 
449895 
374844 
352448 
361458 
380104 
349948 
364739 
368177 
365104 
356302 
394636 
375052 
359114 
363281 
364739 
363750 
357187 
369479 
370572 
365000 
353646 
404479 
376146 
356980 
359219 
371250 
361146 
364166 
367396 
346666 
353177 
361042 
431302 
384115 
367031 
374532 
368437 
354219 
380417 
359115 
359636 
357552 
414531 
378438 
360730 
389011 
367083 
364792 
369948 
368594 
353750 
348646 
363906 
389635 
345625 
1510208 
372552 
369635 
368907 
355104 
361979 
410938 
360000 
355209 
346979 
373073 
370521 
345468 
366562 
342343 
367760 
372968 
409479 
357760 
351303 
377240 
356146 
350573 
360105 
350938 
363854 
351667 
435677 
378334 
359636 
371146 
401927 
347240 
423750 
397812 
346197 
348698 
385468 
402396 
360468 
357969 
386093 
363385 
355677 
358750 
350781 
446459 
346355 
354479 
396979 
368230 
389688 
488229 
346406 
353802 
366562 
351406 
432969 
386823 
364843 
428386 
374010 
373333 
485000 
387604 
351719 
438802 
361355 
397031 
456406 
374062 
387864 
462968 
366458 
381771 
345417 
352500 
391458 
374479 
391823 
386563 
380469 
366823 
470521 
390104 
516927 
504792 
482448 
628594 
532031 
441875 
436042 
394844 
419636 
396823 
420313 
508959 
431979 
410729 
382969 
395989 
384323 
395886 
368385 
399375 
449375 
513437 
397396 
409323 
369166 
375990 
380104 
367605 
353386 
345677 
345417 
406145 
389323 
420417 
428698 
400833 
375729 
394687 
388021 
387395 
415312 
450938 
396615 
391771 
414167 
394740 
420261 
418125 
401771 
386093 
397604 
453177 
374740 
406354 
420312 
409375 
391354 
400313 
394532 
400677 
428386 
386719 
363020 
373594 
378073 
372969 
406094 
390677 
399375 
383229 
438437 
432917 
427291 
406718 
394791 
406667 
406927 
398281 
401250 
422552 
448593 
400625 
435833 
405990 
433438 
481041 
404896 
385938 
413230 
453854 
422812 
438750 
412240 
387500 
382239 
410156 
404114 
392448 
440990 
439323 
386302 
382500 
402552 
391406 
412240 
410208 
411562 
378750 
377396 
478230 
399687 
385000 
389739 
373542 
390365 
381979 
432239 
412396 
392448 
419063 
424427 
458125 
441927 
451198 
428698 
423802 
433229 
489271 
448542 
460104 
477916 
472709 
467344 
500989 
439636 
408021 
498750 
453177 
442656 
464010 
480104 
448802 
454375 
477865 
500677 
469792 
488541 
469115 
462604 
447708 
508125 
462239 
478646 
448698 
398125 
403229 
389167 
412656 
415521 
417135 
438177 
413802 
461406 
416823 
379115 
387240 
400782 
405677 
407448 
367187 
384531 
374843 
422657 
369792 
379167 
391979 
380261 
408386 
364271 
372292 
389740 
386406 
424167 
462864 
373906 
391042 
386562 
398333 
376563 
400052 
405625 
753073 
546771 
543646 
499895 
541615 
558334 
553490 
564479 
435052 
395886 
374635 
360469 
363281 
377708 
428073 
375052 
351041 
508281 
417292 
408177 
416093 
368281 
349479 
458698 
454375 
379323 
361407 
386927 
356614 
353177 
372031 
369271 
376719 
378802 
380000 
374323 
355833 
391146 
441875 
352709 
371667 
385885 
371666 
370782 
370781 
370729 
358282 
356667 
381771 
363698 
363125 
374271 
364947 
361563 
364636 
366302 
360729 
360469 
368073 
393333 
351354 
370469 
357865 
356458 
353073 
366354 
363542 
346093 
363177 
357760 
437032 
364427 
361407 
359948 
360157 
370313 
356042 
351458 
370625 
356250 
377813 
402656 
366666 
360417 
355521 
378750 
380989 
361667 
358698 
372969 
387188 
412500 
420625 
426042 
402657 
415312 
389844 
404531 
414375 
411354 
383281 
415886 
444167 
390156 
396979 
370261 
372448 
367136 
403021 
519375 
617135 
476562 
425417 
412396 
403594 
470417 
535104 
524687 
459948 
438333 
430156 
385468 
369947 
410677 
379635 
411511 
402552 
458593 
438906 
430052 
389271 
393958 
388073 
414114 
414271 
460625 
558333 
707136 
556042 
521407 
508802 
500834 
504584 
546354 
624844 
447031 
406146 
448438 
390833 
365990 
359375 
357343 
377396 
371875 
477708 
389011 
369271 
387656 
359584 
348490 
364948 
361406 
359896 
392135 
506146 
381562 
356041 
368386 
367448 
352812 
380313 
368333 
334115 
364271 
375416 
388230 
360157 
364532 
370365 
371302 
368385 
364115 
360625 
383802 
390052 
504011 
371406 
370157 
357969 
358645 
393073 
377812 
391928 
381198 
389844 
429323 
392239 
379063 
391771 
384166 
376823 
389323 
379948 
391355 
399687 
508177 
453334 
453958 
456146 
411719 
403594 
430156 
433594 
459636 
532031 
486666 
434011 
399063 
421041 
433489 
419635 
420834 
432552 
482500 
423750 
448593 
413177 
408125 
417604 
389480 
389219 
398021 
483750 
436459 
422656 
414167 
389011 
373073 
380781 
401615 
359844 
379948 
423385 
401198 
406250 
523125 
550365 
555678 
472761 
448750 
457708 
409166 
407864 
376667 
371563 
379271 
385990 
392500 
393489 
396407 
449375 
420208 
471771 
567605 
534219 
565000 
553229 
544635 
637865 
607136 
556510 
443490 
396250 
386823 
372239 
385989 
443385 
356198 
385782 
391094 
381875 
366250 
363646 
373593 
360833 
384271 
422031 
386250 
348646 
381198 
356354 
374011 
364011 
403750 
364479 
377448 
363750 
406667 
348750 
381614 
385365 
366302 
356979 
385782 
377032 
390886 
347968 
422553 
401771 
359427 
397916 
366250 
358958 
369896 
351094 
377292 
358333 
390417 
446094 
386510 
359583 
398854 
362500 
389635 
449427 
545261 
460729 
547240 
426146 
389167 
370677 
394375 
374531 
379584 
392136 
373177 
356250 
417032 
393907 
376146 
373438 
414531 
498958 
456250 
427136 
404427 
424427 
387604 
430104 
380000 
365521 
522343 
538854 
540208 
511823 
582968 
494583 
502187 
548541 
477969 
405625 
374428 
369167 
455417 
375365 
376979 
347187 
361875 
387865 
370573 
365937 
366094 
381406 
374479 
435208 
375313 
383803 
388229 
359636 
362917 
369375 
369427 
361719 
398906 
5190417 
588489 
531094 
507396 
10102968 
508125 
418385 
381250 
398802 
391302 
379062 
413906 
462656 
388959 
389531 
392291 
372395 
370573 
426563 
436771 
381354 
387812 
390573 
379792 
389479 
377448 
376823 
371771 
375469 
382396 
388021 
395105 
385625 
419740 
364427 
369271 
387969 
361354 
376250 
374791 
365416 
386406 
369271 
417188 
486302 
444062 
413594 
388073 
375677 
398542 
401667 
392864 
406719 
472240 
393750 
381563 
389063 
404062 
397448 
407656 
393437 
393594 
426250 
434687 
384947 
390834 
394792 
379896 
409948 
447604 
477448 
400469 
502396 
453125 
411406 
392708 
412656 
443073 
420625 
400625 
405365 
436615 
438750 
543386 
540625 
512552 
519428 
554219 
524583 
531719 
477396 
460625 
473385 
404480 
406198 
394584 
393177 
398386 
449948 
385885 
401562 
395156 
385260 
385885 
390000 
380156 
381562 
406354 
435573 
377761 
385053 
410209 
401562 
383437 
378906 
368177 
365625 
367343 
423281 
371719 
366354 
373125 
366250 
365886 
371302 
365886 
364792 
362969 
381459 
369687 
377604 
398073 
370729 
371354 
363541 
374010 
373541 
371146 
370573 
407395 
391094 
406875 
401198 
384115 
399792 
419532 
375469 
380573 
398594 
454948 
450781 
424948 
432761 
401927 
410885 
425990 
383802 
386042 
373125 
370365 
355000 
356146 
371563 
355156 
373073 
360156 
355469 
339636 
436302 
573438 
430469 
357917 
392656 
424427 
403229 
362604 
355417 
361563 
353698 
401562 
358959 
350052 
352343 
358541 
348646 
347969 
362761 
336718 
433385 
391093 
408073 
374166 
372552 
410834 
406042 
372343 
384010 
366927 
372657 
392344 
461146 
406198 
375208 
385156 
368854 
361927 
369115 
348229 
365157 
366719 
348437 
366042 
352188 
368542 
369739 
364844 
378386 
364375 
354739 
357709 
374583 
402761 
359792 
362604 
365625 
365313 
365208 
365990 
357344 
360729 
380208 
359948 
405000 
371146 
364323 
359219 
364740 
359740 
352709 
351718 
357865 
364219 
359740 
426094 
440312 
408437 
388385 
419843 
411145 
373021 
419010 
434218 
471719 
410938 
409115 
386563 
376459 
385313 
385052 
375000 
369687 
365209 
419062 
397553 
370105 
364687 
436094 
376510 
390625 
462239 
381407 
362656 
467500 
425833 
442187 
431771 
432136 
417500 
435261 
415886 
395729 
401875 
363073 
362760 
354323 
352083 
370052 
381510 
384219 
400469 
388594 
397084 
476041 
412188 
420729 
418021 
413334 
414687 
451458 
425312 
422604 
482448 
443542 
436979 
414480 
441406 
400052 
374583 
417812 
452239 
456146 
411146 
412240 
431510 
420261 
442343 
436250 
410677 
400365 
440260 
388073 
368750 
354896 
398334 
387813 
385729 
393386 
402500 
396094 
462605 
417865 
405000 
357500 
394792 
366667 
376302 
375938 
366250 
367031 
387240 
448645 
381406 
366042 
391354 
361719 
379739 
453386 
397864 
422083 
464635 
441823 
413073 
390313 
409584 
378229 
369062 
376563 
376198 
384792 
424896 
400469 
366615 
371615 
388855 
1519219 
441511 
475990 
427031 
393698 
387969 
365886 
363802 
360677 
393437 
360937 
375364 
383125 
418021 
368281 
382448 
377656 
378698 
370105 
407604 
413021 
412552 
508750 
466719 
418333 
384792 
436302 
518489 
510104 
561458 
529896 
494219 
481562 
443854 
413229 
393906 
446093 
440834 
415886 
526250 
452969 
426771 
411562 
430573 
432604 
422657 
442760 
431250 
436980 
409375 
379792 
393697 
396146 
403542 
396145 
410261 
421875 
391771 
429219 
379062 
381770 
358281 
362500 
368437 
358073 
369219 
367708 
380104 
353698 
395885 
371615 
359636 
380260 
426823 
431667 
404219 
396042 
419844 
402396 
480364 
436875 
396979 
415208 
420261 
410364 
418021 
393645 
412500 
429166 
398073 
442344 
435677 
525677 
451354 
441250 
399167 
501094 
586563 
442031 
422395 
525989 
553333 
513125 
479792 
600157 
551875 
554323 
452500 
381719 
367083 
374740 
377083 
413854 
452083 
387344 
367239 
379792 
363907 
367969 
354010 
377656 
365781 
379166 
377500 
412552 
376093 
383907 
361042 
383333 
363959 
370573 
404115 
408333 
441302 
487917 
440104 
392396 
410989 
438750 
431980 
438438 
417084 
435261 
457552 
433698 
397865 
376250 
422605 
403281 
396771 
383333 
401198 
413907 
466302 
411042 
404688 
404375 
388646 
427500 
435781 
414427 
478594 
599270 
423750 
369479 
550209 
397917 
393489 
419948 
425625 
421407 
470834 
418230 
404896 
438229 
412812 
405729 
400156 
429114 
427135 
482084 
456042 
405781 
585208 
469167 
465521 
425520 
398802 
400781 
437709 
380521 
419219 
370990 
390573 
368906 
382344 
374688 
379323 
377240 
446719 
397136 
381927 
533958 
472760 
416250 
410625 
402760 
363438 
485729 
399323 
398854 
379948 
371302 
363698 
387917 
386250 
374635 
386979 
433594 
384844 
380782 
587291 
454687 
480312 
540209 
448177 
383645 
463958 
391718 
412188 
430885 
442708 
421771 
411302 
402813 
390677 
457136 
452760 
403542 
385053 
384896 
408802 
451510 
426771 
444531 
454688 
427865 
458854 
392344 
384844 
393594 
414166 
377031 
381042 
412187 
426614 
377135 
377292 
378594 
411406 
431407 
427917 
406511 
386875 
415885 
449062 
372917 
377240 
386406 
370365 
386458 
394584 
365938 
380468 
359844 
424792 
384115 
411302 
397916 
375052 
385417 
421406 
473230 
532031 
571927 
561562 
526302 
561614 
548958 
464427 
416510 
434583 
450000 
445157 
397500 
398594 
425730 
453229 
447136 
425834 
398125 
433854 
428177 
401302 
386198 
419062 
411042 
416041 
407865 
396250 
369271 
464896 
407916 
381979 
394948 
394480 
424635 
393490 
466980 
490729 
587604 
552084 
561458 
567865 
521250 
543542 
477657 
453490 
434428 
543282 
567344 
540521 
540989 
524687 
459948 
478646 
482239 
436823 
416510 
417708 
430312 
406302 
401667 
418438 
438854 
410938 
410312 
388698 
383645 
399270 
419531 
412604 
381927 
399479 
419063 
402136 
427760 
466927 
509375 
466719 
479010 
416667 
423906 
413750 
394323 
410156 
413386 
423178 
424948 
438906 
439584 
431718 
481198 
397917 
399166 
380000 
438229 
504479 
490260 
487552 
502761 
525104 
485573 
466094 
433698 
446354 
414948 
404115 
360573 
403020 
360208 
372708 
388281 
410052 
414115 
407917 
417500 
392291 
384375 
381250 
406042 
408750 
414948 
401407 
420156 
397708 
397656 
431406 
436875 
508333 
407084 
406303 
388959 
406146 
391042 
396354 
383333 
406458 
464480 
401927 
388125 
389687 
429792 
404219 
394063 
427865 
398438 
409740 
535052 
437396 
412500 
389219 
401354 
386771 
383802 
387969 
361511 
365885 
422968 
420573 
402708 
421719 
377865 
360834 
382084 
365938 
358646 
379896 
445781 
386042 
394010 
398073 
405000 
411927 
409062 
395104 
411511 
470833 
518645 
542447 
543802 
498698 
453177 
419948 
448594 
416771 
424896 
388281 
399896 
401041 
387031 
418489 
408698 
464479 
407031 
432604 
417552 
436667 
438229 
456979 
450313 
411719 
382032 
479948 
604687 
550052 
511458 
430052 
430834 
413697 
428333 
436667 
483646 
516250 
538802 
543281 
526875 
548125 
504167 
430365 
463021 
423073 
405937 
395364 
369115 
364531 
398854 
393907 
390364 
423177 
505365 
393854 
385989 
352084 
367968 
359323 
360625 
417135 
384688 
375677 
419896 
404167 
354115 
363021 
384740 
372239 
408021 
527969 
516198 
572969 
20381302 
548438 
460938 
401042 
421302 
433125 
520990 
445208 
845208 
563334 
19254948 
467760 
448958 
372396 
406146 
522969 
506563 
536510 
585938 
486146 
540260 
510573 
639375 
641927 
527187 
552136 
554166 
639583 
742656 
682656 
578073 
616458 
562396 
526667 
534792 
559375 
524011 
511563 
549791 
519271 
510729 
545416 
543073 
528229 
541250 
559584 
763333 
769375 
934948 
806667 
801094 
750833 
802032 
712552 
679844 
572552 
522969 
443855 
497188 
470625 
499167 
491459 
475938 
505260 
526041 
505364 
487031 
511510 
508281 
589688 
517031 
494219 
530729 
500938 
509636 
506302 
520469 
505208 
509115 
536042 
536459 
503802 
501042 
513021 
498594 
454844 
538489 
530833 
523230 
522864 
509635 
497188 
506458 
521459 
560729 
588073 
693854 
751302 
616354 
595208 
578698 
561718 
562865 
576979 
533021 
584115 
672031 
674218 
602657 
554271 
570677 
543645 
556510 
448490 
1108177 
2757604 
943438 
639010 
694896 
748073 
571407 
516563 
486302 
503907 
416094 
363333 
346563 
10686875 
667083 
405000 
391354 
374531 
349844 
363021 
376562 
375104 
391510 
423542 
404636 
407239 
374948 
417031 
374115 
382135 
406250 
441146 
473542 
498177 
481666 
418750 
713854 
454218 
493385 
462396 
482396 
426875 
413073 
440677 
510469 
465260 
424479 
406354 
401875 
438437 
402240 
422292 
387031 
396094 
428750 
421875 
415156 
427604 
402864 
430782 
395260 
389010 
399844 
396979 
422865 
412812 
400208 
403229 
404948 
407709 
426511 
3986979 
701927 
686094 
644844 
461875 
405834 
531511 
588698 
465625 
435937 
451666 
434114 
441719 
403750 
472865 
459427 
435209 
444063 
441979 
424688 
434740 
446979 
431980 
454011 
496302 
552760 
451979 
470573 
440104 
470625 
438489 
474114 
419062 
409375 
413333 
427969 
444427 
446718 
476250 
425364 
489532 
486927 
426562 
417343 
402553 
379114 
400938 
420886 
452344 
623385 
460833 
462552 
424739 
414687 
418386 
414427 
408490 
411510 
480730 
420990 
428333 
435416 
400729 
402916 
411563 
408021 
386771 
380052 
457448 
420000 
387708 
398021 
423437 
411615 
412083 
417917 
424271 
453854 
418438 
419948 
413333 
401615 
420573 
391093 
407552 
447500 
427552 
414584 
413541 
438594 
427188 
414948 
442291 
388542 
390834 
395833 
478750 
412969 
399583 
395260 
417552 
473906 
514323 
444479 
436250 
445417 
387240 
412084 
420000 
447188 
444636 
419583 
415313 
427447 
444844 
439115 
450937 
428230 
408072 
453959 
418958 
424479 
410416 
470521 
454688 
442135 
450781 
434843 
674167 
429323 
465260 
427968 
425521 
461718 
435313 
426198 
423698 
412032 
417708 
426250 
485469 
437656 
425677 
444479 
418698 
417916 
468750 
464635 
418125 
468073 
403229 
418281 
425833 
427552 
446718 
416041 
385781 
397656 
434115 
496093 
446406 
429115 
460313 
459584 
490834 
431614 
445469 
697708 
426146 
410989 
407604 
421093 
423646 
432969 
443958 
413593 
448125 
448490 
412292 
421094 
411198 
452136 
443437 
426563 
453073 
511980 
532240 
476458 
429844 
416042 
419115 
381979 
372344 
373438 
407656 
414271 
387135 
424375 
439687 
410104 
425156 
436145 
404948 
472448 
426771 
443125 
433073 
419740 
456198 
409635 
416510 
446042 
464792 
419687 
407187 
501562 
504635 
505209 
526823 
449687 
459948 
558698 
509791 
473281 
446355 
447135 
416614 
460781 
434062 
429271 
480208 
485417 
520885 
479844 
578490 
595573 
632761 
574167 
516615 
507187 
548594 
557500 
562812 
452135 
489010 
419740 
428802 
406250 
415937 
412396 
396198 
388229 
426198 
484635 
402656 
396042 
408959 
377500 
372292 
390104 
388594 
389115 
379010 
442864 
395625 
421355 
429322 
529635 
434948 
392240 
403021 
368958 
368073 
437812 
366250 
365052 
386094 
374219 
361458 
346042 
365104 
359948 
362708 
423177 
375156 
365781 
384531 
397187 
364583 
368959 
422968 
378177 
378645 
386823 
406355 
355781 
383282 
394115 
374531 
427291 
421979 
399322 
421354 
473386 
394115 
375573 
377656 
391146 
375417 
1602343 
642136 
424583 
919062 
522656 
499896 
391666 
427760 
364532 
471302 
357292 
383802 
358281 
357865 
369583 
362761 
363073 
361875 
375052 
420417 
408698 
406979 
389531 
366562 
358541 
383802 
357084 
408541 
374895 
387240 
374375 
391927 
365260 
376511 
384427 
402812 
379739 
367656 
389166 
390417 
472656 
394531 
385052 
366146 
384427 
397031 
367864 
400782 
407448 
375833 
412865 
385521 
414271 
436302 
382761 
390312 
391875 
407864 
373021 
480469 
395833 
386823 
375833 
377239 
366510 
381875 
421771 
376510 
370312 
448229 
373802 
377916 
422239 
384375 
357760 
374948 
391511 
377344 
386146 
510156 
385625 
375781 
381354 
421302 
451770 
567396 
431771 
368021 
452031 
408386 
368542 
382708 
422395 
421406 
419688 
397187 
406146 
391614 
444843 
392552 
375729 
404896 
382500 
378907 
409479 
377812 
413125 
372552 
459063 
417969 
409688 
400312 
404948 
407291 
380000 
366718 
361562 
428282 
448229 
361979 
372448 
365885 
386510 
382864 
401198 
364948 
372031 
389532 
437500 
382084 
425938 
384218 
374740 
388646 
420937 
531614 
471093 
469062 
381979 
394531 
391979 
393646 
399323 
445989 
439740 
409480 
382917 
468333 
391303 
398125 
363541 
388073 
378541 
372187 
387135 
405468 
364218 
421562 
374844 
413229 
504583 
517031 
549636 
500052 
529010 
572969 
551041 
532291 
580833 
540104 
504479 
525834 
646354 
761615 
573594 
524531 
563386 
721354 
573386 
503177 
512031 
564531 
539531 
528542 
533229 
524010 
567447 
542864 
523177 
497916 
493282 
506094 
542032 
574062 
523698 
593542 
618854 
643230 
499114 
491302 
534844 
438385 
367500 
389323 
416875 
400573 
414896 
409792 
397500 
789271 
422969 
365885 
405573 
368490 
371458 
379011 
387708 
378542 
369895 
481562 
373802 
407083 
537396 
510209 
500885 
493855 
462084 
358542 
420000 
368802 
352239 
365781 
402969 
407761 
447865 
388125 
378698 
371146 
427605 
362969 
389583 
368542 
373177 
392292 
395886 
376875 
399323 
398489 
430833 
377917 
381875 
411562 
392968 
382083 
385365 
379740 
382344 
417708 
419739 
371041 
390886 
408230 
506198 
442396 
389844 
487605 
499375 
622917 
566615 
562968 
607500 
486771 
446198 
547135 
497708 
414062 
408073 
434271 
411042 
423125 
410365 
410990 
385729 
394583 
459740 
404843 
400521 
441875 
402500 
437136 
437917 
501615 
479011 
546927 
462708 
467084 
438855 
424323 
445625 
424791 
414843 
432396 
413072 
417240 
470782 
402552 
398438 
415000 
401614 
412657 
391615 
475105 
421250 
413489 
396146 
375990 
368958 
357605 
378438 
375729 
364115 
419323 
373437 
371093 
367864 
403437 
359948 
376094 
387969 
371875 
380782 
427656 
392239 
378021 
415521 
401667 
356458 
384114 
369480 
382344 
372708 
362500 
436875 
380989 
416354 
485000 
493959 
460104 
461510 
516354 
558542 
444375 
456354 
414584 
391510 
408906 
399636 
395365 
401198 
443854 
433489 
445313 
425521 
370365 
374896 
365260 
377448 
360000 
376771 
441719 
393542 
403854 
372917 
403698 
374687 
408282 
454428 
429480 
411458 
535000 
410260 
396875 
393281 
380156 
359843 
363959 
364219 
351302 
359427 
406771 
397761 
420000 
410052 
452917 
402813 
422292 
521406 
560261 
612396 
572656 
591302 
571562 
543229 
468646 
441718 
558490 
564896 
579740 
531980 
554323 
599062 
534166 
556510 
499271 
539844 
541511 
455312 
526146 
441562 
404375 
455729 
400885 
362552 
375208 
377604 
359583 
358698 
354479 
369896 
363437 
364687 
432292 
366042 
371563 
378281 
365781 
381510 
395573 
394844 
376510 
390052 
482708 
411354 
374219 
405730 
377187 
382760 
401302 
387917 
371823 
401406 
459479 
408750 
380417 
392605 
396198 
366771 
395885 
375312 
382136 
357552 
451615 
400521 
368281 
423802 
399739 
368125 
376407 
382344 
392344 
400156 
442343 
393229 
376459 
368750 
386927 
395834 
410833 
379167 
353229 
365469 
394375 
394740 
412500 
382135 
401510 
371875 
381406 
383959 
419428 
413854 
457761 
424688 
365833 
345885 
362083 
384115 
387396 
363489 
379427 
372708 
405520 
392969 
378855 
381927 
364323 
376979 
373646 
364010 
387188 
369532 
370052 
516146 
537292 
414375 
361094 
385469 
432188 
373177 
379844 
374063 
446667 
361875 
15485052 
641875 
405000 
401198 
391198 
393802 
420208 
448229 
446770 
476354 
416927 
376406 
393386 
475364 
406146 
386146 
403803 
405990 
425938 
16595313 
480416 
389323 
379792 
355312 
390677 
412552 
3441667 
640833 
385677 
369322 
403698 
381458 
367448 
611719 
759791 
814896 
780625 
468125 
448281 
465417 
3280625 
587500 
481719 
507552 
556510 
500937 
576823 
461510 
400000 
378646 
477969 
479219 
466979 
466094 
472448 
501614 
412031 
386354 
399271 
665781 
536041 
534219 
520468 
529739 
381250 
401562 
364427 
367917 
383021 
372239 
391718 
370781 
407031 
443230 
410729 
414427 
377291 
385833 
393645 
370834 
382969 
367344 
398542 
434062 
364843 
375625 
364010 
384011 
370052 
406146 
393697 
366198 
401250 
446563 
403125 
423646 
388698 
390104 
380312 
377656 
383646 
381615 
558230 
608385 
870677 
450573 
413854 
380729 
409896 
375990 
416354 
586875 
513437 
495521 
522448 
512917 
521666 
512083 
519323 
520000 
514114 
514635 
15039375 
425417 
371719 
360833 
378698 
534688 
498594 
496146 
586875 
520260 
499427 
552864 
520885 
501771 
516563 
533021 
506146 
15866094 
446718 
372344 
388750 
379739 
335469 
383333 
500834 
462708 
12790104 
391823 
423907 
416042 
512343 
455365 
425834 
609271 
16669115 
432709 
390105 
357552 
372604 
395573 
520677 
468438 
583437 
531041 
515625 
661823 
538541 
488386 
9900208 
385104 
407916 
536719 
524271 
452812 
512031 
550416 
516093 
511146 
497500 
519687 
478333 
501407 
497240 
549844 
503125 
495885 
515469 
480052 
493593 
411406 
377812 
516407 
503802 
481667 
457344 
519792 
492656 
483698 
463907 
522083 
451927 
430677 
418177 
406459 
411145 
368854 
371459 
421459 
487917 
461719 
429375 
452552 
473021 
490573 
413542 
396614 
399896 
476459 
410625 
373437 
373021 
389427 
350313 
410417 
381406 
356719 
362969 
440625 
409323 
405104 
422240 
411146 
395938 
398854 
404531 
381719 
376042 
432500 
408490 
390104 
383438 
382291 
378906 
369479 
366927 
394739 
365156 
426666 
389792 
379948 
392813 
384740 
366302 
384010 
413594 
390729 
389636 
458802 
385573 
416563 
369844 
391875 
391823 
399375 
397916 
371875 
408750 
452969 
388958 
384218 
387813 
405156 
380729 
388906 
373646 
381875 
367448 
431458 
419532 
417448 
373333 
374635 
399114 
389219 
390416 
394584 
371563 
404062 
416406 
393646 
369114 
414271 
379063 
386823 
381614 
390834 
370364 
440781 
438802 
392292 
385000 
383229 
404115 
403646 
385417 
421250 
422760 
461042 
408282 
405052 
384166 
382656 
401719 
382084 
386041 
386093 
373958 
446667 
397136 
388542 
394531 
387447 
407761 
380729 
377084 
407136 
428802 
458437 
386562 
387760 
392084 
399375 
397604 
388177 
389114 
417396 
396355 
449166 
392344 
438646 
422135 
412761 
503385 
423334 
2340156 
660833 
436146 
398594 
371719 
443697 
454896 
491094 
476042 
430937 
466615 
438385 
444166 
413333 
401562 
480938 
452292 
386667 
363646 
375989 
400520 
376511 
419011 
388854 
394948 
451146 
372916 
395365 
379739 
437239 
369271 
365468 
389792 
365938 
374271 
384792 
379010 
360208 
369115 
358125 
422187 
371927 
401718 
396197 
391145 
410625 
412708 
378542 
383177 
368802 
377760 
369948 
371927 
372448 
393177 
447917 
389219 
397656 
504583 
478854 
499583 
484531 
475052 
479271 
503281 
418229 
414010 
455989 
468697 
467500 
501510 
504688 
516094 
393854 
386355 
386562 
378073 
385677 
363750 
371146 
357135 
371406 
405260 
386563 
380886 
363646 
369531 
379896 
365938 
353021 
363593 
387083 
365521 
429740 
383645 
371458 
373230 
358542 
374010 
372969 
367031 
357656 
357917 
362708 
376094 
369063 
358542 
366146 
400261 
373021 
368073 
379011 
370937 
413802 
482031 
387448 
417604 
394167 
384479 
411979 
406354 
375364 
362552 
358802 
455885 
378855 
375520 
370886 
418281 
391875 
410000 
415104 
370573 
408802 
453073 
389791 
372708 
395990 
382136 
366511 
363854 
415729 
420938 
382812 
436146 
384739 
368958 
409844 
442604 
384531 
364427 
365625 
373073 
367083 
436145 
1597291 
423958 
373281 
370468 
363229 
366563 
421198 
366406 
359375 
365209 
364636 
355364 
355208 
374323 
339739 
365782 
355104 
437084 
348907 
368229 
368958 
373021 
350781 
357084 
365104 
355104 
363542 
429844 
368177 
361354 
376719 
352396 
363854 
352760 
371615 
360416 
358906 
364687 
361927 
362084 
351979 
365157 
356667 
366406 
360572 
362604 
362292 
377865 
370365 
413854 
380364 
367552 
354167 
358646 
366042 
353646 
362187 
360729 
365156 
365990 
400104 
375990 
352917 
360156 
359844 
364375 
357813 
361666 
391667 
356406 
405729 
380104 
367812 
356459 
364531 
365990 
378854 
358698 
367552 
354480 
358073 
394844 
388125 
357864 
359010 
373281 
365209 
388333 
360572 
365052 
352813 
369062 
419844 
368542 
363698 
358229 
363437 
351406 
352760 
378803 
358802 
367552 
407344 
367552 
363542 
373646 
377188 
354479 
366406 
367656 
368542 
358542 
377969 
397760 
353750 
350365 
374323 
357136 
355000 
370208 
358178 
356719 
372604 
365417 
393646 
361823 
367344 
366823 
378750 
382135 
370885 
369687 
385261 
374687 
352032 
411771 
364219 
356823 
358438 
362396 
393020 
355052 
354166 
394167 
373125 
410677 
475416 
359948 
362500 
423021 
360104 
367656 
343854 
359479 
415521 
400261 
367761 
443334 
354375 
369375 
418073 
361459 
357136 
399479 
358073 
361979 
392135 
369635 
418646 
359010 
358594 
449219 
361354 
352605 
357969 
346823 
436875 
377396 
334219 
390625 
378697 
383125 
352500 
356875 
440521 
361615 
376302 
508021 
449218 
372292 
362448 
473698 
363073 
357968 
475260 
363854 
385885 
408646 
369322 
364323 
364115 
364844 
363386 
363802 
371823 
365208 
363645 
375000 
371146 
368907 
356979 
369687 
364011 
365261 
370208 
490573 
410885 
404063 
395313 
365156 
370104 
362448 
389167 
365104 
349688 
374531 
379531 
359323 
422500 
370572 
368541 
378959 
395729 
390573 
364219 
364323 
379062 
385313 
444427 
384115 
365364 
366980 
358854 
394739 
407083 
376094 
365469 
355260 
358230 
427239 
365052 
341354 
372760 
363125 
377187 
362969 
361875 
349219 
346771 
412448 
367135 
364271 
356250 
393073 
347083 
371666 
363125 
391822 
361666 
381406 
408281 
373541 
363698 
397552 
355990 
342604 
356979 
367031 
360573 
384010 
377657 
403959 
373959 
377292 
358802 
385730 
340989 
370417 
421511 
366302 
362552 
437760 
379115 
380625 
454635 
373020 
384375 
451458 
357344 
369323 
361927 
383646 
400781 
473698 
370937 
364843 
432239 
367604 
351615 
447969 
339271 
357239 
374218 
371250 
375104 
364896 
366667 
370677 
367552 
356823 
371042 
363854 
378646 
370573 
361250 
365573 
361927 
386511 
363386 
368542 
364792 
373177 
364479 
379583 
351042 
359740 
368281 
371563 
365000 
367552 
364271 
371406 
364010 
448698 
338021 
349219 
351875 
363385 
362709 
366250 
364011 
369427 
354375 
363750 
379896 
374895 
365573 
366198 
371459 
366927 
363958 
371146 
378698 
365052 
364115 
359479 
365156 
365572 
368593 
365834 
364896 
366719 
372344 
362917 
362292 
382239 
383125 
369583 
376146 
366198 
370052 
373073 
372760 
363385 
362240 
369219 
362552 
393541 
362917 
358750 
373906 
364843 
371302 
362604 
365625 
363385 
367708 
367344 
365677 
376614 
360312 
361094 
368906 
360261 
360469 
359166 
384427 
363386 
390938 
373073 
364323 
361718 
364114 
381615 
361719 
364270 
366823 
359584 
362344 
395573 
363073 
362865 
361666 
372083 
362604 
360677 
372135 
361927 
361666 
361406 
395573 
363177 
359740 
358906 
368854 
359740 
367813 
358750 
360573 
363490 
365000 
396927 
366458 
355781 
351771 
361927 
362760 
376198 
369687 
369896 
379167 
391459 
357136 
360521 
367344 
361094 
360468 
357395 
359010 
364375 
367760 
359219 
384583 
365052 
367656 
361823 
418697 
332864 
337240 
404531 
325312 
358489 
360938 
367708 
368229 
362864 
355521 
375000 
359740 
367187 
361407 
369427 
363386 
363073 
394323 
364323 
413490 
321197 
345052 
360729 
363281 
369062 
358802 
360833 
363542 
391667 
362396 
360833 
369375 
365364 
363177 
368334 
362292 
362864 
361667 
367396 
398802 
372240 
369688 
372188 
355625 
369584 
409167 
326511 
354271 
375260 
418958 
366667 
391979 
354218 
364427 
362709 
370781 
363489 
361198 
367448 
362969 
370938 
370521 
371198 
362031 
364219 
410260 
325312 
348229 
366667 
372656 
363333 
379323 
360000 
354479 
354791 
369947 
350989 
351666 
351093 
356458 
356406 
350469 
547031 
340781 
346510 
357396 
365938 
358906 
360625 
365469 
359688 
358907 
389218 
354635 
363802 
362083 
370677 
356406 
355782 
360990 
364792 
352240 
351198 
390156 
354322 
350989 
357396 
366354 
348281 
369479 
362604 
351302 
359583 
360364 
374791 
360053 
357083 
398386 
323177 
338334 
356094 
362344 
354219 
356615 
350521 
374063 
363750 
364948 
355416 
353125 
354271 
362604 
343281 
347136 
362604 
365156 
378178 
360260 
355937 
354739 
365157 
367448 
362187 
362969 
374687 
352552 
346875 
375833 
355886 
351718 
368906 
365208 
364166 
353593 
363489 
350938 
352395 
356718 
375886 
362500 
349688 
355000 
349948 
357240 
367760 
360729 
351979 
356823 
360208 
372709 
348542 
355729 
356614 
362657 
356562 
348906 
361563 
348802 
363073 
360417 
382657 
423490 
336146 
351614 
353697 
345312 
360573 
347604 
364948 
360885 
350729 
381928 
355937 
365834 
359687 
364271 
360000 
349479 
386094 
378281 
374219 
361510 
405990 
354115 
350312 
355156 
362968 
351406 
365260 
362448 
348177 
354948 
372448 
373333 
357187 
357917 
349843 
349375 
349792 
380260 
383438 
388125 
389948 
356615 
390521 
362344 
353125 
342448 
365157 
369739 
360156 
357656 
372343 
351354 
351302 
388281 
349740 
353645 
350625 
362187 
379532 
364636 
384218 
362032 
355989 
355625 
397604 
352969 
363490 
363073 
350364 
353177 
366719 
356198 
351719 
370312 
372969 
389428 
355052 
351822 
360417 
349583 
391198 
351302 
363959 
365938 
362969 
384948 
372657 
352188 
358437 
351406 
366198 
356979 
355208 
351407 
361354 
376354 
383750 
375156 
366406 
362084 
448021 
347292 
355052 
346771 
381771 
372396 
356928 
417604 
365417 
357917 
365104 
351146 
358802 
350573 
352135 
354740 
361354 
355313 
388750 
357188 
355417 
353229 
355365 
349531 
355417 
374427 
376198 
376563 
364895 
393698 
371197 
366510 
361875 
365105 
371979 
365208 
359635 
353959 
351510 
357605 
406093 
363021 
368958 
362135 
390521 
354635 
372865 
363229 
357813 
384479 
426302 
362084 
364792 
375625 
352187 
352605 
354114 
361822 
363125 
349531 
359479 
385989 
353073 
358698 
350573 
349583 
373021 
351511 
373646 
353750 
369427 
351718 
381771 
362448 
349531 
350834 
350469 
366927 
362865 
366719 
370781 
351302 
350937 
375312 
357291 
344896 
363438 
370104 
348334 
352396 
363386 
368802 
351927 
360261 
368177 
352447 
354844 
360990 
351875 
354271 
357813 
370417 
357813 
363281 
371407 
382656 
361406 
445781 
330364 
363177 
371303 
370625 
363021 
347708 
368386 
360312 
377344 
369844 
368698 
351927 
365416 
366041 
362084 
359948 
366250 
376041 
361511 
386615 
363958 
372083 
365469 
373802 
343438 
343958 
594739 
393333 
394479 
433333 
391667 
400625 
445208 
478906 
458854 
456198 
416458 
381250 
407917 
359166 
403490 
415625 
382500 
384375 
393541 
383593 
373541 
365729 
412761 
358490 
373177 
373959 
367188 
364427 
370781 
363281 
362917 
368906 
361094 
382709 
418542 
369792 
367813 
361042 
358281 
367552 
365782 
361354 
385677 
411458 
367708 
407708 
389688 
420104 
461458 
435052 
432761 
460886 
448958 
492083 
408437 
407292 
354167 
368542 
365156 
389792 
368282 
365677 
371875 
398854 
357604 
372084 
365469 
361303 
362760 
366719 
361980 
362031 
366250 
352813 
386979 
371823 
384792 
347760 
350885 
357708 
363021 
360573 
364636 
368281 
372291 
344739 
381875 
394583 
367969 
430990 
475156 
474010 
443073 
454896 
485209 
399167 
406823 
382864 
364583 
358490 
365000 
360260 
365625 
363958 
392448 
364219 
377864 
364740 
365105 
352135 
360469 
352708 
352447 
365104 
353125 
393854 
369115 
372292 
347343 
352240 
381563 
355573 
352969 
352709 
351719 
344947 
414010 
373385 
407865 
384531 
374323 
383698 
468333 
491302 
531510 
508229 
422500 
415625 
397344 
397760 
456875 
1401615 
404531 
369010 
380521 
376146 
373750 
357500 
358333 
355052 
364740 
367708 
369271 
405520 
375730 
360989 
352552 
365833 
367865 
365885 
373750 
365729 
364948 
396041 
369792 
357605 
373802 
419739 
373802 
378178 
516771 
490417 
492917 
561459 
400261 
377812 
401718 
418750 
371093 
370105 
364322 
368542 
364948 
435833 
370000 
357239 
357709 
362969 
353698 
352084 
364948 
346667 
358125 
388906 
388594 
368385 
342708 
364427 
380312 
357604 
354063 
355781 
355729 
356354 
397239 
357083 
357552 
427344 
338697 
374167 
389063 
433750 
497396 
496197 
599583 
468803 
409375 
392709 
392552 
381927 
389583 
388385 
361875 
1882657 
374740 
387343 
504167 
417813 
371459 
373073 
394532 
379739 
385885 
399688 
376406 
411198 
367344 
383177 
342240 
358334 
398386 
360468 
377500 
358646 
363542 
404688 
388594 
409687 
405938 
587343 
470156 
521614 
439947 
393334 
389948 
370833 
375989 
373594 
372657 
540261 
387864 
384219 
400677 
364323 
359115 
356250 
364479 
365417 
352761 
400677 
371459 
385312 
365313 
365781 
359323 
365573 
360886 
348698 
364427 
365312 
409896 
364479 
361979 
371198 
379219 
382761 
396979 
524271 
472292 
587553 
477708 
416875 
415729 
417657 
384844 
364063 
369479 
363490 
369114 
408177 
368333 
342396 
356042 
362136 
352032 
367917 
391250 
386406 
362292 
427031 
408490 
359271 
358229 
365469 
370312 
362760 
354844 
360313 
337500 
355156 
376666 
360312 
353750 
358073 
370104 
367136 
363229 
387552 
373959 
392812 
475364 
587396 
530781 
450000 
426770 
417812 
407031 
370521 
381771 
369063 
423698 
373958 
354948 
370990 
373125 
353854 
354583 
352708 
359688 
366979 
385052 
373958 
353229 
351563 
363177 
360781 
354271 
348542 
371510 
350000 
346927 
364323 
356406 
354219 
363073 
356198 
351667 
342604 
365157 
350573 
353229 
348073 
355834 
401146 
355312 
359010 
344114 
408281 
420104 
394166 
430052 
496406 
571510 
486667 
418593 
421719 
387396 
359323 
353698 
364323 
367395 
355000 
389740 
358907 
363333 
358125 
378437 
359167 
349323 
373073 
351145 
361875 
369844 
393438 
359063 
352552 
372812 
351718 
352292 
356354 
361614 
351511 
368333 
365000 
369532 
350104 
372604 
363021 
351614 
357656 
354896 
358021 
353802 
366562 
340885 
369167 
371458 
362552 
359062 
353385 
363593 
358281 
359688 
368958 
360364 
359947 
366250 
363698 
371146 
357864 
445990 
338281 
345208 
363073 
355572 
358750 
360625 
435417 
370625 
357083 
369792 
349636 
368594 
355520 
368906 
361093 
377396 
418073 
391875 
380104 
389583 
392813 
514323 
502656 
512291 
430990 
420469 
401458 
359635 
354271 
352448 
363021 
344844 
357500 
375104 
373958 
358698 
405677 
358386 
365000 
366094 
438906 
335729 
341667 
360104 
352239 
353750 
350417 
362292 
356771 
338594 
356303 
358959 
373854 
372343 
379167 
359531 
363073 
359896 
376354 
367500 
353854 
368541 
359479 
357656 
374114 
360364 
354375 
363906 
354322 
406198 
342031 
358021 
352865 
356355 
360729 
366458 
351875 
358125 
362344 
354375 
377447 
356979 
352240 
363386 
359479 
366510 
350781 
364740 
373697 
351667 
354583 
375989 
363229 
355469 
363750 
376615 
357188 
370052 
359167 
354636 
353125 
358385 
380989 
361302 
364375 
359270 
355364 
352760 
361875 
353802 
361979 
353073 
359583 
385730 
354010 
369948 
353073 
352448 
354010 
351614 
362865 
363646 
354792 
363489 
369896 
360990 
352031 
358334 
349167 
368385 
352396 
351198 
359739 
364323 
351354 
395365 
351718 
362083 
350156 
356145 
364791 
353281 
357500 
363282 
351093 
352187 
383802 
357344 
351719 
357969 
353386 
350677 
350677 
367552 
352083 
350885 
359844 
379739 
350000 
372344 
352761 
352500 
371615 
370781 
363229 
357448 
359427 
351093 
375937 
353697 
357708 
361354 
352135 
356042 
425417 
346718 
357396 
351406 
351875 
387083 
359010 
365157 
357031 
376458 
351302 
354375 
352291 
369375 
351458 
350260 
384740 
351303 
366250 
355573 
361719 
365365 
361979 
357239 
363437 
363750 
357500 
377708 
361562 
360937 
356562 
355157 
352865 
354688 
364375 
365469 
363958 
358073 
390208 
354114 
360989 
354479 
368854 
378750 
368906 
355417 
351042 
369739 
379583 
354271 
371407 
366823 
343230 
363802 
362708 
369844 
357188 
359479 
363802 
385937 
347188 
365365 
359219 
348802 
361093 
353385 
353750 
357969 
361250 
362917 
325677 
362500 
361407 
363958 
358177 
350000 
350886 
358177 
362136 
351250 
350782 
381718 
353958 
351042 
355521 
353229 
351927 
350468 
360052 
360833 
351146 
359166 
348490 
377656 
361302 
357761 
351354 
361666 
356511 
362813 
360990 
364844 
362136 
368125 
362552 
366146 
371614 
368437 
366719 
358646 
359532 
356406 
364062 
356875 
413385 
359843 
362448 
358490 
370833 
349687 
362552 
359167 
359740 
348958 
356562 
384740 
354271 
364011 
362344 
356407 
362604 
354584 
368177 
351563 
351302 
350678 
380000 
354896 
351146 
372083 
364270 
355156 
416979 
377448 
407031 
396094 
475104 
476875 
498229 
517969 
456562 
415469 
406042 
404948 
364635 
422916 
372917 
374323 
341562 
384531 
383906 
392396 
375000 
375990 
354739 
365052 
433072 
366406 
355833 
353438 
361667 
367865 
362500 
358281 
356928 
352031 
370834 
390469 
356042 
412396 
358177 
384166 
367708 
364947 
355677 
354791 
364844 
402031 
371354 
364844 
484896 
504166 
502709 
434635 
427812 
387916 
471875 
371250 
366875 
376406 
368021 
433958 
390208 
383802 
383802 
401719 
462709 
406770 
373333 
359219 
375000 
371979 
361771 
366406 
368125 
356146 
355365 
395105 
358750 
367969 
357292 
364219 
356042 
369375 
368333 
390469 
401771 
474531 
418229 
401823 
408386 
437656 
416198 
398386 
388489 
407343 
408125 
488594 
458125 
417761 
436510 
456510 
425833 
411042 
396927 
408073 
425312 
402239 
448906 
440886 
421094 
399740 
567239 
477448 
540729 
559427 
445156 
442343 
488437 
436406 
430625 
456719 
439219 
474219 
440729 
410156 
427083 
415052 
416042 
405000 
389740 
415157 
435000 
402344 
407188 
435104 
451458 
398334 
397136 
401146 
372136 
373385 
456250 
393646 
378645 
413542 
410260 
403021 
417239 
434896 
423021 
521406 
429688 
438281 
437135 
442500 
448489 
436563 
425625 
431406 
394375 
429948 
458645 
486145 
533542 
508125 
562709 
505729 
510729 
482552 
483177 
503438 
524011 
552344 
449739 
386719 
440833 
410937 
358385 
389584 
433125 
379688 
365521 
367031 
366823 
360938 
356823 
418490 
363333 
433333 
460625 
441354 
435625 
445573 
415677 
433959 
503542 
466198 
440729 
419479 
415313 
387916 
412395 
414532 
430573 
431302 
404218 
404219 
395313 
395730 
382344 
414843 
398958 
396875 
385365 
454375 
416875 
410312 
400573 
533177 
442448 
407709 
413750 
375677 
446146 
378594 
371719 
381302 
450000 
418594 
365104 
397292 
374583 
397083 
465625 
405573 
371875 
389948 
404584 
414219 
407292 
409010 
443021 
533021 
503437 
490052 
498594 
509635 
506354 
529062 
541771 
569844 
475416 
500521 
512917 
545104 
524791 
476250 
472031 
484219 
456198 
429479 
438594 
441302 
428229 
443541 
404739 
402864 
430677 
418698 
395677 
401198 
395729 
405937 
405990 
405417 
395260 
472500 
425156 
410052 
388646 
386042 
428646 
423177 
420208 
417136 
429896 
482239 
443438 
447917 
442760 
458958 
483073 
441875 
434427 
439531 
410625 
388386 
357865 
395000 
379844 
373437 
388020 
419479 
383802 
432396 
406458 
390416 
391875 
388907 
428489 
433125 
460209 
473490 
431563 
429323 
440469 
411302 
455573 
438177 
454219 
410417 
391875 
406302 
442084 
405833 
397187 
436198 
430885 
421563 
433803 
437657 
419375 
484531 
424479 
435417 
438489 
534687 
538750 
469480 
474844 
465468 
399063 
408854 
428541 
388438 
360782 
392916 
378646 
358594 
360625 
478594 
405938 
394792 
388021 
378125 
377864 
409479 
366875 
371562 
357552 
388802 
358281 
355520 
353750 
375937 
376198 
377084 
383021 
375573 
438750 
414584 
428385 
374688 
408490 
401979 
388490 
385937 
390625 
415625 
380157 
416615 
472292 
411406 
408542 
424271 
398333 
412761 
428333 
413125 
394218 
463021 
396146 
408282 
418854 
404792 
385886 
384114 
421875 
415573 
384271 
479688 
508490 
487292 
424896 
423229 
397240 
405729 
427083 
423334 
1726563 
589011 
514532 
504167 
506407 
813542 
493437 
412136 
452188 
456927 
456979 
499844 
527656 
495104 
482864 
482083 
472396 
516823 
497292 
486563 
460052 
505417 
521094 
539167 
569010 
594844 
592500 
601042 
528333 
444323 
424375 
405678 
401771 
406771 
397969 
429583 
490729 
398646 
358646 
370938 
380521 
354323 
378281 
372813 
343802 
433072 
389688 
475833 
367709 
380208 
441458 
437656 
433177 
404844 
413073 
404792 
491041 
459271 
421875 
409688 
395677 
394062 
412344 
541615 
420260 
468698 
442916 
426927 
427292 
457552 
420677 
398386 
373229 
424791 
497292 
433490 
455781 
497708 
434427 
435104 
526146 
427084 
384948 
452083 
392292 
365677 
358645 
364062 
376511 
368072 
383438 
370104 
388229 
458125 
692968 
865990 
575104 
537865 
411562 
384948 
432813 
422031 
375677 
384427 
368646 
366197 
377552 
413958 
399791 
410885 
476927 
387292 
360625 
365625 
400573 
367604 
372708 
390105 
361719 
363125 
8153593 
653385 
484584 
442969 
421979 
398229 
396250 
440781 
454583 
550677 
477656 
436563 
414687 
401406 
436302 
414271 
416771 
430312 
445833 
492448 
537969 
551459 
516719 
465157 
541094 
528177 
570364 
527604 
483020 
436979 
431302 
486145 
448125 
427709 
395052 
396042 
381407 
385156 
400365 
384740 
374375 
392552 
360000 
373645 
379584 
452396 
360052 
377291 
384479 
380521 
388125 
400209 
421511 
408906 
465573 
429584 
406250 
420312 
460208 
466719 
429531 
392031 
411146 
397292 
432917 
406354 
383490 
397709 
395052 
430833 
400781 
389583 
392864 
393958 
405521 
392709 
374011 
375312 
377292 
382344 
393072 
406198 
411614 
448906 
424740 
421875 
439270 
416407 
411719 
441614 
411667 
405261 
389843 
534271 
403907 
394011 
434791 
416458 
424271 
427865 
395573 
386927 
414896 
428542 
388542 
388021 
493386 
528542 
472135 
423021 
428073 
452448 
423542 
429479 
415781 
399062 
419739 
424167 
467240 
418594 
433698 
390573 
363646 
373281 
370260 
363385 
391302 
413802 
427032 
494896 
520781 
436041 
403542 
412344 
420365 
420156 
406875 
425104 
393854 
439531 
402240 
372865 
365782 
378750 
387917 
365677 
360156 
419896 
381667 
487500 
395781 
431563 
391719 
384532 
410052 
375729 
382812 
387500 
370364 
446614 
416562 
404271 
390729 
400208 
425365 
395468 
403438 
408906 
426563 
482187 
407291 
426041 
400156 
383906 
401614 
400886 
383021 
378229 
486042 
401979 
371511 
3353490 
1285834 
922865 
915000 
1469063 
1633385 
868021 
1102760 
707969 
557084 
545521 
616146 
627292 
625833 
671146 
670677 
661250 
880364 
778750 
843750 
675886 
648750 
657656 
671197 
652969 
631875 
642500 
635208 
634948 
871354 
776511 
632552 
583437 
592656 
607291 
713385 
1050989 
942604 
965625 
774167 
599323 
613542 
636458 
611875 
607656 
622500 
807396 
769948 
724375 
684218 
640729 
588021 
631250 
603489 
578073 
696771 
714375 
1022969 
857083 
638177 
573229 
594166 
601770 
545313 
570104 
564948 
575729 
572031 
584635 
705157 
680312 
673490 
576250 
531198 
519427 
627969 
622604 
663021 
676354 
709583 
731250 
940833 
902239 
683334 
670938 
680364 
675261 
643698 
612916 
591302 
589219 
565000 
4702500 
708802 
548229 
424375 
430000 
425625 
422864 
576042 
459479 
432865 
458177 
468594 
578229 
574896 
578282 
549427 
544531 
579219 
555417 
541979 
512708 
540521 
529115 
489739 
438125 
421667 
395469 
384532 
420052 
376250 
390156 
518021 
390208 
384271 
405104 
401042 
380468 
391459 
413907 
387657 
411510 
522604 
439636 
420364 
397344 
449167 
401041 
392604 
752083 
1174271 
809844 
569792 
469635 
401979 
393281 
405885 
393490 
419115 
425781 
395260 
404428 
401823 
410625 
381823 
372448 
416354 
372604 
358750 
381667 
433437 
392239 
371771 
390573 
376979 
384219 
698125 
551354 
525833 
507032 
583020 
407396 
351927 
365573 
12873073 
474635 
400573 
441823 
421875 
423594 
442865 
416355 
424167 
3915000 
7130208 
660000 
463646 
477135 
438438 
434115 
463437 
457657 
438177 
424323 
480052 
563125 
535677 
501354 
1140157 
777083 
521666 
672292 
685886 
701667 
812292 
595885 
385989 
402553 
359323 
360000 
407188 
774532 
590573 
511407 
559844 
506302 
523125 
494167 
524218 
498490 
519687 
528958 
543698 
1253021 
587708 
533646 
513229 
508802 
633385 
521093 
515729 
523593 
529011 
522916 
518907 
551250 
525573 
514427 
535208 
506822 
509791 
523178 
523646 
501771 
449844 
620417 
567291 
562656 
572604 
563646 
594895 
567083 
579583 
569166 
567239 
590261 
590885 
597031 
582291 
587239 
569792 
569687 
584323 
575104 
643177 
579896 
588073 
568646 
577188 
668802 
628803 
528333 
566510 
564635 
674896 
553333 
518593 
525469 
532344 
595521 
582552 
520104 
525677 
461718 
484739 
594323 
508594 
503750 
512292 
523438 
491979 
465052 
579167 
536979 
593021 
556250 
650886 
630156 
579583 
515260 
556563 
648281 
647083 
669010 
589479 
630260 
649167 
783333 
4940937 
1788646 
556354 
442343 
376510 
2173490 
8834323 
601979 
530886 
514843 
499636 
499844 
484896 
497240 
704323 
772084 
534479 
476198 
468490 
473645 
511511 
476093 
495156 
467135 
471979 
469375 
466510 
466719 
508438 
1417292 
514323 
455365 
474584 
475365 
499011 
487552 
482813 
455000 
460677 
478698 
458802 
455937 
477031 
488645 
474739 
454687 
471302 
462239 
456354 
470209 
473959 
493958 
463594 
477344 
451771 
364427 
378802 
353490 
367084 
362656 
371614 
396875 
370625 
376666 
358177 
353646 
363229 
391250 
363229 
354844 
372812 
356250 
1192396 
393697 
373802 
360000 
369323 
381562 
364271 
371145 
416875 
375834 
365364 
354896 
372135 
367916 
364271 
378073 
372344 
355729 
358958 
422240 
369583 
356250 
377812 
358906 
360312 
354479 
384740 
362344 
372552 
430521 
373802 
365260 
359947 
353959 
432240 
382813 
367969 
374479 
355260 
381510 
427083 
364479 
351458 
363594 
362969 
347709 
348855 
365052 
360208 
379948 
391459 
372292 
365938 
374115 
369063 
351511 
372292 
414375 
360990 
412084 
435104 
399688 
344114 
366927 
355625 
418021 
382865 
377500 
393281 
364375 
376667 
347916 
352552 
393906 
379166 
358594 
436615 
497812 
366302 
400572 
471302 
389688 
357448 
468229 
379740 
361563 
437812 
401510 
394896 
388646 
407708 
475364 
394532 
373698 
388333 
386718 
390000 
403282 
387552 
397656 
364062 
470781 
395781 
389322 
395468 
367813 
375208 
394114 
378542 
389062 
387292 
466250 
402136 
404479 
422448 
394635 
394323 
395469 
404323 
405104 
361041 
454531 
405677 
399948 
385833 
358125 
367761 
355937 
371562 
357448 
364062 
398437 
365000 
354792 
371875 
423854 
468489 
472500 
452448 
403386 
401146 
455573 
370365 
359271 
354740 
369011 
363594 
371615 
353802 
367448 
359063 
390469 
402292 
461875 
396303 
412552 
385938 
389115 
396198 
411979 
394479 
482188 
418437 
389896 
377813 
395781 
402865 
360729 
361303 
376771 
360833 
408906 
378385 
430260 
370000 
358698 
354115 
373750 
352760 
373333 
361875 
391302 
393281 
367448 
350052 
357448 
369323 
355677 
363750 
368073 
348230 
380104 
403438 
374322 
426823 
371355 
358646 
352864 
364687 
467031 
369167 
358021 
447708 
397083 
374063 
475052 
387448 
377396 
416563 
376354 
