975469 
901354 
792188 
631250 
651771 
626406 
593958 
757916 
838437 
679114 
613021 
623021 
635000 
640521 
618073 
616250 
630208 
616875 
611146 
636146 
604844 
617136 
618177 
629792 
617396 
612656 
609896 
625573 
612656 
610729 
613021 
624322 
654166 
624844 
615417 
616771 
610417 
593802 
604427 
627240 
610625 
621563 
609740 
608386 
617969 
635937 
618750 
613020 
613646 
629375 
610678 
615990 
615885 
613020 
609844 
616667 
627812 
630208 
617969 
616458 
629844 
614011 
606459 
610678 
642292 
632448 
623230 
615625 
614584 
614740 
631302 
620208 
635469 
614011 
612343 
1361771 
653645 
634166 
615208 
632865 
617813 
618020 
633438 
635469 
623958 
596354 
597031 
600937 
604219 
607344 
617552 
640156 
615521 
614010 
613802 
642031 
621146 
613490 
618334 
614115 
643906 
621042 
603490 
615104 
618386 
617187 
614062 
610885 
636198 
615208 
615937 
626667 
615365 
617396 
677708 
605782 
630729 
612708 
619271 
610833 
631615 
622969 
616667 
630468 
635573 
630260 
627813 
640990 
611406 
615989 
636771 
615104 
617083 
611302 
616094 
618490 
633073 
610365 
613541 
611302 
627813 
612136 
616093 
632552 
630572 
628021 
633438 
620833 
613282 
617292 
614219 
597083 
598802 
613490 
614062 
619687 
620052 
609115 
607552 
646406 
619480 
612864 
610937 
611094 
615364 
633437 
619687 
629583 
611823 
607656 
614896 
631354 
638750 
619688 
613073 
612500 
614583 
610677 
641510 
584114 
615208 
612083 
609740 
620885 
616563 
613750 
616042 
615989 
612187 
615104 
621615 
633177 
629323 
617865 
611198 
614479 
628958 
620416 
618073 
615730 
616771 
612083 
619479 
621407 
642500 
614479 
633490 
626666 
629063 
619687 
615729 
612240 
610781 
626979 
613802 
618594 
616198 
635365 
629583 
606719 
608073 
621406 
620208 
628125 
611458 
612969 
614896 
627396 
618333 
593438 
602135 
603698 
600105 
597344 
611094 
603438 
626458 
596146 
602552 
651979 
659740 
642396 
620052 
603385 
599323 
600052 
610365 
611927 
598386 
586979 
594792 
605781 
604532 
629948 
605520 
656875 
633802 
627708 
632136 
614218 
617031 
610261 
609895 
632292 
617760 
613073 
629740 
633385 
633177 
624219 
612760 
613437 
614479 
610625 
637761 
621198 
623386 
620678 
615052 
618021 
596980 
621094 
623750 
619010 
613125 
611094 
616406 
614115 
596875 
597136 
608021 
606666 
601510 
601094 
602552 
605260 
605105 
595208 
602239 
601822 
621406 
601302 
603646 
606146 
674688 
613750 
663282 
631041 
616094 
612812 
606667 
617760 
612083 
610521 
614010 
629844 
619375 
612084 
632240 
646980 
634896 
631302 
679635 
617448 
618020 
648021 
610312 
619427 
617188 
615781 
619896 
1402813 
629114 
617344 
621354 
636145 
608854 
609375 
612916 
618802 
613073 
615781 
615000 
641250 
618229 
617760 
617656 
612813 
613646 
610989 
602500 
620937 
614584 
613386 
614062 
591406 
640260 
619167 
615678 
629584 
618907 
609636 
631562 
619062 
614114 
613333 
615677 
617760 
630833 
648594 
613073 
613385 
600625 
601041 
602761 
643750 
631979 
618750 
614740 
598072 
605625 
598281 
615782 
599636 
602396 
607396 
600990 
608438 
624218 
602813 
601458 
600937 
603021 
602968 
599062 
612136 
603334 
598125 
603906 
605729 
599167 
606510 
606354 
601198 
602291 
605313 
581354 
643490 
600468 
604166 
577500 
628437 
618438 
612552 
620312 
594740 
599271 
600521 
623281 
613177 
637656 
617187 
614323 
613646 
620313 
616666 
618229 
621928 
619739 
612031 
615938 
618333 
591458 
616094 
567656 
596406 
586198 
581770 
586615 
583802 
588073 
585833 
591146 
582031 
583489 
584740 
587761 
581771 
580468 
586146 
583698 
584479 
566406 
619635 
581250 
595938 
582500 
588437 
587500 
585572 
612448 
585000 
583281 
583750 
591928 
582344 
584635 
594375 
584895 
584479 
582864 
588645 
589948 
580573 
590469 
582240 
581146 
583178 
580312 
584271 
576146 
587187 
589687 
586250 
578906 
584271 
598281 
586198 
583333 
586614 
584844 
588021 
584010 
589791 
598906 
590261 
583386 
583281 
578021 
582865 
583125 
578542 
577656 
585313 
591146 
584375 
587761 
582344 
589844 
585573 
585260 
590729 
546198 
584427 
623073 
594895 
573386 
587969 
591927 
587291 
589531 
599479 
599844 
572448 
586458 
579896 
591250 
582031 
589687 
587187 
577605 
611302 
570989 
591770 
587708 
590782 
587344 
588698 
613229 
545000 
586718 
590885 
587761 
583854 
584740 
584636 
583854 
586250 
609583 
583750 
580677 
591563 
595416 
586666 
587865 
600365 
644584 
543698 
597292 
591458 
584166 
582239 
580104 
653073 
563125 
590052 
592656 
606666 
609583 
588073 
638593 
566250 
591198 
588750 
589010 
593698 
590469 
650104 
552604 
599218 
587240 
589844 
584218 
586042 
570990 
593386 
583646 
1322552 
580469 
591979 
587239 
593073 
640729 
566198 
587135 
586719 
586302 
590573 
592031 
643542 
569323 
598386 
582032 
581666 
585313 
586354 
639635 
579687 
573385 
577812 
589792 
586979 
583437 
565157 
607917 
646145 
555729 
588959 
586667 
594896 
587813 
596406 
648125 
577448 
611406 
582448 
587344 
591146 
582448 
645260 
563177 
569948 
589375 
588958 
608177 
581094 
586666 
603542 
677864 
560313 
586979 
586823 
582448 
586458 
601354 
665729 
561875 
601302 
583854 
577083 
583177 
605677 
666198 
549479 
615105 
590521 
582448 
584531 
607084 
654896 
561927 
589740 
585573 
583385 
592136 
605469 
671510 
564375 
590417 
581510 
587240 
581146 
629740 
681979 
597760 
593750 
576042 
582865 
584219 
621979 
735000 
560104 
595156 
590416 
585000 
582865 
629739 
670260 
568541 
587448 
584948 
587448 
580990 
622605 
689635 
659323 
660312 
683698 
657761 
575938 
589583 
580834 
588385 
615000 
707500 
660625 
586198 
588125 
598854 
701458 
672500 
656666 
660312 
577291 
586562 
588438 
583281 
583594 
626354 
745000 
659843 
665625 
656094 
568281 
586146 
619479 
543281 
535834 
545312 
539323 
530781 
540677 
542708 
550521 
538854 
532865 
535469 
529948 
519271 
595782 
584896 
548958 
536302 
534115 
545625 
543854 
534427 
557239 
591198 
541615 
539063 
541458 
539739 
532760 
534531 
535208 
534480 
529427 
536093 
541406 
529479 
542292 
530782 
536302 
535520 
579531 
553385 
544687 
618750 
532188 
541302 
533073 
549375 
526771 
539167 
536406 
550677 
537448 
540157 
537917 
533437 
534531 
546927 
536198 
540938 
530989 
538541 
535156 
533073 
539791 
532760 
563490 
535938 
533178 
536719 
581979 
513021 
535625 
538177 
593125 
507709 
541250 
538750 
533542 
538125 
538489 
540833 
541042 
536302 
533854 
541302 
540052 
541875 
569948 
545782 
542240 
532604 
525625 
537291 
533854 
483020 
541250 
542448 
536823 
532865 
532343 
533594 
537136 
546510 
582136 
622500 
619219 
619375 
627604 
618542 
512292 
587761 
617813 
622343 
621146 
630364 
576666 
538542 
1156406 
543958 
532188 
529271 
569636 
535990 
527031 
532605 
539271 
533281 
533542 
535573 
538541 
544271 
529375 
537187 
540678 
539688 
531198 
533125 
526302 
535990 
531875 
533542 
533698 
535989 
540208 
536667 
539114 
535781 
534375 
529218 
538958 
540625 
575677 
618229 
622031 
634583 
619531 
618073 
669479 
512813 
526979 
538958 
529636 
545678 
534271 
535521 
537084 
536407 
521927 
536770 
534271 
538177 
536823 
566719 
543229 
536979 
533177 
531615 
531666 
527865 
524271 
539271 
534948 
532865 
536198 
532604 
532447 
532552 
540677 
528854 
532604 
536875 
533437 
536302 
578854 
663021 
638959 
621823 
615625 
628490 
617396 
616355 
534375 
555625 
547656 
570416 
593385 
582396 
579479 
701250 
561823 
536146 
536354 
537187 
526458 
537500 
533958 
534167 
548541 
541823 
537760 
531666 
541354 
541771 
548854 
536979 
546250 
536250 
539219 
536667 
540937 
537448 
534583 
534010 
536250 
535886 
557240 
565052 
568594 
512448 
538438 
531667 
539427 
533855 
539739 
549479 
536406 
540781 
537187 
534583 
542448 
537916 
567239 
534480 
537813 
542396 
531563 
543073 
532656 
533698 
535365 
535365 
526875 
539791 
537604 
536823 
542968 
555885 
569948 
575729 
511354 
539114 
543020 
574687 
537292 
530625 
539584 
542136 
543854 
539844 
532605 
531614 
532448 
535104 
534427 
556406 
552604 
544219 
534062 
543177 
532187 
537864 
528282 
545573 
542135 
543281 
568437 
607968 
672292 
431823 
511042 
551771 
536979 
577292 
534843 
539584 
543750 
544896 
540365 
540573 
539011 
547396 
535729 
541563 
531041 
536875 
524688 
559114 
578541 
564323 
509479 
539948 
534323 
541771 
533907 
585260 
540156 
539167 
532083 
539896 
536354 
540469 
533385 
541042 
533646 
540573 
540781 
535052 
530625 
540729 
535260 
527448 
536146 
537448 
534479 
545261 
535521 
560573 
508281 
537708 
531770 
523021 
546927 
575312 
564115 
506875 
537761 
600730 
623542 
709375 
681458 
646250 
537396 
535937 
534218 
549896 
533073 
533958 
532760 
535989 
536146 
536875 
535677 
542032 
1167760 
539844 
534688 
526719 
542708 
534115 
525313 
539896 
558438 
564948 
603385 
625885 
632968 
618594 
616094 
559739 
611042 
623021 
503334 
546146 
546146 
547604 
559583 
542084 
553489 
553437 
540573 
536614 
541250 
554323 
537708 
538854 
526406 
538177 
526927 
532552 
570834 
536771 
534167 
531354 
538021 
538177 
539271 
531979 
547032 
604896 
598906 
520417 
528750 
532135 
532135 
540417 
536406 
545157 
523333 
535834 
542344 
533386 
565364 
535885 
533802 
536198 
533907 
533229 
533385 
536928 
531979 
527448 
531198 
537761 
541927 
568229 
622291 
555833 
536614 
540417 
532813 
533646 
529532 
534115 
576875 
536771 
534636 
531771 
538334 
533177 
531041 
536979 
541771 
531458 
543386 
529688 
537188 
536823 
530885 
556406 
537760 
536302 
536771 
532135 
538959 
536146 
599532 
583073 
636718 
623646 
617864 
628750 
628594 
542240 
541459 
533177 
534531 
537135 
531250 
538958 
562760 
538698 
535886 
540729 
536302 
539896 
543594 
538490 
544011 
541667 
534739 
535104 
536875 
534479 
475625 
544688 
547864 
545937 
540000 
534480 
531822 
564844 
529114 
536354 
583594 
624063 
637917 
617761 
623959 
568854 
540000 
579271 
618907 
631145 
615729 
620052 
510729 
535781 
541615 
533125 
532709 
532500 
577188 
624375 
622968 
618750 
630885 
618698 
615364 
546041 
525572 
536146 
536198 
538750 
538698 
538489 
542813 
546927 
539792 
540521 
537969 
542813 
539844 
543750 
565989 
537865 
530625 
527969 
533750 
552813 
536563 
557083 
513177 
537395 
545156 
537916 
535364 
573073 
582136 
577708 
505209 
547396 
538645 
547291 
536562 
536406 
540521 
527916 
540104 
537865 
543802 
534479 
536927 
564323 
528490 
540365 
545938 
541666 
530885 
529895 
540104 
536510 
532083 
535000 
545729 
542343 
534271 
527761 
598594 
512865 
541823 
607031 
615625 
707917 
675833 
554635 
527239 
569375 
528750 
536146 
542760 
540313 
533490 
535625 
537500 
545521 
534687 
538958 
534948 
572448 
531145 
540000 
542709 
538542 
540625 
530781 
529218 
544427 
528125 
535729 
1157761 
534791 
533802 
564375 
601459 
598959 
600105 
580469 
595886 
534375 
574375 
511042 
542396 
526927 
576823 
510729 
551198 
566250 
536562 
535416 
529895 
532500 
532084 
533542 
534219 
541615 
533854 
535417 
536458 
536927 
531510 
534167 
547032 
535312 
540573 
534218 
541354 
541459 
535365 
562760 
541771 
536875 
534531 
531718 
522604 
546719 
556823 
611875 
652084 
692083 
704688 
668229 
632344 
525729 
546458 
536927 
533646 
539583 
535521 
537083 
556459 
540313 
533125 
532188 
531927 
541875 
601406 
679532 
702240 
712188 
497396 
574896 
577240 
515313 
534114 
531927 
544792 
541771 
535416 
537239 
526823 
570834 
535520 
536198 
535312 
536510 
545834 
541823 
539531 
549271 
531667 
537083 
542396 
539583 
544792 
534114 
536407 
538906 
537291 
534895 
537760 
573229 
505365 
575417 
518281 
594114 
580313 
649531 
637344 
636511 
569062 
565104 
591563 
627239 
627343 
591250 
663125 
498697 
564114 
603855 
645781 
681354 
666980 
581302 
519688 
503438 
536615 
492917 
525365 
496562 
539219 
550364 
543177 
518645 
509896 
561823 
605000 
638907 
510782 
521562 
518697 
511614 
516614 
515260 
518646 
546041 
517500 
515156 
516458 
521406 
514010 
516771 
514219 
521615 
511927 
515365 
524115 
522396 
511458 
513646 
516354 
514479 
514427 
561979 
600990 
658333 
675521 
627604 
523073 
614323 
641354 
673958 
656771 
640520 
520157 
520885 
521718 
522187 
515052 
561614 
600781 
580052 
514584 
516250 
511718 
522813 
519011 
511406 
537709 
498177 
514635 
512292 
522448 
517760 
518072 
510260 
538021 
513646 
520521 
513646 
522448 
519532 
522917 
522604 
522708 
520625 
515938 
518959 
520625 
520886 
513125 
545938 
519688 
517709 
512969 
523802 
521094 
510469 
524583 
518593 
517761 
514584 
513750 
513229 
517083 
562292 
697865 
649739 
677188 
634010 
679844 
635365 
677239 
500104 
521145 
561823 
555208 
490104 
523073 
500937 
533542 
552760 
549635 
489167 
518906 
506145 
534739 
594167 
553541 
495834 
508594 
552136 
597291 
616927 
660469 
503230 
1131198 
519531 
515937 
508854 
520364 
533698 
522344 
517136 
520365 
517448 
514688 
517344 
521042 
522031 
517500 
513646 
514636 
517656 
518282 
516719 
543229 
520572 
516510 
513646 
517604 
519166 
517552 
513125 
471094 
520729 
519740 
518386 
522500 
518178 
518594 
513646 
499270 
516562 
520208 
520781 
513959 
519167 
515781 
539322 
516250 
517396 
513073 
514115 
516823 
514792 
520781 
517500 
520000 
517500 
512187 
512604 
517292 
516927 
516041 
546093 
581198 
548281 
566927 
569114 
567552 
555989 
591093 
544583 
509063 
546771 
492864 
534166 
497865 
531770 
485730 
520886 
516406 
521302 
511980 
514375 
525208 
524010 
514792 
517656 
515573 
519063 
516198 
523490 
545052 
518594 
523854 
508541 
522813 
514167 
515677 
519270 
522291 
516094 
521719 
515677 
515938 
513959 
520521 
514375 
510938 
521146 
514583 
516614 
525000 
525781 
526615 
542760 
523125 
521927 
515313 
510990 
517604 
520208 
515261 
515209 
509427 
520677 
517552 
514375 
517917 
517031 
507239 
525989 
603020 
518438 
511146 
522136 
516771 
520313 
573750 
516406 
517187 
526459 
521302 
517916 
516458 
519427 
517552 
521927 
519167 
519844 
515312 
515625 
515937 
548385 
526145 
511354 
550989 
520573 
517552 
521250 
515885 
535625 
518125 
516614 
512187 
530208 
510209 
512500 
516093 
514375 
554167 
516719 
548906 
510521 
552813 
516354 
541667 
517032 
515521 
513594 
542396 
518854 
521406 
517448 
520938 
519740 
553697 
521198 
516354 
515729 
545052 
540104 
513437 
517031 
553698 
517760 
518490 
510209 
548646 
516979 
546771 
514218 
517708 
518073 
523230 
516302 
575209 
518386 
519688 
522292 
513125 
520260 
516979 
516667 
521458 
514791 
608281 
517552 
519219 
515521 
520052 
515885 
500052 
512188 
514584 
518959 
521042 
510365 
586302 
515938 
511719 
513802 
517605 
512396 
516354 
511250 
606145 
516875 
516146 
512240 
506771 
511562 
601041 
514531 
517188 
520782 
513906 
515521 
514271 
512135 
512083 
513438 
583125 
516250 
515000 
519688 
514948 
516510 
515729 
510260 
1169792 
519948 
514115 
516615 
517813 
510469 
517917 
516823 
515938 
513490 
520573 
514948 
525886 
520990 
517396 
514740 
521250 
600573 
519531 
509010 
516563 
547605 
512968 
516406 
514688 
523229 
515678 
515208 
519428 
514531 
511718 
587916 
514323 
519895 
522031 
518281 
544062 
525313 
513802 
517812 
516198 
514115 
520782 
515208 
534583 
519167 
515521 
518386 
513958 
507760 
510417 
523177 
512708 
507448 
510677 
519115 
519584 
536458 
499479 
533021 
527032 
512761 
516459 
511146 
514427 
510781 
511250 
516354 
509843 
512344 
520781 
513855 
515990 
517552 
515573 
520208 
515208 
515781 
520000 
515833 
517031 
520156 
544531 
512292 
514062 
521146 
513906 
520833 
516042 
512917 
520469 
521614 
519687 
520469 
509739 
521406 
521979 
519583 
510625 
513229 
512187 
520000 
513020 
512708 
517447 
555260 
519584 
507136 
519375 
518802 
510313 
509531 
513750 
524480 
514427 
509480 
513489 
517187 
513803 
511823 
518854 
525990 
517917 
513385 
524844 
518333 
518073 
509635 
532812 
513229 
510990 
493281 
527135 
519687 
512865 
521302 
543073 
521458 
521562 
488177 
509531 
524375 
496719 
520938 
554375 
513750 
515729 
519010 
518802 
515834 
514531 
511511 
526875 
508646 
520833 
517916 
513541 
523594 
508906 
514843 
514062 
513802 
562969 
517812 
571562 
558646 
730833 
581302 
605157 
526302 
526406 
519323 
524010 
578385 
515730 
509010 
513541 
515052 
515365 
526875 
512448 
451979 
472969 
514323 
518438 
557761 
515573 
516302 
514896 
515781 
515521 
511198 
521303 
518230 
509583 
527083 
543125 
518281 
522031 
524270 
513385 
517552 
518437 
511875 
517813 
525365 
516146 
524687 
512083 
516666 
513698 
516562 
523646 
525000 
540677 
489740 
518177 
520573 
544323 
522709 
520365 
527136 
566458 
498177 
518750 
522969 
558698 
507656 
493438 
524427 
563906 
503542 
518750 
518802 
573906 
495417 
518282 
523646 
526302 
526667 
509740 
537447 
517292 
503750 
536875 
538698 
565521 
498906 
518490 
566822 
571771 
504480 
520677 
518073 
516250 
511094 
1184531 
513177 
512969 
513177 
517604 
513906 
515000 
542083 
519218 
519167 
519844 
520417 
520000 
520469 
514219 
550938 
493437 
519531 
521042 
515573 
525573 
524063 
519635 
518229 
518750 
515000 
543125 
554479 
508229 
501511 
573750 
513438 
521094 
490105 
531718 
493542 
500833 
502187 
515468 
513854 
518698 
518333 
511406 
510000 
515105 
504635 
517396 
514115 
519896 
515834 
512031 
513437 
511719 
536354 
510156 
510572 
519114 
517343 
511822 
511406 
522343 
517187 
512657 
510261 
514896 
510677 
523177 
510781 
523177 
519114 
515000 
563802 
603177 
643854 
627656 
560625 
493750 
516562 
521614 
520781 
516302 
517031 
520365 
538386 
521146 
513594 
518333 
509844 
526875 
518073 
513177 
519479 
520938 
517396 
512916 
514844 
510313 
511823 
524427 
513594 
521406 
522396 
509791 
508906 
513125 
514427 
540260 
509688 
514688 
516771 
521719 
518750 
514167 
516041 
520260 
523907 
524166 
520416 
534375 
515260 
512969 
513021 
513750 
510312 
514844 
511250 
521093 
512500 
509688 
586406 
599792 
642188 
590313 
619062 
611198 
626823 
536823 
528646 
522864 
517084 
521563 
516719 
517239 
541927 
513802 
516979 
506875 
511041 
518073 
514635 
561510 
578646 
640572 
596458 
622604 
596927 
618072 
647135 
500260 
516146 
518281 
523229 
509896 
519167 
517239 
523438 
511302 
515834 
518281 
513646 
515157 
515156 
509479 
518542 
514428 
560885 
592604 
625469 
618490 
635677 
502084 
522188 
517865 
516875 
519271 
513594 
512031 
544427 
517865 
520156 
509062 
516354 
513907 
520781 
514843 
516666 
516875 
520677 
515677 
519375 
519792 
515886 
521875 
522917 
517083 
523490 
520000 
520208 
518855 
512500 
553490 
517865 
515521 
517136 
521823 
511510 
519531 
513125 
521198 
517084 
516459 
519427 
527031 
515156 
514480 
516667 
522552 
521614 
525417 
525938 
517813 
515833 
521771 
585781 
516407 
521146 
517344 
517448 
513020 
516458 
523177 
517761 
516667 
516511 
517032 
521875 
513438 
516198 
548125 
511771 
516719 
511302 
512343 
511927 
513594 
559167 
1484114 
646511 
592813 
589167 
639115 
590208 
519479 
521042 
524739 
520052 
527448 
521042 
527083 
463854 
513802 
516041 
517343 
521562 
516563 
512656 
513698 
512604 
511875 
522709 
518021 
518490 
519062 
516771 
515625 
514428 
511094 
518646 
512813 
516094 
515729 
511042 
512396 
509323 
510417 
513906 
521511 
518437 
517604 
539531 
517969 
517917 
508698 
518333 
535052 
520156 
510729 
514375 
528021 
521354 
516250 
508073 
525677 
517032 
515886 
519323 
520104 
551979 
597708 
631146 
618645 
661302 
500781 
524479 
519427 
520313 
515730 
520365 
520208 
517500 
514688 
513073 
515416 
512968 
514427 
455729 
514219 
524323 
522292 
511198 
517968 
513541 
518333 
513281 
546042 
516563 
514636 
512864 
520989 
520833 
520052 
513646 
530834 
524114 
513021 
515573 
514739 
517135 
514271 
514688 
520521 
514895 
513437 
512448 
515521 
517604 
512605 
535104 
518750 
513438 
511927 
525469 
514219 
508646 
519844 
537604 
512656 
520729 
516094 
512604 
516719 
519218 
518490 
513177 
519114 
523229 
518021 
514635 
514896 
515990 
573958 
523802 
512136 
521250 
512083 
555781 
597604 
627187 
482396 
514844 
512605 
517917 
518021 
511406 
516719 
536198 
510677 
511666 
513907 
519167 
519479 
520677 
510730 
522708 
510729 
518645 
516042 
519740 
521041 
510625 
524323 
517136 
513594 
553803 
602552 
630312 
640156 
603802 
514010 
516979 
514114 
520417 
519323 
516459 
515365 
515990 
471875 
516510 
515208 
514791 
517968 
523021 
516042 
510105 
517135 
521979 
516407 
516198 
522761 
519010 
516458 
519479 
519844 
522447 
526979 
507604 
515677 
512188 
539948 
516406 
519219 
516667 
517240 
514427 
516822 
522396 
498958 
516875 
519531 
515937 
520156 
516771 
512187 
511719 
515781 
561198 
599010 
630729 
637968 
624636 
601458 
508073 
562291 
586615 
619583 
629010 
628646 
547188 
517708 
514791 
514375 
515416 
580729 
559635 
704271 
534270 
517864 
525990 
523803 
489948 
520521 
494323 
517240 
516459 
490989 
515781 
513489 
510104 
512500 
514427 
517292 
512656 
1143177 
530313 
527344 
518698 
520365 
518177 
513594 
519531 
515573 
518750 
515104 
518802 
518437 
517709 
518281 
517292 
523542 
519427 
516198 
549635 
522500 
514375 
514271 
515000 
518021 
515365 
512292 
524375 
522813 
516667 
519219 
516771 
520573 
517656 
513750 
518802 
520521 
525052 
514479 
512187 
524635 
519895 
545677 
517343 
520104 
511563 
519271 
519218 
514166 
511354 
516823 
517865 
516563 
519427 
519167 
513073 
519270 
520781 
514375 
520209 
517865 
521823 
516094 
518178 
519271 
518385 
513750 
608021 
520573 
519531 
513489 
514740 
520521 
519271 
514323 
515365 
515729 
600052 
516875 
515104 
543385 
514427 
520573 
516771 
513855 
521718 
515000 
520677 
518334 
512136 
516615 
518750 
516771 
516823 
520625 
518177 
521563 
598698 
523854 
513646 
520521 
518594 
518385 
545677 
518490 
509480 
515990 
515261 
515990 
595469 
513282 
518698 
514948 
521250 
515573 
519115 
522031 
518802 
536302 
512448 
517656 
593437 
514323 
514063 
518958 
515833 
515261 
517604 
518177 
517761 
517500 
591875 
517240 
547135 
515364 
511719 
511823 
513907 
511823 
517657 
517552 
593177 
514115 
515156 
520521 
522239 
517448 
516354 
519532 
513177 
517083 
511198 
523385 
590052 
521510 
514583 
535365 
519375 
515052 
516771 
515209 
512969 
517135 
523385 
515313 
554323 
519948 
516979 
517813 
600000 
514531 
541198 
513438 
526042 
505625 
512448 
511302 
518021 
509687 
513854 
512031 
591719 
516511 
516458 
514948 
517032 
510156 
510365 
518750 
588437 
510885 
519375 
515520 
519687 
518230 
514948 
518073 
520625 
513698 
595052 
517552 
521771 
513229 
513594 
538438 
520469 
521771 
517188 
513802 
550156 
511563 
515990 
520625 
519219 
510521 
515990 
519896 
603073 
509480 
529688 
530833 
516250 
531927 
523906 
548541 
519896 
507917 
521980 
517239 
519062 
516511 
517083 
516458 
466042 
513698 
512136 
518230 
607031 
519636 
549115 
517709 
505364 
518646 
497084 
503125 
500521 
514792 
516927 
500052 
502135 
514531 
517396 
512396 
520364 
515156 
522813 
1145885 
520209 
514531 
511614 
520208 
550729 
518541 
507708 
517083 
520886 
515469 
510365 
517708 
528854 
510417 
521458 
513385 
517344 
516094 
517188 
516875 
512083 
520000 
513333 
517135 
516667 
520052 
523542 
544323 
520208 
511563 
517812 
520364 
511302 
513073 
517760 
517708 
520104 
513438 
509219 
517552 
515834 
518750 
518125 
515625 
517395 
505885 
509010 
490416 
517760 
496250 
512396 
525782 
515834 
521719 
518959 
518385 
519792 
516458 
541146 
517604 
511823 
524010 
511927 
510261 
518542 
514479 
524531 
519063 
518282 
509271 
512135 
517917 
520156 
517239 
511875 
514479 
521771 
532864 
563802 
539427 
529636 
3074740 
519219 
515468 
522135 
515105 
515052 
522084 
519427 
510104 
509635 
517916 
520364 
520677 
513125 
519635 
516302 
517032 
515208 
546407 
519115 
513750 
509636 
506094 
514375 
513854 
512344 
529323 
521666 
512968 
521511 
516719 
520833 
509635 
515833 
568438 
508437 
502500 
493177 
533698 
483959 
504636 
512292 
502292 
503958 
501458 
500052 
500000 
501927 
506823 
526302 
507553 
503593 
503697 
510729 
497813 
502864 
499740 
506875 
508594 
503229 
501563 
504271 
506511 
498958 
503125 
524740 
487969 
508334 
503542 
505209 
510000 
500261 
499115 
509584 
509480 
502083 
503229 
498855 
503229 
499740 
497083 
500260 
503073 
509480 
506562 
502135 
503020 
510364 
502240 
500625 
503229 
530312 
548906 
560573 
568750 
556614 
516927 
509063 
438490 
506927 
497604 
518334 
581771 
640573 
509687 
481198 
502761 
474687 
512448 
508177 
512604 
491719 
496771 
503541 
511562 
507396 
501198 
503698 
504011 
530990 
502448 
503386 
499740 
504740 
497292 
502969 
510416 
502552 
498958 
501458 
501041 
508646 
506146 
502292 
503125 
523907 
562239 
565104 
534531 
504167 
507708 
499167 
558021 
504531 
500782 
525416 
554531 
558490 
538489 
486041 
506458 
501094 
502292 
543490 
582760 
579583 
593490 
570573 
504896 
511406 
500938 
509740 
507135 
508802 
512708 
519167 
494479 
505208 
506719 
510886 
509270 
508021 
506407 
508594 
1162448 
489479 
496823 
509687 
503020 
534479 
501146 
521094 
478958 
500260 
500208 
513646 
530573 
520156 
497084 
675782 
574843 
564739 
590417 
546823 
534271 
504479 
502657 
503021 
501354 
501718 
507812 
499062 
513125 
502448 
501406 
497708 
503802 
494844 
545312 
523229 
514635 
487604 
500052 
501459 
506302 
475937 
495469 
504115 
492969 
504271 
507135 
502187 
508907 
503594 
503802 
502031 
503698 
498021 
503750 
499792 
503802 
527604 
552188 
607709 
496042 
510677 
496979 
482083 
505573 
543229 
562812 
566354 
486562 
525156 
550000 
562344 
558281 
569427 
559219 
499583 
502395 
508385 
498594 
503541 
507344 
497969 
506823 
523594 
552865 
560781 
546614 
479167 
505625 
503021 
506615 
496927 
541042 
475625 
514323 
501510 
516666 
541667 
509739 
501458 
499271 
504479 
525677 
505261 
503333 
533646 
496041 
508750 
497187 
500937 
505208 
509688 
500156 
508229 
496667 
500364 
510520 
507031 
506562 
502083 
507083 
502343 
518750 
547239 
571094 
561563 
556979 
566459 
543385 
504583 
443802 
497916 
507500 
498646 
504583 
503073 
522500 
558020 
569427 
561667 
567448 
574271 
559062 
503854 
511823 
499219 
494739 
498437 
502656 
501042 
498959 
504219 
506354 
504948 
502917 
505156 
527187 
551094 
569115 
459167 
526042 
558698 
561719 
566146 
558594 
567188 
507084 
505677 
498177 
505520 
500052 
503490 
502448 
502240 
505886 
497657 
521927 
557188 
557448 
569948 
576406 
550573 
509427 
492709 
509219 
501719 
501458 
501146 
522761 
547865 
565260 
551979 
567917 
556198 
546562 
553593 
524792 
506875 
498958 
505052 
499271 
505885 
504166 
500677 
504739 
498542 
509948 
506302 
525208 
553333 
558333 
600312 
486458 
511146 
500052 
498698 
498073 
506302 
521719 
566563 
553385 
560260 
557553 
566354 
554375 
539687 
506354 
505677 
506354 
505729 
501927 
502656 
505104 
503542 
529636 
504531 
507448 
498594 
544479 
588177 
567083 
582187 
486458 
500260 
509740 
502656 
501979 
502968 
550104 
613334 
603906 
590209 
608750 
591042 
588594 
577968 
1238281 
506615 
502032 
498594 
505416 
500000 
533021 
505677 
503229 
499167 
500886 
499427 
552969 
577604 
555313 
500469 
504636 
499948 
524687 
548385 
558854 
613854 
489375 
512448 
506250 
501302 
500000 
508541 
548438 
600520 
614687 
595938 
611510 
555000 
600886 
565000 
482760 
550260 
571354 
586302 
585521 
618854 
585313 
481354 
506302 
505938 
499635 
505833 
508334 
504531 
509062 
508333 
513177 
507135 
500989 
506666 
501354 
550469 
606406 
594063 
598437 
557240 
566510 
580364 
607656 
558854 
551250 
563594 
630312 
590209 
552604 
587552 
552552 
503906 
501458 
498438 
503334 
508593 
505156 
498073 
503021 
501718 
499844 
504375 
511406 
505573 
521354 
549375 
575364 
577396 
559375 
557969 
566094 
557135 
588177 
483073 
510521 
504687 
511198 
502136 
506511 
498958 
501146 
501406 
505052 
504375 
500677 
501980 
502812 
499166 
527031 
499636 
500781 
510208 
549791 
579688 
599166 
632396 
486250 
504792 
499375 
503073 
503230 
504583 
505000 
504322 
503125 
504010 
545416 
578334 
596875 
557188 
637396 
475364 
505885 
501562 
498489 
503437 
497239 
503073 
529323 
499583 
504479 
500781 
504375 
506875 
549114 
562500 
549271 
495729 
502084 
497032 
546875 
578958 
596666 
584844 
493594 
503072 
505937 
498437 
506928 
503646 
502969 
522292 
549688 
587396 
627761 
601875 
581666 
580104 
524011 
506354 
501615 
504635 
497656 
505052 
504688 
506771 
504948 
498333 
454166 
508020 
500625 
503177 
497135 
502500 
506094 
503750 
507448 
508438 
550938 
572708 
584948 
578177 
498594 
509740 
505885 
510052 
505365 
500990 
502188 
506823 
539531 
583802 
585156 
568385 
590990 
580416 
532083 
507813 
500730 
501250 
501250 
505000 
511042 
510104 
503021 
509687 
499375 
507136 
507448 
505209 
496615 
506146 
489947 
512031 
520573 
520834 
523959 
520416 
519844 
517656 
525312 
480938 
504063 
512917 
502500 
508750 
504844 
525417 
505886 
501250 
504688 
505365 
501302 
496979 
507500 
507396 
499218 
503333 
507552 
507708 
506303 
503750 
503750 
501250 
1143646 
507448 
500521 
506093 
506146 
530677 
495520 
501771 
546875 
569062 
581719 
587292 
598906 
485417 
506875 
505053 
506250 
503802 
504583 
499948 
506927 
487448 
501719 
503854 
550000 
577239 
594479 
558021 
495885 
502240 
502656 
498958 
504323 
495469 
504166 
496979 
502396 
501719 
546354 
573073 
603750 
557500 
555990 
529375 
510208 
505052 
510417 
505104 
501354 
501198 
499636 
501511 
504063 
514375 
525156 
589896 
615208 
596093 
561406 
504896 
504740 
501770 
504375 
499844 
512031 
506562 
509791 
497084 
509323 
504583 
516406 
578281 
594948 
551510 
498542 
506771 
507969 
507344 
510990 
505468 
503594 
502813 
547865 
576406 
593854 
586823 
586771 
586771 
567604 
502032 
500625 
502709 
504219 
503594 
504323 
510417 
508698 
501771 
498698 
502448 
506198 
506823 
500989 
501302 
503229 
504427 
547604 
580052 
621771 
553021 
563177 
517135 
514219 
504271 
504583 
502396 
505469 
504011 
502760 
512031 
506146 
503854 
498020 
498750 
544219 
589896 
596458 
497240 
504375 
502813 
503073 
499844 
508125 
502500 
546875 
577812 
621980 
518385 
493386 
498750 
504375 
532500 
513230 
502136 
500364 
506198 
527187 
550208 
557188 
535521 
497864 
501146 
533385 
553802 
559532 
559479 
584115 
490104 
506303 
500990 
504427 
505000 
501459 
499948 
550365 
556719 
563646 
556614 
567396 
556250 
569740 
538020 
492083 
507083 
499375 
499635 
502396 
500261 
495781 
524010 
509687 
502187 
503125 
503385 
507500 
503958 
546823 
568333 
620000 
557552 
601250 
588177 
555573 
553333 
497968 
504011 
499896 
506250 
509219 
499636 
506823 
509480 
501042 
501250 
501667 
502552 
502969 
505625 
507605 
526718 
479584 
502969 
550312 
577969 
620313 
555521 
571042 
476823 
506511 
515104 
505104 
500625 
499844 
506094 
506614 
504635 
508021 
501666 
549739 
584271 
615886 
573125 
501510 
506511 
504792 
500782 
504323 
501042 
500834 
503542 
506042 
502448 
518907 
563385 
580469 
561980 
588281 
533073 
511354 
502708 
499531 
497032 
502604 
505417 
507500 
479427 
1173021 
499792 
500104 
503333 
501093 
537813 
501510 
546614 
572709 
585990 
588645 
586250 
644739 
501823 
502031 
504115 
498385 
505938 
502709 
498333 
525000 
514323 
499687 
506406 
506927 
501979 
499948 
496771 
505364 
495625 
501250 
498177 
495104 
539635 
574167 
599271 
476875 
510104 
503125 
544896 
582031 
618802 
602240 
519687 
521510 
506666 
503125 
509375 
523541 
501979 
505365 
503958 
503073 
503698 
504895 
502552 
499480 
495260 
544479 
505313 
526979 
531771 
527657 
515520 
496823 
504532 
553906 
532813 
511510 
562396 
575052 
578906 
561198 
565052 
525886 
505677 
510104 
503073 
505521 
501302 
505469 
512344 
501302 
502917 
507292 
518542 
562136 
569531 
602032 
487292 
501563 
503750 
502656 
507917 
503698 
522552 
574427 
571354 
564896 
561875 
560313 
562552 
559584 
547812 
495781 
508541 
501979 
498906 
508802 
500208 
500833 
502864 
504322 
503437 
504166 
508021 
501615 
504427 
499948 
529896 
558177 
571719 
557552 
557604 
594271 
573073 
531667 
503541 
503073 
501927 
501146 
505416 
499166 
506875 
498958 
499427 
502032 
505573 
502292 
524115 
551875 
621094 
481511 
507865 
500885 
502448 
498959 
526511 
553698 
548125 
500521 
526719 
550729 
566354 
560573 
566094 
600521 
495469 
501510 
502135 
501614 
502760 
501719 
500625 
483698 
529791 
555365 
547448 
558542 
566979 
554792 
605000 
484219 
515521 
499583 
503229 
509531 
505625 
502188 
460521 
506093 
504896 
483541 
524479 
555364 
561406 
579532 
464792 
503646 
506719 
502813 
518854 
560677 
571459 
550104 
488386 
507552 
501667 
501615 
537761 
573646 
559584 
494792 
525990 
555208 
555990 
566822 
556094 
560625 
557083 
508334 
502083 
507031 
499948 
499219 
502187 
498854 
508802 
503489 
499948 
503437 
531041 
561407 
571823 
604532 
481666 
504114 
503229 
499167 
504531 
497656 
526458 
547292 
557968 
563906 
560000 
559948 
587084 
562083 
552343 
496927 
499844 
499636 
501771 
505469 
502500 
496302 
515885 
504687 
507344 
500781 
500105 
505989 
545677 
564896 
604167 
1496510 
634011 
584375 
555834 
539271 
504739 
503385 
500468 
502708 
500834 
505313 
501198 
505469 
503229 
499219 
500208 
500990 
546666 
566302 
607864 
494792 
504792 
492083 
504479 
501927 
545625 
575833 
538438 
504271 
499427 
499218 
546562 
581354 
583125 
559063 
487135 
498334 
501979 
504271 
501458 
505000 
551198 
602708 
585521 
553438 
565209 
552240 
551146 
560729 
531510 
494114 
499375 
506094 
499791 
496927 
505886 
507656 
507187 
504114 
501458 
506302 
504218 
507604 
500729 
504531 
506667 
497292 
551302 
577813 
628021 
552916 
550521 
551458 
510989 
504531 
509219 
503542 
500417 
502031 
507031 
508958 
502292 
500052 
500938 
506042 
520052 
576771 
606354 
494479 
500365 
502500 
496928 
507552 
546563 
578281 
536354 
507239 
504114 
499011 
544844 
566302 
584636 
575573 
486771 
503594 
498490 
496927 
500677 
505625 
549948 
539531 
612865 
567396 
598385 
555416 
550625 
552188 
568281 
504375 
504062 
505156 
500208 
499114 
503697 
502188 
505834 
505938 
502396 
504427 
506511 
496614 
501198 
498646 
507552 
501302 
544896 
576979 
603282 
582448 
560885 
545312 
511563 
506823 
495625 
502760 
502604 
501354 
499531 
503542 
502188 
502188 
498230 
509062 
487500 
506302 
508750 
512760 
502605 
500834 
493437 
502604 
505208 
490782 
504427 
483489 
501146 
489427 
508802 
476822 
505625 
497656 
503177 
503594 
507291 
505885 
502812 
504479 
508282 
486979 
481927 
498542 
471302 
503333 
508490 
506198 
511928 
505521 
497812 
484063 
504323 
496979 
500052 
503802 
510886 
503594 
527188 
498542 
505521 
509688 
501563 
504844 
515208 
489584 
569531 
585468 
629948 
560677 
580782 
552865 
536354 
524792 
508229 
507708 
505208 
503177 
504739 
504948 
502083 
500313 
506250 
506302 
504114 
499479 
506979 
505573 
541667 
508178 
504688 
504687 
522968 
505052 
505677 
506302 
498490 
511041 
518802 
546094 
482240 
499427 
494844 
508854 
531094 
508750 
503020 
502083 
504323 
494740 
497292 
505521 
535312 
493854 
511198 
502500 
505104 
470677 
503021 
1125833 
494583 
501146 
475937 
500677 
512136 
500208 
500937 
504271 
511458 
501979 
501250 
504896 
501302 
500261 
501354 
501667 
527031 
552552 
563594 
570416 
557865 
550573 
506146 
508385 
501927 
502396 
502813 
509844 
502292 
507031 
507187 
513750 
532656 
552343 
566250 
561406 
567136 
448646 
499583 
500781 
506823 
502864 
524427 
554531 
551823 
506146 
531615 
552500 
563594 
500313 
483229 
499010 
488282 
502292 
516979 
541458 
556146 
549844 
482708 
485886 
560104 
553125 
477657 
521302 
525365 
567187 
478177 
520052 
511146 
574062 
581719 
561458 
564480 
558281 
564427 
511406 
504011 
514688 
428854 
507760 
502604 
506458 
503177 
507500 
543437 
578073 
447865 
488021 
485469 
553021 
489740 
497396 
507344 
509896 
499688 
506562 
500468 
505052 
504896 
507344 
500781 
505678 
504896 
504844 
501875 
503855 
525312 
504323 
503073 
502813 
501927 
503125 
501667 
504479 
524844 
509323 
525572 
483333 
505104 
506719 
504271 
501198 
515416 
502968 
502395 
499739 
501614 
508542 
511771 
503646 
501979 
506094 
503542 
495625 
495573 
503125 
504740 
496614 
502448 
505573 
505312 
499948 
545677 
575416 
584583 
562292 
492552 
506823 
504688 
503855 
501667 
513385 
502708 
525417 
531354 
528594 
494479 
495573 
541719 
548281 
556250 
615781 
548698 
487708 
486406 
507969 
503958 
505729 
559843 
560365 
487604 
510104 
545989 
556510 
610364 
630312 
504375 
514583 
453229 
508177 
503698 
502657 
505521 
548593 
505677 
504375 
502448 
508073 
498334 
504740 
518282 
502708 
503437 
509375 
501875 
505417 
499479 
500782 
499583 
505052 
509895 
504011 
500469 
497239 
503542 
503803 
501042 
514271 
513593 
504427 
500104 
507864 
501303 
505364 
507708 
506667 
506302 
531146 
554167 
559427 
567187 
556406 
496770 
500208 
508229 
504792 
501823 
508125 
501042 
503490 
503906 
510416 
505104 
500938 
506406 
508906 
502813 
497969 
510520 
500781 
505364 
504479 
506979 
503229 
501823 
500052 
498593 
504635 
502500 
506093 
495677 
508125 
504947 
531875 
531302 
1378854 
573125 
573229 
560573 
531406 
509636 
511146 
507135 
502813 
501146 
495678 
508646 
504010 
501302 
513750 
495625 
504063 
501718 
495468 
498541 
505416 
502968 
495521 
506771 
506094 
506823 
506823 
503073 
525937 
547395 
559636 
560000 
557448 
568281 
557240 
489583 
517084 
505625 
505313 
499948 
506666 
508177 
503646 
503438 
522187 
553698 
566198 
560834 
556042 
553281 
506250 
503802 
503333 
500365 
501146 
503386 
506615 
514896 
501510 
500938 
527761 
548542 
557916 
568646 
557969 
570833 
495730 
507760 
505000 
506823 
500990 
504740 
529948 
565729 
573177 
558959 
555781 
566562 
556093 
554844 
515729 
506771 
500521 
504323 
504375 
502396 
504323 
498594 
501770 
503802 
503282 
501771 
508021 
504636 
501719 
500417 
524010 
561771 
569739 
561927 
557292 
565417 
555625 
517343 
501719 
502500 
500156 
508542 
505156 
506302 
506198 
501563 
523125 
558489 
559687 
570417 
559687 
560000 
547083 
509479 
500365 
501302 
503333 
504167 
500261 
502500 
501718 
501510 
497343 
507760 
498802 
533594 
522656 
501146 
529166 
477396 
501771 
507812 
500938 
499584 
507031 
504479 
506823 
505260 
501771 
508386 
497656 
498020 
504687 
531927 
483021 
502552 
506823 
503282 
500833 
499375 
502240 
532812 
523125 
534011 
481875 
541511 
506615 
486406 
504219 
524687 
500990 
499948 
509740 
505990 
501511 
508542 
500677 
508230 
499948 
500417 
508386 
501250 
496667 
502188 
502552 
502343 
506927 
509792 
503125 
502083 
500886 
501458 
512864 
529792 
553385 
555104 
558594 
559323 
558229 
555989 
501198 
503282 
505156 
507500 
506927 
501146 
503334 
508177 
504791 
505781 
500364 
535364 
528073 
517240 
486667 
498125 
508333 
508333 
502500 
500104 
499480 
500364 
500573 
520730 
502084 
508802 
517344 
498802 
499948 
502292 
498281 
518645 
504375 
497969 
498125 
502135 
505157 
446302 
506042 
520833 
537500 
531250 
553542 
557969 
556407 
564270 
592292 
486615 
503489 
505208 
504063 
504375 
505000 
507552 
518542 
528489 
557812 
550833 
550209 
586354 
1347083 
509167 
506823 
505521 
506510 
508698 
497656 
503125 
509479 
503907 
500782 
500781 
505573 
503802 
499584 
499635 
505261 
510157 
503489 
499479 
502240 
504792 
522136 
588802 
562396 
569531 
556667 
558281 
569323 
557344 
582448 
490677 
503177 
504636 
505000 
505105 
503177 
506979 
525052 
517864 
504427 
507709 
505260 
508437 
499583 
501303 
502656 
499688 
507553 
500052 
520990 
544688 
568229 
553386 
481042 
494739 
486771 
507187 
512865 
510208 
511875 
492553 
490834 
505468 
507656 
489375 
500208 
481250 
511198 
513177 
473802 
479948 
521563 
479895 
501406 
475781 
498230 
500104 
508802 
508178 
500729 
526354 
550000 
570417 
555105 
536667 
502448 
504583 
541979 
538802 
570156 
534271 
603073 
483594 
496823 
499531 
506614 
505729 
502240 
526198 
576928 
512917 
545677 
560104 
558854 
560052 
557917 
601614 
488906 
514271 
500260 
514687 
506198 
511250 
501823 
548438 
501667 
505105 
507396 
504531 
508593 
505104 
503594 
523802 
561615 
559791 
477969 
507187 
524687 
485105 
505156 
506875 
520365 
545729 
564531 
559687 
557604 
556875 
494843 
527031 
562500 
501615 
508021 
481979 
511042 
508333 
507343 
505365 
510261 
504896 
499427 
505209 
513386 
478854 
502865 
503073 
504479 
509010 
502865 
496770 
506198 
531979 
501511 
502291 
498906 
528177 
502448 
495417 
518125 
577604 
540156 
493802 
513750 
535052 
550261 
561615 
530833 
492969 
508854 
442500 
503073 
525625 
553073 
564479 
548021 
498490 
503281 
521823 
561563 
571458 
562448 
617240 
477448 
496823 
500937 
500833 
509792 
504218 
496250 
524740 
551823 
562760 
567812 
473282 
504479 
502917 
502865 
506302 
505104 
522968 
554166 
462083 
502031 
504947 
509583 
498177 
499688 
499427 
496406 
505313 
506719 
506250 
504895 
506250 
498593 
502708 
497136 
502032 
501042 
502239 
498906 
500729 
526302 
556511 
561146 
530052 
556979 
566667 
491771 
507917 
507760 
500052 
502344 
504635 
501875 
501042 
522396 
521823 
486666 
498698 
496302 
502968 
503437 
499115 
500157 
503907 
1123698 
504687 
499739 
503125 
535989 
502083 
500990 
506355 
504114 
501980 
500312 
508177 
525834 
501250 
504375 
504271 
506770 
507656 
504844 
503542 
524479 
497396 
505469 
501094 
520000 
544688 
559844 
616667 
427552 
501250 
523698 
551458 
557969 
556407 
564323 
503541 
505104 
507969 
500261 
504063 
529948 
551771 
560468 
471667 
527605 
560573 
561354 
558750 
568750 
556302 
495260 
507292 
505781 
505781 
499010 
501927 
499531 
505260 
506145 
500521 
520625 
563750 
575260 
560104 
556875 
549219 
501666 
503958 
504115 
498906 
505885 
503282 
502656 
504427 
520886 
550885 
594167 
559792 
557812 
582084 
564323 
502448 
496198 
503698 
505521 
504427 
507187 
499844 
502239 
501459 
502292 
505260 
524739 
561615 
559895 
603698 
486510 
503959 
498542 
506198 
501614 
502812 
520886 
586042 
571875 
565260 
561771 
552552 
570886 
559532 
501355 
511615 
504167 
503125 
511823 
501718 
507708 
502917 
524114 
501146 
505625 
502396 
500677 
506563 
502552 
507812 
530312 
555677 
565053 
556094 
565625 
565416 
558021 
533125 
500521 
498958 
507917 
503802 
501927 
498645 
500000 
501823 
503438 
503802 
501041 
538593 
505260 
504011 
507031 
504063 
518386 
555052 
561198 
560364 
573541 
561093 
504583 
507083 
513437 
499843 
500000 
503073 
506354 
500625 
530833 
551927 
553802 
591979 
558802 
560938 
558855 
507396 
505417 
500208 
492812 
498958 
502865 
500990 
500781 
501979 
498907 
515260 
523229 
553282 
578333 
562552 
573594 
501042 
507291 
505885 
500416 
506354 
497656 
502708 
520782 
552344 
559792 
556355 
565312 
555990 
555625 
580468 
499479 
500105 
501823 
500938 
502396 
506094 
510937 
508906 
503698 
497083 
504166 
505833 
524844 
550365 
559167 
475938 
526458 
552136 
561666 
557968 
565885 
560104 
502656 
506458 
501198 
496354 
503802 
501510 
502812 
503802 
528177 
561146 
569635 
560208 
566614 
559375 
555781 
510625 
512657 
500208 
499895 
503385 
506927 
505156 
502968 
502656 
504948 
502552 
525417 
546614 
557604 
562396 
558073 
483333 
1131302 
496875 
504323 
504844 
502760 
510260 
498281 
502396 
500989 
507083 
508334 
527604 
556458 
627709 
565364 
562708 
567344 
557396 
558958 
558594 
454584 
502188 
503854 
501979 
505625 
502187 
503490 
495312 
508021 
505625 
497031 
502969 
500625 
543229 
551562 
581198 
495365 
502604 
506719 
523698 
557396 
565417 
560365 
469011 
505157 
530104 
552344 
588698 
561145 
531250 
546354 
503750 
504011 
502917 
501563 
497917 
504063 
511042 
497813 
521771 
552292 
584011 
561302 
556771 
561250 
553229 
493125 
502188 
519011 
499219 
504323 
500261 
500573 
509583 
505469 
503386 
501250 
527083 
547448 
559583 
557812 
478594 
497760 
502500 
502552 
523229 
555573 
561615 
562917 
499271 
501666 
504271 
501302 
521146 
555521 
565886 
466927 
531719 
561614 
562083 
559948 
552761 
561250 
520625 
501042 
504792 
502240 
497344 
503125 
501719 
500313 
528021 
499479 
528489 
558750 
568855 
551875 
558542 
571563 
504271 
504323 
500052 
502552 
496146 
504687 
509167 
505469 
504688 
502396 
518437 
548489 
556927 
557604 
555104 
461250 
524635 
533542 
551771 
555937 
567708 
557917 
497604 
502292 
506093 
508021 
522135 
508802 
526250 
983177 
539948 
528021 
512291 
506198 
503542 
504895 
554427 
507916 
498281 
501718 
513438 
505573 
504583 
503229 
541094 
504428 
500990 
500417 
503334 
508021 
507813 
506407 
505052 
502500 
507553 
505520 
501770 
520000 
503490 
500886 
483438 
504583 
514895 
497916 
501615 
513230 
513698 
553021 
584219 
621250 
507448 
504427 
501771 
503906 
507708 
510937 
504532 
510052 
504792 
508906 
504479 
511250 
510417 
525469 
489531 
513177 
536303 
506355 
535469 
478021 
513646 
482969 
517657 
533802 
503177 
527291 
574948 
556094 
607084 
467604 
534740 
518333 
490104 
487552 
473698 
499375 
492657 
508698 
514636 
506823 
506719 
501094 
501770 
512812 
499844 
525364 
529115 
498229 
499895 
502396 
511406 
543021 
505156 
503489 
507969 
505000 
534688 
491198 
505104 
520781 
525156 
520208 
497031 
506197 
504531 
503125 
504375 
1198490 
499010 
534635 
531771 
547448 
482084 
532604 
529011 
536458 
512812 
490156 
500989 
509218 
502135 
502396 
502240 
504844 
505729 
498385 
508334 
507552 
501771 
506823 
518490 
508542 
504688 
505468 
504635 
431563 
510573 
495573 
504688 
509844 
529323 
489531 
502760 
508906 
596719 
548385 
557188 
518334 
495885 
513750 
550156 
488229 
508958 
526250 
493020 
505833 
533958 
488855 
490208 
511719 
499791 
814271 
510260 
509583 
504271 
503333 
497813 
504479 
506927 
495885 
506614 
506771 
524739 
489531 
502344 
511302 
506406 
502968 
505989 
501355 
505469 
495834 
499687 
512708 
503282 
495365 
504687 
502968 
500781 
514479 
622969 
514584 
527552 
505625 
505417 
519323 
501823 
501770 
536875 
506979 
501771 
504739 
497396 
508489 
499532 
501146 
511042 
552656 
510208 
486198 
498958 
551406 
485781 
504583 
501823 
502708 
500938 
500990 
516979 
498855 
506407 
511354 
482031 
518646 
503542 
499636 
508021 
503750 
505886 
547500 
499792 
508802 
504271 
498594 
504115 
518177 
515000 
555104 
525105 
488229 
504167 
513229 
523750 
521615 
489271 
503646 
501302 
524375 
506875 
505052 
508073 
514792 
510052 
506198 
507239 
504011 
500000 
501042 
506927 
496719 
502292 
509740 
501094 
500468 
503229 
510313 
518125 
526927 
547709 
508386 
502656 
502500 
516250 
551562 
485156 
505416 
513854 
543282 
494792 
506458 
510156 
529687 
530208 
505781 
468281 
506458 
501250 
503177 
497917 
508073 
502969 
509063 
505573 
500937 
497552 
512865 
504584 
506042 
496562 
504636 
503542 
507709 
545885 
494688 
498490 
508177 
517761 
535990 
487969 
504011 
496770 
503698 
500729 
530052 
514219 
547448 
503490 
508854 
503750 
506615 
496302 
504844 
499063 
504948 
500052 
498282 
504531 
510834 
502083 
507031 
500105 
505417 
506875 
508854 
502396 
524427 
489166 
504219 
504636 
504531 
497969 
499219 
501562 
503958 
503021 
511302 
510521 
502448 
506406 
506406 
500157 
503958 
507812 
498697 
533333 
505157 
504479 
503177 
493645 
509166 
506719 
530625 
589270 
1438073 
554166 
563125 
560364 
568854 
471563 
529063 
555781 
560886 
564115 
560365 
570000 
505989 
508177 
499635 
500938 
505052 
503437 
501511 
501510 
514115 
503906 
518698 
545104 
597552 
568177 
558750 
558490 
506198 
510782 
503906 
498125 
502187 
501614 
508698 
503334 
526979 
557864 
569896 
555886 
588125 
485312 
546041 
501198 
505573 
505000 
502552 
502865 
502969 
503281 
503646 
506823 
512761 
523489 
519584 
503750 
498750 
500469 
503958 
495885 
501614 
506511 
499271 
505833 
502396 
505208 
500365 
502083 
500834 
500417 
548490 
512291 
505834 
502604 
512447 
507448 
504896 
508855 
505520 
500937 
504635 
543021 
564271 
572761 
559062 
560104 
580469 
565625 
572031 
494375 
504063 
504792 
507552 
501875 
508750 
512969 
525573 
505312 
499896 
497917 
504635 
526510 
523177 
505105 
515157 
505677 
493958 
508229 
511875 
512291 
524948 
491614 
502187 
504584 
500417 
507553 
500260 
514010 
515312 
505000 
499010 
503125 
500521 
500833 
510260 
504791 
501146 
535312 
508282 
495885 
499271 
506042 
514531 
503177 
506250 
518438 
507187 
501250 
520834 
553282 
562708 
577813 
562187 
474323 
505364 
505468 
498385 
498750 
527031 
559688 
565313 
493073 
529531 
554166 
564010 
561875 
566511 
562917 
464428 
504427 
504375 
502136 
497604 
496042 
502344 
502552 
513177 
521302 
506823 
485677 
500938 
503489 
500052 
535834 
502448 
506771 
504688 
498802 
440730 
498645 
504635 
524688 
472344 
498594 
511198 
502552 
499635 
496250 
498541 
522031 
503958 
500416 
494739 
525469 
558281 
573594 
556562 
473333 
505157 
502969 
504479 
524219 
550625 
558542 
563698 
490260 
506354 
504948 
505208 
519843 
554583 
556197 
500625 
537916 
553854 
561666 
569375 
561510 
555989 
505521 
503073 
517813 
498542 
500937 
502187 
504427 
506250 
502448 
501927 
528698 
562500 
560677 
558021 
564011 
573177 
499688 
507605 
507344 
501146 
508073 
504636 
507708 
501562 
496771 
504843 
528177 
550625 
563854 
573334 
594792 
486458 
499948 
505156 
510417 
514896 
503385 
1186979 
507239 
500730 
502708 
503177 
514271 
497240 
500677 
499479 
503906 
518021 
547656 
502448 
482135 
487708 
504270 
510364 
508229 
487448 
510834 
519166 
496458 
503958 
478281 
501250 
547865 
482448 
511406 
478386 
508906 
474531 
531406 
509114 
496979 
494948 
496146 
506875 
507448 
495468 
519792 
507813 
507448 
523281 
560469 
478906 
500468 
527031 
561511 
560209 
559895 
468594 
502187 
501302 
503385 
528541 
540573 
561511 
476459 
521667 
540886 
563802 
570886 
455521 
502240 
503697 
501458 
510417 
503490 
498437 
511042 
506563 
504479 
504636 
508698 
502031 
511303 
507552 
505521 
496406 
502396 
505677 
507969 
501980 
503698 
502291 
530937 
491354 
502552 
507760 
514584 
504427 
506406 
511875 
491562 
493125 
499843 
482292 
507240 
501406 
515156 
503021 
531511 
502239 
500104 
503125 
504844 
500781 
508594 
522552 
585364 
562969 
565365 
566042 
557709 
559427 
559114 
474896 
500417 
502761 
506458 
500208 
497188 
506823 
499323 
533906 
502135 
499218 
509739 
503802 
506250 
493177 
523750 
557083 
566823 
473073 
487552 
523593 
559271 
490312 
482135 
504010 
504375 
504375 
503281 
501458 
504167 
494062 
497239 
507396 
507552 
501771 
499219 
497865 
502604 
505261 
499375 
494375 
505261 
501459 
497708 
527188 
556458 
558490 
554479 
499063 
496459 
535468 
486823 
502187 
493282 
532657 
515520 
482969 
505157 
495104 
499167 
501562 
502448 
498021 
508907 
499219 
509479 
502864 
503333 
499480 
509011 
505937 
505260 
505625 
508542 
502292 
504635 
526614 
557865 
858855 
499531 
502344 
497657 
492239 
507552 
502188 
505417 
509948 
505625 
480365 
487812 
497656 
511980 
507604 
515990 
510677 
508855 
508646 
477709 
502761 
499219 
500469 
506614 
499739 
496719 
526719 
557240 
561510 
471354 
504011 
532240 
510834 
505885 
511145 
512968 
524688 
546927 
489531 
501198 
524115 
529479 
471927 
505468 
500469 
507500 
505833 
504948 
502136 
503281 
506875 
505105 
498073 
506614 
505260 
503073 
506198 
510469 
502604 
500000 
508906 
499011 
1164427 
501459 
505990 
501667 
501250 
505521 
492396 
519948 
527656 
569688 
455208 
504115 
524219 
559791 
563750 
477708 
531250 
545417 
563438 
577760 
473906 
508803 
585990 
558750 
556302 
563646 
567708 
560781 
471354 
510469 
508229 
502240 
504479 
510365 
502709 
497917 
509323 
524271 
529167 
561979 
509895 
487083 
496614 
524479 
556667 
614115 
572344 
472344 
487865 
500573 
504948 
494843 
557448 
558906 
522708 
473282 
493906 
531562 
556197 
561718 
505156 
509219 
526198 
557396 
561198 
560782 
555417 
527865 
495573 
505469 
502709 
501979 
503854 
498855 
522760 
562969 
561927 
472083 
503490 
479271 
480313 
504947 
528959 
554896 
574271 
461667 
486823 
503438 
533438 
504583 
502448 
499375 
504166 
503646 
505000 
505521 
504948 
512709 
526666 
505521 
498542 
502709 
505000 
501563 
499323 
506979 
520677 
513177 
506615 
510468 
505156 
504323 
501667 
524948 
497760 
524375 
558229 
563542 
574479 
562916 
557604 
550520 
501146 
507032 
502708 
501146 
501614 
504635 
496094 
514947 
499480 
511614 
512031 
512656 
505469 
472344 
476823 
489167 
496614 
499010 
504583 
499948 
506198 
498073 
505521 
501146 
535000 
500156 
504792 
505833 
505364 
506510 
502292 
505938 
501094 
499063 
507084 
508750 
499480 
502969 
501719 
503802 
499583 
499271 
509948 
500781 
502968 
504635 
503646 
506354 
501614 
507969 
505156 
504635 
498125 
503906 
526823 
505937 
457396 
502187 
506041 
504583 
501250 
502291 
532708 
506510 
501771 
503020 
509844 
499166 
511771 
503750 
507136 
498958 
505364 
497291 
504219 
502865 
505625 
505000 
505469 
505208 
586250 
490573 
574010 
510625 
501875 
499584 
596458 
494427 
570364 
505313 
508802 
506719 
531667 
502656 
535312 
503333 
575886 
498855 
537240 
500990 
533958 
501771 
533438 
496459 
533177 
497917 
531667 
497552 
533073 
508125 
508906 
500990 
504271 
505521 
501719 
510938 
531146 
500521 
508646 
505365 
500625 
504635 
508178 
514635 
500625 
496771 
505782 
508854 
504167 
505208 
509791 
499011 
513906 
535781 
1112552 
504948 
508594 
502760 
522553 
491198 
538958 
498750 
543594 
496979 
581719 
503646 
540989 
500052 
538229 
501354 
534688 
504792 
572552 
501094 
538542 
499427 
534479 
502656 
542084 
499843 
535104 
519166 
531094 
499063 
533854 
503750 
499635 
502084 
498542 
503333 
504895 
504271 
502447 
504219 
500729 
503072 
504792 
502552 
503333 
499375 
507708 
500886 
503854 
503229 
499375 
501302 
500573 
507605 
528855 
505521 
511146 
592760 
501459 
499062 
503490 
577656 
498958 
573281 
503645 
573437 
506875 
501822 
507812 
511042 
501980 
577865 
509479 
503594 
503646 
576094 
497239 
574791 
505312 
568646 
502083 
535625 
503385 
500261 
508281 
570677 
505156 
568386 
505572 
503594 
503021 
571511 
505834 
575990 
496094 
500417 
531406 
571666 
499167 
569583 
510208 
508698 
507448 
499114 
561406 
568490 
502448 
505260 
502500 
580468 
503698 
561771 
505364 
502396 
500625 
580209 
497708 
506354 
499740 
598230 
501614 
506198 
504739 
571510 
505885 
582812 
503073 
519636 
508542 
580105 
505105 
497396 
508386 
579323 
503333 
510729 
505209 
500782 
497709 
574635 
508125 
575365 
497343 
569948 
500625 
501979 
498229 
574323 
504791 
590052 
508541 
499843 
506719 
572916 
495052 
498594 
507656 
579531 
499896 
568177 
505000 
504688 
498750 
569480 
517656 
507031 
498073 
575261 
501614 
568282 
502500 
502708 
505729 
568750 
500520 
571406 
500885 
507396 
499947 
534323 
506354 
583438 
502552 
585625 
505208 
507187 
496354 
602500 
506927 
515833 
506458 
498229 
495105 
575469 
512604 
568282 
500730 
571667 
502500 
501250 
506354 
576042 
526562 
506250 
499896 
572031 
496198 
500260 
504531 
575781 
509271 
576511 
499375 
501823 
499167 
569948 
497292 
592396 
500312 
503386 
504011 
576666 
501406 
501510 
497709 
582552 
501145 
568854 
506354 
512240 
498386 
572812 
527396 
441719 
499896 
575104 
497292 
568593 
499427 
506146 
527136 
574688 
501303 
500260 
502916 
575468 
494687 
574166 
508959 
503594 
504375 
572031 
501771 
569375 
503385 
525520 
1133958 
504739 
503698 
506771 
510625 
501979 
501822 
494219 
578021 
499167 
566406 
494896 
572865 
510730 
569687 
503229 
505052 
509791 
572916 
497969 
504896 
514583 
574062 
499115 
574583 
501511 
497291 
503386 
596250 
497084 
568906 
505417 
508281 
505104 
501250 
498177 
608698 
510833 
497969 
502552 
576250 
500364 
497447 
502864 
574375 
502656 
568229 
497188 
573021 
499479 
534322 
536458 
495625 
504167 
506303 
511042 
496615 
506562 
483646 
484584 
508490 
505052 
506927 
499844 
506614 
503282 
497031 
506459 
505105 
504635 
503281 
499739 
507968 
505104 
499323 
504948 
508385 
503646 
501979 
502448 
493489 
499166 
510052 
500260 
483593 
507292 
500782 
504219 
501927 
502084 
495729 
506875 
512396 
502240 
506459 
510781 
502136 
507864 
541979 
507604 
503646 
502239 
504479 
506145 
502500 
502500 
508021 
498854 
499687 
487760 
502553 
504739 
505365 
503229 
522239 
503333 
500625 
506458 
504063 
500260 
503178 
505260 
506302 
500886 
506927 
500157 
502031 
502604 
500729 
504062 
511406 
508281 
495937 
500312 
505313 
485209 
510625 
476303 
498750 
508073 
503282 
510521 
501823 
505677 
503177 
499948 
508177 
506094 
502187 
506354 
498698 
506302 
503073 
510990 
510156 
502396 
504792 
492343 
499219 
503021 
478385 
513541 
479427 
503646 
502032 
503125 
504791 
502864 
505781 
508229 
514063 
508073 
496823 
489063 
488906 
498541 
492500 
495729 
424583 
490677 
500677 
497240 
492396 
491667 
493073 
493959 
491771 
495000 
496459 
490885 
498542 
492240 
516302 
493177 
495052 
494531 
494636 
488229 
499844 
504532 
467187 
496979 
476458 
488854 
495313 
493334 
493229 
490677 
490416 
489167 
494531 
493073 
493281 
515677 
513177 
473542 
495104 
496406 
493489 
490677 
490469 
494532 
488021 
488021 
493698 
488698 
501145 
488542 
497604 
493958 
505260 
484791 
493021 
499896 
467604 
494114 
490729 
493437 
497604 
493802 
491510 
493386 
480677 
492604 
492031 
488229 
492604 
492917 
493802 
492344 
496771 
494323 
493385 
499271 
493698 
494219 
1122969 
492917 
509740 
499375 
503958 
494115 
499792 
494688 
500052 
481980 
499896 
497605 
493281 
490885 
505573 
493958 
494792 
497708 
507500 
459479 
474323 
494114 
493750 
492031 
496875 
495209 
493750 
491510 
493489 
491666 
491771 
489479 
495312 
470000 
494219 
497240 
489584 
489687 
548177 
495260 
492865 
497396 
491042 
491563 
489115 
494010 
496198 
493438 
494063 
501562 
476406 
500468 
495208 
494011 
491407 
491927 
497031 
518958 
496041 
495365 
491302 
493958 
676875 
486458 
497448 
468646 
490833 
488385 
493073 
491250 
495990 
476510 
498177 
528021 
550053 
476302 
517709 
468229 
473542 
490521 
497187 
498177 
495104 
468750 
495313 
494011 
470833 
486094 
479270 
503854 
531094 
470833 
496094 
493906 
487344 
466250 
497968 
495312 
489896 
496615 
494688 
495990 
494063 
502031 
491823 
475521 
522136 
519947 
483906 
491823 
498437 
500782 
494844 
490625 
490989 
500052 
497136 
495469 
514115 
498542 
497187 
499011 
473489 
486666 
475729 
483697 
506093 
473489 
511823 
460156 
439011 
498282 
516770 
498958 
500521 
451667 
488385 
516041 
489948 
492813 
498281 
491510 
489948 
497135 
501510 
520989 
491354 
492395 
492135 
491302 
492969 
486614 
497604 
506980 
493229 
495938 
497031 
489323 
492448 
494271 
492344 
541771 
493906 
505364 
492448 
495364 
498854 
496354 
489219 
497344 
497136 
504375 
530052 
531667 
478489 
521042 
475365 
527031 
449792 
495417 
495365 
488282 
500260 
495209 
500000 
501354 
492083 
492813 
494687 
490469 
499218 
495364 
490990 
494375 
488229 
493073 
496354 
490365 
492604 
496562 
492291 
501197 
497084 
493125 
491875 
490417 
497708 
493490 
491250 
514532 
495885 
519427 
532760 
549584 
567344 
531667 
516042 
472448 
493437 
477969 
501354 
514011 
466719 
492656 
492240 
497605 
489948 
490260 
492187 
494948 
492187 
491771 
492500 
498646 
486562 
494687 
481511 
486302 
479167 
483698 
493698 
495209 
491875 
490677 
496354 
496094 
497344 
491562 
497865 
495313 
496407 
493229 
520937 
543698 
553594 
454844 
1169271 
504062 
467865 
462448 
486042 
471146 
481250 
470416 
494270 
500156 
495052 
493646 
494375 
492812 
489375 
489427 
470990 
494532 
477135 
494740 
495729 
489843 
492239 
491510 
502657 
491875 
466614 
492604 
502656 
499375 
492240 
494323 
516250 
527865 
558750 
553698 
559375 
551666 
547656 
494218 
483802 
493021 
515573 
484323 
523802 
502864 
510052 
505781 
487865 
496510 
496094 
496771 
495364 
490729 
495365 
514844 
494896 
490364 
492031 
494584 
496511 
493333 
486094 
519635 
515000 
498490 
510417 
470677 
493438 
493854 
492344 
499740 
494948 
477709 
490729 
488959 
494532 
494427 
492240 
517396 
496302 
495678 
509687 
548855 
565989 
553177 
536511 
478854 
496250 
491094 
491302 
492760 
492240 
491094 
487656 
493178 
495521 
492396 
492500 
487605 
498229 
490365 
498282 
495990 
497136 
490937 
495937 
514844 
537708 
554635 
606354 
481510 
492031 
519740 
546406 
556510 
548593 
551302 
500573 
508386 
494896 
513437 
535417 
551875 
556042 
584636 
476927 
494480 
491354 
529792 
540886 
591198 
528802 
497448 
492708 
492187 
498282 
515573 
524375 
551719 
552291 
465678 
496875 
486250 
491406 
489219 
476979 
491771 
498542 
476042 
491094 
491719 
500105 
495000 
492500 
490677 
515937 
550885 
550990 
555209 
549115 
551354 
557865 
525052 
517084 
491980 
490573 
490782 
496198 
494219 
514531 
540781 
502292 
495468 
495157 
487813 
488750 
496302 
413803 
491823 
495938 
494167 
489948 
495989 
495209 
495886 
491615 
497396 
493282 
522031 
538907 
557083 
545104 
559896 
550469 
576615 
485677 
493854 
489792 
495052 
493958 
496875 
495469 
539375 
552292 
558020 
541666 
556406 
551823 
549688 
535521 
409271 
496719 
498177 
490469 
517136 
555781 
566770 
575416 
489010 
493593 
518229 
536979 
537864 
551354 
544062 
461615 
514844 
546198 
559688 
562448 
555417 
543073 
551302 
494635 
494479 
490209 
493958 
493073 
516615 
548333 
502292 
487291 
498021 
535000 
534010 
551927 
552187 
593073 
476354 
487083 
523542 
535729 
554584 
559896 
550781 
1235364 
508802 
504010 
493125 
497343 
500313 
519427 
494791 
494896 
494948 
489167 
492917 
517969 
548594 
561094 
484531 
517604 
541197 
538958 
560625 
554635 
566614 
411980 
486615 
484218 
490000 
501198 
472448 
436146 
499063 
496198 
493907 
497448 
495625 
490052 
491198 
492864 
494062 
480625 
478803 
496823 
499688 
472240 
509011 
497969 
494219 
485052 
494479 
493229 
472500 
490572 
493802 
506562 
500677 
499844 
493594 
484115 
492864 
505157 
472864 
496094 
492969 
499271 
492604 
499844 
495521 
492031 
485885 
493073 
492969 
496667 
491302 
502136 
522917 
539636 
560000 
553542 
540000 
463542 
520677 
540104 
558177 
558385 
564740 
525521 
526718 
494167 
494844 
493229 
493282 
505365 
500833 
514115 
547188 
512448 
508959 
511562 
502552 
518958 
490260 
481615 
488125 
492500 
489218 
493333 
493854 
489740 
495261 
473230 
492813 
511458 
547552 
554635 
570573 
556979 
556302 
546302 
493489 
492656 
492292 
491615 
493750 
496562 
488959 
514271 
519427 
471562 
512604 
514583 
471875 
491511 
493020 
498854 
490260 
495677 
493802 
495416 
503333 
495834 
491979 
495730 
490156 
493386 
496719 
512031 
498958 
494583 
504688 
487708 
490781 
490989 
494948 
477031 
493698 
495573 
494844 
519948 
495208 
492500 
490365 
498907 
494792 
516146 
542448 
508803 
497865 
490677 
492084 
493698 
494636 
506667 
490833 
496614 
492135 
488073 
494532 
489062 
496979 
496250 
488958 
501042 
497343 
497553 
495781 
489115 
526406 
460156 
499270 
501770 
497553 
496562 
492031 
495625 
495886 
493177 
495468 
494115 
499583 
487344 
491407 
494636 
497240 
519114 
549427 
512396 
494636 
496875 
493230 
496198 
492083 
498698 
491667 
478958 
495104 
475312 
494791 
495157 
495833 
491459 
491562 
493541 
504218 
517031 
497240 
496823 
492761 
495573 
488333 
527552 
482187 
488282 
497031 
498802 
494271 
495886 
493698 
501459 
497448 
492135 
504948 
499687 
491250 
488489 
493490 
527447 
543229 
581406 
559218 
549896 
554115 
558021 
537448 
492917 
498594 
497708 
496927 
1116458 
499532 
482552 
495052 
493958 
519323 
550469 
546979 
550520 
583906 
482969 
492865 
494323 
494271 
496615 
521302 
550833 
511406 
486250 
495052 
494948 
502396 
487500 
491302 
498541 
523698 
494896 
488697 
491510 
488385 
497552 
497760 
495157 
519739 
495156 
495365 
496146 
529688 
560781 
524218 
552760 
473125 
516458 
545261 
534740 
553906 
546406 
556979 
558542 
492708 
492500 
491927 
522240 
548489 
562031 
555000 
471614 
491615 
506406 
537813 
561302 
567552 
558021 
545573 
484636 
499271 
495157 
496979 
501719 
493750 
492917 
511614 
494010 
495885 
488802 
466302 
492812 
492448 
507344 
498229 
495989 
501250 
490989 
489947 
493906 
520052 
546250 
535208 
489739 
521250 
544843 
550885 
565416 
552864 
595104 
470938 
490833 
489011 
496146 
514219 
552552 
557968 
545312 
485104 
492553 
514219 
545365 
553125 
549063 
562344 
446406 
517292 
550521 
519896 
554636 
551042 
535573 
543594 
491823 
496094 
470677 
510834 
542135 
564167 
550261 
462135 
489584 
486979 
493333 
489687 
492083 
493698 
494739 
496198 
496093 
491198 
491563 
497656 
496354 
492240 
495156 
493541 
518541 
522084 
553906 
555833 
542656 
552344 
582552 
489479 
490209 
495833 
489114 
491927 
511875 
547812 
533906 
524739 
471302 
495937 
496875 
539219 
558959 
539688 
491302 
533073 
503437 
505156 
492708 
481250 
497760 
489167 
494635 
494636 
495885 
492188 
494636 
420833 
495260 
494531 
508177 
488594 
492500 
468594 
501771 
476198 
494427 
499896 
492969 
497760 
500364 
490885 
498073 
501406 
494740 
490572 
496406 
517344 
526146 
549323 
551719 
574271 
552865 
551979 
491458 
496511 
494844 
494115 
491979 
515260 
544791 
512500 
496406 
517031 
547813 
559114 
559115 
553490 
576042 
479532 
494323 
522031 
531511 
553073 
555156 
539375 
491354 
489532 
495520 
521198 
542604 
552813 
560260 
450573 
496458 
476146 
488646 
506146 
487292 
499322 
521459 
502917 
540312 
502605 
477396 
497500 
474532 
516198 
463177 
495573 
494375 
494532 
482240 
481928 
488230 
490677 
1157968 
498125 
495417 
492500 
497604 
496562 
493438 
491406 
526042 
495885 
492344 
498437 
499323 
501822 
493125 
489948 
520521 
497188 
513854 
487761 
507969 
522917 
546250 
559896 
501980 
492708 
494219 
492605 
490677 
496459 
495938 
498177 
498907 
466875 
491355 
495469 
497657 
494531 
496719 
492761 
493854 
514947 
469844 
506563 
478854 
488229 
497604 
490833 
520105 
494531 
491719 
493333 
495364 
489322 
488073 
490729 
516928 
499114 
503177 
494479 
519948 
548698 
555520 
553073 
452136 
493125 
494427 
494688 
496563 
493646 
490104 
489844 
494792 
474532 
493073 
500573 
491875 
495208 
490260 
490730 
495885 
484636 
495729 
509792 
521406 
552657 
553854 
605312 
476719 
519323 
545990 
496771 
527135 
463073 
485156 
498906 
493229 
500781 
495677 
495521 
491146 
491875 
492865 
518334 
489896 
493854 
493854 
494896 
494948 
495729 
520261 
574479 
559480 
557084 
554427 
532239 
543177 
543594 
562344 
477343 
497084 
493490 
489844 
494062 
491302 
504739 
541875 
539531 
567240 
556563 
549115 
543385 
560990 
524948 
461146 
495364 
494271 
494428 
516042 
545104 
554427 
533021 
497968 
521354 
550417 
573646 
557187 
553282 
551667 
441667 
490573 
497552 
491563 
492604 
523230 
544375 
604635 
475469 
513646 
527239 
555677 
552344 
547812 
540833 
486459 
495938 
514427 
542552 
554635 
576250 
554427 
566979 
486458 
495364 
492916 
487135 
515938 
545208 
554167 
507813 
522448 
543750 
554427 
537396 
532448 
559792 
597188 
478282 
494375 
491771 
494844 
491198 
496093 
494427 
514323 
547864 
556667 
538125 
545104 
552240 
565417 
598125 
470782 
491667 
496302 
492760 
490833 
489843 
512187 
579532 
558698 
550364 
550885 
553489 
564219 
561771 
575521 
481875 
493907 
489740 
493594 
492552 
493750 
488282 
526771 
495000 
514219 
526354 
558073 
549271 
543959 
561198 
495052 
492031 
513020 
535833 
550052 
551615 
540834 
560417 
483698 
495573 
491667 
489323 
512604 
541355 
521927 
515573 
516510 
543125 
552604 
558854 
549114 
552239 
591302 
483750 
1107239 
497240 
491094 
493333 
494479 
525052 
467448 
514844 
546146 
531667 
559896 
536458 
521823 
433593 
494375 
480313 
493282 
492031 
499270 
494427 
490990 
491875 
491355 
493854 
493072 
492500 
495989 
492187 
498490 
497135 
487135 
532344 
569479 
557552 
552031 
577813 
562448 
483854 
493281 
495469 
492291 
489062 
512865 
544531 
507760 
487656 
492292 
488385 
497395 
491771 
493333 
489270 
505572 
496406 
493854 
497448 
491666 
492864 
492291 
496875 
517709 
518594 
543750 
551407 
560052 
518906 
533489 
594219 
475729 
496250 
494583 
490052 
494844 
517760 
536458 
526041 
483907 
494271 
490833 
413281 
500573 
493489 
488594 
520104 
491406 
495469 
499062 
489792 
488386 
491979 
466094 
521927 
496354 
492083 
492760 
494739 
491354 
493177 
471302 
513490 
490052 
490052 
493750 
496615 
500885 
495000 
487709 
516719 
492916 
497031 
490469 
489427 
488334 
495938 
494531 
489479 
473646 
491302 
490937 
492812 
492708 
497343 
489323 
489583 
478489 
491614 
520989 
530208 
550000 
554218 
551718 
556302 
488073 
494114 
513541 
541094 
553802 
562031 
577813 
409479 
493750 
491510 
489584 
491979 
492239 
488646 
488906 
466198 
493021 
491354 
493958 
495364 
494584 
493958 
490781 
489479 
493489 
488490 
472135 
495052 
493646 
492552 
494635 
492656 
491718 
500416 
492135 
492969 
489114 
495573 
490313 
492448 
490573 
488646 
488177 
492604 
494635 
453177 
490104 
495364 
498282 
488698 
494323 
492709 
490365 
495886 
492344 
492292 
493229 
493385 
470990 
497188 
500521 
492864 
500937 
518958 
494583 
492657 
494271 
492292 
493386 
494167 
467552 
513541 
492604 
498021 
487657 
493594 
493490 
486146 
488802 
519583 
508490 
493385 
467343 
490937 
496354 
496563 
501771 
527760 
494270 
487500 
490834 
492552 
494636 
490885 
491406 
493697 
543438 
523125 
590156 
523646 
550468 
561719 
596146 
473959 
494948 
496770 
491614 
518593 
526511 
520834 
580313 
484739 
495156 
493177 
498906 
494947 
492188 
498334 
518490 
490781 
497656 
494166 
493177 
491562 
1225885 
499323 
498334 
490938 
498385 
491250 
495208 
492395 
493333 
491667 
493803 
491614 
474896 
495833 
498333 
493750 
498541 
495833 
493333 
474375 
494843 
496562 
492187 
496094 
494688 
498594 
494896 
496302 
515729 
547239 
554896 
567240 
554479 
482552 
489740 
495000 
493489 
495469 
491093 
492083 
525938 
489635 
494375 
491615 
488750 
495573 
493073 
494792 
517031 
491302 
492083 
468907 
497344 
520104 
539688 
571875 
526198 
519635 
527031 
555625 
550365 
551667 
564480 
562136 
482083 
497500 
493958 
488541 
495469 
489739 
489010 
555886 
501563 
494219 
493542 
495000 
497188 
496563 
489584 
521250 
478281 
501666 
498698 
496146 
493750 
497188 
494792 
499115 
499532 
493802 
514115 
546146 
562448 
552240 
542604 
481563 
518958 
548281 
550573 
551979 
552448 
560781 
540260 
488542 
493750 
489844 
487760 
470364 
518541 
540000 
499948 
484740 
497031 
491875 
495260 
495677 
491302 
497448 
513542 
496771 
495989 
494895 
493958 
495990 
496615 
497813 
517708 
495520 
496302 
518593 
529270 
554739 
548541 
561406 
458281 
518073 
546614 
530417 
547709 
552969 
552396 
507969 
491979 
491302 
494792 
515417 
542448 
536771 
550625 
462447 
493229 
488802 
494531 
489375 
491302 
491510 
488750 
494843 
492656 
486771 
497969 
496354 
496302 
494167 
495417 
493750 
513698 
511928 
484219 
500937 
489114 
490261 
496719 
492813 
485938 
493073 
489531 
506041 
488646 
487187 
494270 
495469 
495573 
489114 
492240 
514011 
543907 
557083 
559687 
449531 
488281 
496510 
490678 
492812 
487708 
497396 
494688 
496510 
494531 
491510 
493593 
498177 
498750 
487500 
496875 
494584 
515209 
545208 
564584 
550417 
546771 
549427 
551407 
487500 
495364 
495313 
497760 
493906 
500834 
489844 
521458 
495782 
496823 
496562 
497344 
491094 
491615 
496354 
525000 
501562 
491406 
490260 
504792 
415365 
492187 
493229 
527657 
498386 
476979 
513021 
541823 
561406 
572865 
528125 
454427 
499115 
491510 
488229 
498802 
496406 
492604 
496094 
490938 
500000 
495312 
471927 
1136667 
497656 
525625 
493021 
494740 
494688 
477865 
491146 
496875 
494479 
493125 
486979 
513854 
553021 
559427 
553177 
560938 
557604 
478854 
500053 
492864 
495000 
504062 
493385 
498281 
490469 
479010 
487343 
494375 
495573 
491927 
495782 
496667 
493020 
492448 
494635 
499167 
500729 
515208 
543282 
553646 
556927 
465625 
497604 
515989 
551979 
556666 
531354 
529479 
550886 
491718 
495260 
511042 
546979 
558802 
531563 
558959 
437656 
502604 
491666 
495885 
497395 
498750 
496771 
470782 
496094 
486771 
490469 
493230 
496927 
492969 
494843 
501041 
496928 
491198 
511770 
548125 
554115 
505781 
552865 
577136 
483281 
493542 
521146 
549166 
546615 
552500 
550469 
492761 
496406 
501511 
491927 
470573 
494271 
487656 
488073 
496823 
493906 
491354 
490053 
496093 
489687 
485104 
490365 
495313 
502188 
503542 
497292 
515833 
544531 
549636 
557604 
447031 
504063 
489791 
488490 
493282 
495417 
489167 
486145 
497291 
499635 
488958 
494688 
492604 
492031 
491510 
489636 
497448 
490886 
522813 
545469 
562552 
550156 
547812 
543333 
483021 
492969 
474740 
497084 
493698 
495417 
494115 
513959 
495000 
490208 
493073 
490365 
495521 
494271 
488854 
525260 
495781 
500364 
491407 
494740 
491042 
493698 
515937 
570625 
543230 
557032 
560417 
535573 
529115 
555313 
572865 
477761 
494896 
498021 
472917 
493959 
494740 
494583 
521979 
492135 
499948 
416875 
488177 
493802 
495000 
501146 
525157 
490625 
494688 
497812 
485938 
497240 
489896 
495209 
522187 
518437 
544531 
527343 
540520 
554323 
517656 
530938 
504219 
498385 
499635 
496927 
500781 
493855 
493073 
470573 
492292 
493282 
494687 
494480 
483854 
490885 
489219 
495000 
495312 
494792 
495990 
492500 
514375 
538385 
551355 
539583 
460573 
490781 
497968 
494584 
492917 
494583 
493698 
491823 
490782 
467292 
497500 
491875 
497084 
493281 
496979 
492136 
493229 
493230 
496719 
467760 
491980 
486510 
498229 
497656 
498333 
490730 
493958 
496459 
495312 
496718 
495365 
489323 
481250 
513906 
1326718 
472083 
494062 
513490 
571094 
541302 
526980 
555937 
564687 
524322 
547187 
473646 
495677 
495677 
490729 
515625 
544948 
556355 
550834 
536979 
486458 
518750 
538282 
557031 
522708 
553177 
564636 
466614 
500730 
505104 
499323 
520885 
532917 
469636 
496094 
483073 
494219 
498594 
486406 
492865 
496875 
493333 
499791 
495885 
499375 
495469 
504531 
492552 
492084 
489271 
506563 
450729 
492396 
495729 
493907 
493646 
494011 
492135 
495989 
500156 
492760 
494740 
496563 
506197 
519531 
519583 
471927 
491146 
501303 
497187 
490520 
469843 
494375 
495729 
494948 
495625 
494167 
499635 
489218 
494323 
500209 
489062 
494115 
497812 
519271 
432500 
492084 
494167 
495886 
493698 
494584 
492239 
496406 
497031 
474583 
497447 
501094 
514688 
463229 
493229 
494635 
504323 
491510 
490260 
492657 
495625 
486667 
501511 
492448 
490886 
491094 
492500 
491458 
492657 
490260 
533073 
524375 
495677 
496771 
509375 
503854 
477604 
495521 
496197 
494271 
499062 
501614 
491094 
492291 
492396 
455938 
499896 
493593 
494062 
488802 
517135 
528385 
479791 
526562 
489687 
506250 
553333 
561042 
552240 
545104 
528386 
548230 
474896 
532760 
517084 
552865 
521250 
571250 
533958 
476146 
519688 
546510 
464792 
492812 
499167 
491302 
496406 
497031 
494531 
495312 
496666 
497552 
497865 
501615 
498073 
497604 
496250 
483333 
494479 
497708 
507344 
471250 
478177 
488542 
472031 
505625 
491927 
491458 
495156 
489740 
500937 
486146 
485989 
488490 
488438 
490416 
511354 
538750 
548542 
469792 
492760 
495573 
490937 
493021 
488490 
492136 
492656 
494427 
492969 
487969 
472136 
487343 
490469 
485469 
488125 
501980 
465312 
490104 
495729 
490990 
491406 
490364 
490000 
509896 
494479 
495365 
494948 
492344 
494636 
506302 
514322 
548958 
543229 
537448 
527917 
567604 
556250 
555729 
528334 
479687 
492604 
489844 
491459 
484896 
510521 
542709 
585990 
498646 
510417 
524688 
573073 
555260 
562968 
587656 
480573 
490729 
500260 
490469 
520521 
521094 
551562 
1184531 
494896 
494792 
493542 
497396 
493907 
516823 
510000 
557657 
558437 
525781 
561875 
531979 
559843 
533854 
493750 
497292 
499583 
493385 
504895 
518489 
548125 
547969 
536563 
526875 
560885 
551927 
551197 
541406 
506614 
491354 
493802 
492187 
492500 
523385 
531563 
524011 
493854 
519166 
542343 
508437 
560104 
570052 
499740 
572917 
479011 
524218 
545052 
571302 
551875 
549218 
520625 
473802 
494063 
483490 
488281 
511145 
537031 
554635 
538541 
467760 
497344 
488334 
485781 
494583 
493177 
492084 
490364 
499271 
495990 
496719 
492240 
492500 
494843 
489062 
488698 
492031 
517240 
545469 
564375 
519062 
551667 
548281 
529948 
489323 
521667 
508594 
555468 
549896 
560000 
519948 
461042 
497135 
518021 
535365 
521510 
540416 
553750 
553334 
539635 
490989 
505521 
502448 
501355 
501250 
499479 
504740 
491041 
500625 
502864 
472656 
489375 
499739 
489270 
516875 
494792 
494427 
489063 
489063 
489219 
498906 
494844 
592291 
495052 
569114 
495312 
567656 
492239 
501667 
497813 
493125 
489895 
497812 
475312 
494948 
492500 
497343 
495104 
495000 
494583 
489844 
493906 
492968 
490937 
497605 
495625 
498541 
568489 
490990 
570625 
489531 
565469 
494062 
584062 
491198 
564115 
490625 
565000 
497136 
489636 
488541 
462031 
496667 
504479 
492657 
490625 
492187 
491614 
494531 
504375 
491146 
467969 
491094 
490156 
490677 
488645 
584271 
449531 
494115 
478125 
498229 
484896 
483334 
486615 
490208 
503125 
495521 
488646 
490573 
486562 
492916 
487605 
492812 
522552 
489219 
525416 
489167 
493646 
495730 
491458 
496718 
505052 
494167 
490000 
483437 
487031 
501510 
493489 
476094 
536666 
480104 
483542 
491822 
490416 
488385 
513385 
497448 
515521 
491042 
487239 
484948 
487292 
491719 
489636 
469114 
519583 
495104 
487031 
493386 
496771 
489323 
493334 
496041 
512187 
474896 
472032 
512708 
518437 
491354 
478438 
495000 
503698 
487865 
500625 
492344 
492344 
487448 
491927 
492865 
518907 
490885 
467500 
476354 
495885 
487708 
489948 
1165156 
494896 
490417 
489687 
492500 
494323 
490677 
491615 
516979 
491354 
495365 
493386 
494844 
497500 
492187 
488646 
500208 
471094 
469636 
476042 
490781 
493073 
493906 
498593 
486875 
492031 
490209 
488646 
411510 
481094 
492969 
514323 
490677 
491302 
490261 
490156 
490312 
493907 
489635 
489792 
496355 
496094 
491094 
501667 
495156 
493021 
481927 
498073 
485677 
475885 
489375 
492396 
497240 
495416 
493177 
489531 
491615 
489271 
490990 
490312 
497135 
491459 
523334 
515104 
512708 
510937 
480052 
486771 
490261 
489271 
495625 
490677 
495417 
498334 
494063 
491823 
500261 
492812 
494791 
491406 
489219 
491875 
491510 
487864 
493542 
491354 
502395 
490677 
494219 
497813 
490521 
490365 
497240 
491979 
485000 
488750 
488021 
498282 
507188 
492865 
469115 
493542 
487448 
490781 
497760 
500468 
490469 
491719 
489844 
488073 
490729 
494479 
520782 
536093 
554792 
502552 
487656 
499166 
494843 
490989 
493803 
499740 
478021 
494740 
494792 
533333 
498125 
496458 
495990 
485156 
490989 
495781 
491094 
495417 
490208 
521198 
552760 
549219 
558333 
526355 
534896 
552448 
559636 
565990 
477552 
495521 
494896 
489010 
492605 
489896 
492708 
493385 
497084 
494323 
494688 
491250 
496771 
496614 
473803 
471666 
497552 
471041 
495052 
498437 
504375 
494688 
493281 
495885 
499479 
495781 
491302 
496250 
494895 
498281 
496250 
497969 
521459 
495313 
499583 
492395 
485885 
496823 
493073 
489011 
518438 
490573 
496354 
511354 
538177 
530209 
558854 
539896 
456979 
489479 
492813 
497448 
493073 
493802 
