1086927 
987135 
1126511 
1111615 
987657 
1083282 
1113750 
1101719 
963386 
940312 
986979 
1061303 
1114427 
1071823 
1107500 
1007292 
1067500 
1058490 
1101927 
1051510 
1085729 
1057604 
1090573 
1045209 
989375 
917187 
1082187 
1029740 
1068855 
1049427 
1006458 
992761 
1098489 
1067917 
1077135 
1046459 
1076562 
1110104 
939844 
944427 
964844 
975521 
957864 
983437 
994583 
970521 
993646 
982031 
951042 
956614 
971406 
993333 
941146 
954844 
1044531 
975260 
987708 
998333 
1043125 
940677 
989375 
977448 
1051042 
976458 
943229 
992708 
968594 
963958 
980729 
968438 
975157 
1001459 
977240 
944948 
994167 
1027760 
1067032 
1053334 
1012031 
989270 
1001406 
985364 
954584 
965468 
958698 
965313 
959219 
959375 
957292 
958072 
959583 
958542 
960729 
957813 
951302 
960834 
972135 
968750 
1005989 
971302 
979583 
969635 
994739 
950573 
957188 
938282 
977500 
974323 
971927 
974167 
1036562 
1002656 
996406 
1000261 
1005833 
967343 
989948 
1058177 
1094323 
1035312 
1043594 
1030625 
1080000 
1040729 
1029323 
1027709 
1044739 
1025990 
1035469 
1046615 
1041979 
916094 
1001511 
980885 
983855 
984010 
975156 
997968 
1027761 
1032084 
1011823 
1005678 
974375 
994375 
1052552 
952760 
1014636 
1058282 
1046406 
1076719 
1036979 
1069427 
1092916 
1112083 
1063906 
949375 
1435990 
1010469 
989114 
981979 
999740 
933958 
1017969 
1059688 
1092605 
1063125 
1082396 
1044531 
904792 
1017604 
1059896 
1043438 
1134948 
1040833 
1115781 
914271 
1076666 
1124740 
1109271 
908177 
1017968 
1038698 
1039010 
1042448 
1119062 
1111198 
1117760 
932135 
1046562 
1119948 
1111302 
911718 
1066510 
1120990 
913334 
1058229 
1130990 
1113021 
902500 
1066354 
1141667 
912031 
1157916 
1066042 
1123334 
914427 
1081042 
1110209 
909166 
1058959 
1016406 
1100729 
1113177 
1114896 
911458 
1052969 
1139219 
1294322 
899896 
1079427 
1115834 
935625 
1075833 
1117552 
915104 
1081510 
1140572 
974948 
1149375 
966354 
1079166 
1121511 
912813 
1020885 
1119011 
1107187 
913593 
1068854 
1125469 
1112552 
936406 
1085521 
893438 
1090886 
1218854 
920833 
1095729 
906458 
1093594 
1214479 
1132708 
917500 
1094583 
887136 
1083125 
1282291 
929532 
1098490 
894739 
1192083 
927656 
1094115 
1221250 
1174635 
1138437 
924636 
1139270 
919948 
1079271 
894167 
1122448 
903178 
976094 
967864 
950729 
959792 
963698 
970156 
957604 
905313 
1072500 
953021 
1046875 
988750 
1074844 
1006563 
1289636 
921875 
1095990 
891302 
1136771 
1203177 
915625 
1091979 
928489 
982760 
956041 
952708 
959688 
956823 
950365 
952032 
991928 
991615 
1110104 
893334 
1149635 
904375 
1092605 
887708 
1047656 
1097656 
888854 
972552 
1030729 
1010625 
1167708 
1256406 
1043438 
1002552 
958542 
974532 
930729 
963958 
966823 
959219 
966510 
958594 
988386 
902604 
961198 
1067656 
1121406 
1091979 
1093802 
1086562 
897604 
1013750 
1015208 
977292 
963334 
960000 
1433334 
1017812 
1100937 
936927 
1036354 
1110572 
872864 
1085313 
933229 
970989 
962291 
959635 
958750 
964948 
965000 
1037240 
950886 
1061614 
958386 
1071875 
1036354 
1031771 
1029218 
1029479 
1025625 
1032292 
1035625 
1043750 
1036094 
1032083 
1033750 
1033906 
875000 
956666 
974271 
955104 
954427 
953646 
991406 
1039687 
913020 
1002656 
1041198 
1034948 
1030364 
1027344 
1031042 
1039791 
1028854 
1030938 
1030834 
1028489 
876510 
960000 
966718 
957605 
959219 
951719 
990729 
1040573 
924375 
992968 
1043958 
1034739 
1030365 
1033021 
1035364 
1026355 
928646 
867500 
959063 
971771 
941563 
960313 
970990 
954427 
985677 
1038437 
900104 
998229 
1038386 
1029635 
1037552 
1030781 
866771 
994531 
960677 
958802 
953177 
958438 
952136 
996406 
908698 
1034896 
1099375 
911823 
1102657 
1108177 
1098490 
850781 
1135781 
1108125 
1039636 
1038802 
977760 
900573 
1040312 
940000 
988645 
1109427 
967812 
1000521 
1103646 
950052 
1002344 
1108854 
958697 
1038959 
1156875 
1069271 
1091406 
1082708 
966250 
1039896 
1094427 
995365 
1048698 
1087448 
1099948 
909479 
1015260 
1094011 
1104219 
1218906 
1050156 
1080833 
920729 
1012656 
1047240 
943854 
991666 
1108125 
997813 
981094 
982031 
1106875 
894844 
988438 
971459 
957812 
953802 
951615 
957136 
950833 
987240 
1106302 
914063 
1050573 
1034375 
1089427 
904636 
1016354 
1109115 
1109740 
1104063 
913906 
1019583 
1030572 
1015521 
980677 
927396 
963386 
961719 
963229 
958333 
960312 
1004427 
942188 
1019219 
1116042 
908854 
1011562 
1107656 
1099010 
1094323 
915052 
1444271 
914896 
1082291 
899688 
1008906 
1101927 
1107396 
939428 
1000937 
1104219 
1104323 
1095729 
1093229 
915469 
1088959 
1097240 
1097344 
945677 
989531 
1115260 
1096458 
1175312 
916719 
1006302 
1108750 
966094 
1103385 
1089115 
1099948 
914792 
1011875 
1116250 
891458 
1070312 
889843 
974479 
964844 
965989 
965261 
959375 
996980 
909531 
997500 
1098437 
1114427 
929219 
1001666 
1104792 
1087500 
1089010 
1100521 
891980 
1057969 
1104427 
1099010 
1094271 
893125 
1062760 
1193385 
995886 
1081250 
899011 
1083854 
1229791 
1161511 
928750 
1090885 
914844 
1069323 
1215990 
913542 
1072709 
1077969 
916562 
1015052 
948541 
985156 
953490 
950938 
941979 
958073 
960312 
985625 
948333 
980469 
1099427 
1095417 
918854 
1003854 
1096718 
1088958 
1109427 
901667 
973854 
1015521 
899010 
978593 
957708 
951770 
990052 
960417 
961979 
1064480 
925573 
1014323 
1110157 
915156 
1162188 
1105417 
1101667 
1098229 
880677 
966198 
964323 
995416 
1042396 
900938 
980677 
987552 
1033594 
1033177 
875417 
996042 
918646 
994114 
962135 
966980 
951875 
988541 
1016302 
1070625 
929479 
977292 
1037500 
1047864 
984167 
1139687 
1000625 
1037708 
933542 
995261 
879844 
954791 
948281 
956666 
956094 
938073 
1021354 
1095782 
890625 
982500 
1022500 
1082760 
870469 
1051562 
884011 
964062 
945625 
950312 
938802 
967657 
1012865 
1015260 
892917 
996562 
1092604 
867605 
963125 
940312 
943593 
940729 
940677 
991823 
898230 
999427 
1088334 
1091302 
1076563 
894687 
990208 
1095104 
893750 
948750 
949322 
911146 
957552 
1377864 
862969 
884479 
997292 
884896 
986979 
1082083 
896250 
987865 
1090833 
1091666 
890000 
1041770 
876146 
976719 
945781 
945990 
939218 
955156 
982865 
1104583 
872448 
1013229 
1084844 
1084531 
1069688 
892396 
962604 
936562 
944166 
939010 
946771 
940625 
947084 
1025209 
891407 
974427 
975573 
1037240 
930781 
945417 
943177 
951510 
948750 
885729 
985365 
970989 
1072552 
1087656 
877864 
993906 
1088646 
863177 
964479 
947761 
948229 
940000 
944427 
977917 
896562 
987500 
1095260 
1083281 
1092083 
1081459 
882604 
1003542 
1085833 
874740 
956980 
942812 
949844 
945938 
946979 
964114 
888281 
995052 
1088021 
1087500 
967032 
992084 
978542 
874479 
928333 
920729 
968802 
946667 
1031667 
880833 
992916 
1096562 
1137813 
853646 
998229 
1088802 
875104 
957500 
944063 
938386 
948802 
940313 
977656 
884688 
972292 
1090104 
846667 
898750 
915208 
923854 
921875 
978854 
861563 
1044011 
969427 
967500 
959271 
884323 
942136 
915990 
924531 
984844 
853489 
1007500 
962656 
963282 
875156 
915261 
888282 
983750 
869427 
1071510 
946042 
1079167 
1245782 
933750 
1001719 
1092553 
884062 
999218 
1094427 
846562 
952083 
939844 
917552 
917500 
1019479 
854636 
999948 
1091042 
1143073 
885990 
984791 
1098803 
868177 
1062813 
834480 
950156 
957136 
935521 
909843 
1000729 
998594 
991823 
1064115 
1054531 
1113906 
1051354 
1048177 
1051771 
1040469 
1050834 
851302 
941875 
864166 
889114 
893646 
951302 
835989 
968854 
1070833 
824844 
918021 
903021 
886511 
893802 
966093 
1511146 
897604 
890364 
949114 
1070625 
829740 
979844 
1062969 
837187 
924322 
899375 
890104 
998229 
1055208 
852291 
1044635 
1304844 
1013281 
896146 
997813 
940990 
868594 
872292 
872657 
865573 
877969 
866771 
926615 
831823 
900833 
919010 
974427 
948646 
995469 
941927 
838593 
948750 
920885 
890573 
918698 
1018802 
888385 
895469 
888541 
850104 
884167 
919010 
905000 
989166 
1058593 
1048958 
1059792 
827865 
886302 
920469 
898855 
894166 
947969 
1061927 
803333 
912239 
896406 
895677 
903073 
948125 
1060469 
825052 
971198 
1063282 
824584 
909166 
835729 
890885 
949531 
1057917 
803282 
1015781 
1060990 
829114 
914791 
891302 
894532 
950469 
1058385 
828854 
966407 
1070468 
888333 
932239 
927760 
936198 
932708 
1057031 
843854 
978073 
1056979 
1042552 
826302 
910885 
897083 
892916 
890312 
929531 
1054427 
827083 
963073 
1073073 
842552 
906042 
893489 
883854 
875260 
868854 
852188 
884896 
881615 
870677 
860573 
853750 
899948 
852031 
830990 
867708 
899114 
906614 
1039896 
803229 
854948 
892239 
924427 
821146 
906302 
831406 
884323 
875520 
933438 
826302 
1018802 
1054010 
807292 
854792 
896875 
880000 
931250 
1080000 
817031 
904532 
852344 
877187 
875677 
997344 
1055000 
818125 
968698 
1112292 
832343 
883855 
861719 
897239 
988802 
985000 
975156 
985469 
979062 
822500 
899063 
880521 
907240 
891718 
992917 
929375 
893802 
862604 
880417 
882239 
870052 
924427 
883177 
900104 
888177 
876875 
876979 
871718 
927916 
890781 
829479 
1275989 
825052 
872656 
879167 
950000 
1051614 
802239 
895156 
874739 
896770 
867396 
933333 
1057292 
797917 
892396 
867031 
870468 
868073 
964792 
1051146 
812604 
896719 
863073 
869896 
869739 
977916 
788229 
888333 
871146 
860521 
873333 
934792 
1054844 
805886 
923386 
869844 
870521 
868802 
945417 
819636 
892657 
865781 
864062 
890417 
937291 
1052187 
815469 
955469 
1055729 
795365 
891198 
851459 
941615 
788490 
882500 
860520 
867552 
858385 
926302 
1051302 
799948 
883229 
869323 
818125 
966146 
805000 
960417 
1041146 
801250 
888490 
860938 
860678 
940782 
1045469 
820052 
879011 
866563 
859688 
860885 
917553 
931459 
1037916 
803646 
887604 
869375 
862187 
936459 
1107031 
795000 
885729 
863854 
832396 
932396 
803229 
961198 
1032916 
877396 
880781 
901458 
906407 
1032812 
896354 
945886 
1039322 
1032187 
1032448 
796667 
889375 
867031 
863386 
930468 
1044219 
1035313 
784740 
901510 
821042 
870000 
932812 
792761 
892605 
816406 
868125 
869375 
928333 
1037968 
1038437 
1033125 
981146 
1035313 
1034480 
1094792 
1033021 
1033282 
1046458 
1100312 
1033802 
1037083 
880208 
1017969 
818437 
895261 
864375 
968125 
737083 
954479 
1037604 
809479 
893177 
874010 
871042 
933385 
1120573 
841667 
916041 
878177 
871667 
874896 
929896 
1048906 
817552 
969375 
1037708 
787396 
891302 
879688 
925677 
815937 
965000 
1114218 
786198 
871510 
864792 
939428 
805990 
895312 
868073 
868333 
868906 
925730 
1042969 
811198 
841719 
903542 
834844 
871563 
931562 
1522656 
896666 
881875 
927656 
1052604 
795052 
862240 
884166 
871875 
840364 
934948 
922239 
914948 
859011 
945417 
833281 
853958 
959271 
888229 
986042 
898854 
917917 
895729 
951562 
863698 
889844 
914010 
854114 
906198 
897344 
830364 
847604 
843021 
854635 
896093 
934792 
860833 
880312 
828230 
850208 
940157 
920625 
914583 
910208 
846563 
887865 
877136 
985677 
992135 
1018177 
1019740 
1011406 
1011510 
911980 
839219 
878177 
867969 
986146 
965104 
835104 
891250 
808593 
855157 
863907 
970990 
1017813 
1004270 
1007448 
950833 
902031 
828282 
873490 
859011 
960938 
1020938 
986094 
990729 
900313 
807500 
845156 
880885 
904427 
986250 
998958 
911771 
811250 
857916 
848437 
957916 
973281 
983438 
903698 
1812969 
788854 
815833 
836458 
826146 
827240 
842813 
838229 
829948 
825677 
821146 
821615 
960625 
954114 
846146 
915052 
864948 
851927 
962135 
991354 
996927 
820989 
1007708 
888021 
813854 
840260 
971979 
991927 
992448 
979219 
898541 
926927 
857656 
842448 
861354 
971459 
987605 
994532 
889167 
811615 
861146 
852865 
977032 
1028593 
987709 
990260 
890209 
801510 
868073 
867708 
972813 
993438 
927292 
874740 
811927 
849011 
911615 
965677 
996458 
949791 
952292 
881094 
824115 
853542 
980104 
1003229 
1001823 
991771 
949323 
981615 
855313 
845365 
842865 
847761 
935625 
955677 
861511 
843385 
837604 
834010 
927500 
956667 
1023177 
858333 
838594 
841979 
833489 
978073 
988542 
982031 
850989 
871302 
849947 
835938 
1254948 
810104 
944375 
962083 
975781 
853646 
817032 
853958 
964375 
974219 
989011 
972657 
866511 
835677 
870886 
843125 
903385 
980000 
1005000 
994011 
855677 
842344 
850677 
896562 
971406 
1011302 
997187 
1046875 
1012032 
1000469 
860886 
884740 
884583 
862917 
978907 
1003229 
984010 
973229 
978021 
856407 
843750 
843020 
867552 
949219 
996562 
979062 
889218 
836302 
838438 
846459 
969583 
990312 
993281 
992188 
864219 
838803 
835573 
834896 
974375 
980937 
997136 
883073 
813802 
849167 
866145 
980000 
1018854 
991198 
996198 
990938 
906250 
857031 
856250 
860365 
971511 
989896 
990625 
991510 
989375 
870521 
834584 
840833 
854896 
1002916 
969688 
985521 
1004844 
868125 
865209 
866510 
870937 
962344 
991250 
983490 
993854 
868646 
876979 
834375 
842500 
972083 
994063 
997083 
1011146 
995313 
867448 
826146 
846875 
900781 
1095157 
936510 
912344 
912968 
1002240 
947187 
835625 
849063 
812187 
828437 
883073 
857448 
836615 
948334 
979063 
1008386 
1004740 
884063 
879896 
856719 
845260 
965260 
981042 
961771 
954166 
864271 
843906 
907969 
847188 
964531 
986614 
988802 
970990 
861979 
847864 
848593 
842291 
958020 
972083 
967969 
905677 
849792 
871511 
837604 
955729 
905833 
924271 
928646 
1032760 
777812 
846198 
929479 
942240 
929062 
856302 
835000 
866145 
837656 
961823 
931355 
853802 
828229 
841615 
833490 
940886 
952708 
856980 
861302 
838594 
837604 
939427 
931667 
814895 
776198 
832188 
917865 
909011 
818073 
1137657 
830677 
835365 
802865 
816927 
841458 
849166 
837761 
842031 
801250 
817344 
885677 
851979 
840520 
853958 
846041 
820208 
856093 
843802 
845157 
842188 
838594 
838282 
836719 
837968 
899115 
952083 
868438 
810365 
856145 
879115 
818646 
886927 
787500 
875000 
874115 
934011 
916875 
802604 
866406 
862864 
884843 
973125 
975000 
1014427 
891979 
833177 
863490 
907083 
981667 
957656 
965469 
966250 
791562 
833281 
875000 
896615 
972865 
964792 
791042 
886928 
862188 
833750 
888125 
884791 
825260 
877760 
863959 
925989 
1033698 
1017864 
1030104 
1027031 
1031563 
1036666 
1025885 
806406 
860625 
871614 
875833 
929011 
1034479 
1029843 
1036302 
1030938 
1016407 
1027032 
1045208 
783854 
859062 
870782 
858698 
925156 
1040365 
1033334 
1087344 
862032 
871146 
868125 
852448 
861354 
889323 
842552 
872240 
821771 
864323 
894375 
986719 
864688 
865521 
814531 
866614 
899739 
974427 
969531 
966927 
784479 
875469 
843125 
902969 
985781 
854115 
925989 
862813 
814635 
843906 
920469 
870729 
884688 
788385 
853073 
925312 
794323 
887604 
863490 
802396 
913333 
876146 
853021 
856302 
837760 
858750 
886875 
986823 
961198 
873021 
879688 
856459 
831250 
872968 
907136 
983229 
790260 
864740 
876666 
884531 
982500 
965260 
965052 
1015104 
781458 
857344 
833698 
886250 
850208 
857084 
859896 
835833 
861667 
882292 
830364 
858282 
946198 
891511 
847708 
880781 
864844 
887865 
868750 
848541 
870730 
870573 
890104 
885990 
990104 
967344 
1773750 
788698 
952812 
805677 
860938 
845416 
883229 
863125 
867761 
862760 
840156 
1035052 
847656 
876823 
867552 
923958 
1035364 
865990 
962813 
800573 
876927 
863229 
927760 
1038282 
914635 
1009063 
1033020 
804948 
876927 
862031 
851875 
933281 
1043229 
1029739 
1035729 
1028437 
1024531 
782864 
864844 
867969 
861511 
932188 
1102448 
945260 
826666 
972761 
824948 
804115 
978542 
829583 
866823 
896459 
885573 
900417 
855312 
817969 
885000 
836927 
853386 
876979 
884948 
870416 
886979 
874740 
895000 
975261 
786771 
887552 
862656 
923958 
984427 
934792 
1031146 
786354 
858490 
873698 
840312 
943645 
899531 
890521 
815365 
866093 
860156 
927396 
1042916 
1031250 
857395 
863177 
874167 
881823 
863021 
940417 
855365 
871875 
828802 
870729 
864115 
928854 
1052291 
959948 
993333 
977709 
885677 
897916 
810105 
865365 
847761 
861823 
887344 
904219 
856250 
833229 
852605 
890469 
905625 
841094 
891563 
882864 
867604 
991771 
886198 
969427 
802083 
841198 
853021 
940208 
862344 
924531 
836094 
870833 
851145 
907135 
920053 
927500 
875781 
843490 
866250 
900364 
953385 
837344 
969428 
855208 
818385 
871458 
925625 
930729 
843646 
878334 
825104 
892969 
819896 
887240 
930677 
814167 
884739 
854583 
918333 
873125 
894531 
842031 
863177 
890053 
876979 
944948 
921458 
832032 
871927 
862396 
862240 
974375 
876875 
857917 
979688 
979219 
830365 
939271 
1071042 
857813 
855260 
865677 
847552 
831145 
876823 
888020 
853125 
847031 
1520781 
823490 
900937 
933958 
891511 
894166 
972447 
935677 
850521 
853594 
835729 
836198 
885261 
865573 
951406 
820625 
899375 
863177 
930417 
1034219 
823646 
928750 
846875 
874583 
888437 
944375 
810260 
860417 
943073 
929271 
884167 
884167 
893229 
836146 
903385 
871615 
877500 
852865 
852709 
1052188 
880886 
866927 
853542 
861875 
864010 
958334 
970781 
1001042 
990364 
1007604 
902396 
797031 
858282 
841302 
953438 
979636 
1013854 
1002761 
902813 
886667 
816406 
870208 
867448 
828229 
874532 
720730 
827240 
960990 
998698 
988385 
1017760 
1009688 
1007292 
998073 
895990 
830468 
864063 
858125 
996823 
986875 
1008385 
1017708 
936823 
926302 
813906 
857865 
837761 
931719 
912552 
854115 
866354 
860313 
836354 
963802 
984896 
1021510 
969844 
838854 
818229 
852604 
981042 
961302 
999896 
992656 
977708 
980209 
836041 
838229 
899323 
827188 
978438 
964948 
964427 
891719 
820365 
859583 
822448 
1016980 
976406 
962343 
839167 
842031 
829739 
976510 
969687 
971615 
967343 
977031 
846146 
839270 
868437 
851979 
978125 
992448 
1051354 
982396 
885573 
813438 
837813 
863021 
984010 
996407 
988542 
991094 
884428 
822761 
850834 
844687 
850156 
838385 
819948 
865260 
861041 
963959 
976354 
964427 
866614 
839323 
836250 
835312 
948593 
1031302 
995782 
857448 
834479 
907656 
832968 
973594 
997344 
991250 
992656 
866197 
838229 
838437 
841979 
946927 
965156 
965417 
896146 
830521 
842813 
838438 
949062 
967344 
974687 
853906 
1266250 
811250 
851354 
855886 
964740 
970208 
993958 
987292 
973906 
993334 
897083 
812240 
840052 
962343 
974583 
977292 
967448 
964479 
860729 
802709 
859479 
832344 
995052 
961823 
966875 
885052 
850625 
901250 
1491041 
907448 
885157 
849583 
844792 
815365 
831146 
898750 
844270 
821458 
841198 
823958 
854739 
832448 
883594 
795365 
846562 
841667 
880989 
840156 
842291 
872708 
831094 
823594 
830729 
860573 
875833 
837552 
860729 
823333 
886198 
848385 
866822 
828541 
845989 
841302 
880885 
820312 
831979 
839011 
891041 
848229 
874323 
801563 
854896 
848385 
882240 
863593 
895677 
818021 
858698 
879427 
843177 
871042 
910729 
854896 
853489 
892656 
813020 
851458 
857604 
891354 
889792 
926197 
894844 
807812 
872084 
937188 
922760 
970365 
834844 
866302 
895625 
867291 
902500 
976302 
1013177 
975625 
792084 
857500 
866771 
863750 
854427 
865833 
821041 
872656 
865364 
893021 
979219 
955313 
817813 
873646 
833750 
883281 
983073 
965625 
958802 
774323 
841511 
863229 
883594 
979115 
965209 
975156 
901511 
825365 
883073 
860156 
887552 
973594 
785781 
854635 
952552 
887604 
963073 
949739 
965677 
971042 
786407 
851875 
858021 
883958 
963646 
1032500 
1030625 
1034948 
1030677 
855834 
855573 
906614 
861302 
918854 
1031614 
797292 
872448 
857917 
867553 
849896 
974063 
1035365 
805573 
876302 
837500 
842396 
1006146 
857500 
1029844 
939167 
799740 
876041 
854687 
921406 
816042 
875052 
816094 
861563 
896771 
892187 
1537761 
826511 
942709 
805573 
904739 
987187 
805937 
887812 
850521 
948698 
1029531 
1033229 
1034948 
1038490 
1020052 
853594 
820625 
873020 
858386 
1016771 
1028437 
803750 
883646 
816615 
845469 
889583 
991719 
965156 
1042448 
783854 
859427 
843385 
878438 
918594 
1057916 
1028229 
987812 
922135 
794947 
872657 
842500 
888958 
984114 
938594 
1048333 
787865 
880208 
840729 
841354 
832656 
864375 
841927 
832605 
839844 
926563 
1026770 
1021927 
1033854 
783073 
887917 
876927 
884844 
1021667 
834167 
881302 
856771 
844532 
868854 
898541 
1032344 
893021 
777135 
871614 
832188 
836354 
838698 
834114 
832813 
836718 
839583 
921875 
967760 
1033594 
784896 
861875 
832083 
927343 
846458 
858073 
844792 
892396 
840990 
915365 
1065729 
782968 
852865 
841198 
848594 
888646 
953489 
1045730 
1022344 
1028281 
907864 
1006979 
791093 
887188 
833906 
896875 
924583 
1030990 
791094 
867240 
860677 
921406 
795052 
858385 
839792 
836875 
841146 
928229 
1109219 
1040885 
1036563 
1037552 
1034739 
1048021 
1041094 
1083802 
925260 
1039948 
790521 
872865 
838698 
923334 
782188 
867500 
843125 
839375 
837135 
923854 
1044115 
1052187 
1028698 
1032396 
1038750 
1035365 
782916 
858906 
839375 
836406 
922864 
1039063 
1026406 
787709 
861302 
843386 
836302 
927917 
1099271 
1040416 
1027136 
1028542 
1044739 
1023125 
781927 
861302 
906146 
3291459 
852709 
873437 
881406 
864010 
891614 
855781 
841406 
841562 
838021 
867916 
830885 
821927 
935260 
979427 
940156 
979270 
975521 
1652239 
893021 
796875 
850885 
878125 
849063 
793333 
855625 
842865 
864740 
831562 
839635 
881146 
865625 
910364 
882969 
861198 
811719 
849166 
838854 
872552 
823854 
825105 
873541 
861823 
851718 
887813 
871302 
921511 
983229 
976354 
972448 
1040520 
831562 
912031 
881615 
882188 
888646 
975260 
972448 
966511 
818073 
867969 
862760 
890885 
1034792 
974010 
962292 
780469 
878333 
863282 
883437 
994427 
966927 
973594 
781875 
889427 
856458 
859427 
914844 
1034636 
789687 
879531 
854531 
869375 
922448 
1039479 
1087604 
1031979 
1031302 
1028333 
1032917 
1025312 
1021354 
787812 
863698 
865729 
864584 
912292 
1103385 
1028698 
1027604 
1021563 
1083021 
1029896 
1027708 
1026927 
900208 
987604 
804375 
882864 
872448 
998229 
863750 
876354 
816718 
850937 
852239 
927656 
1036979 
1110886 
1030209 
1024323 
1025886 
1058437 
1049896 
1033750 
1035781 
1027031 
1020417 
1025730 
790105 
859948 
866667 
865469 
929375 
1111406 
805834 
878073 
852657 
855625 
863177 
920469 
1031250 
1029323 
1062605 
1031198 
1019115 
1033542 
1028333 
794167 
840989 
873073 
900677 
919740 
1049375 
1021458 
1082135 
1053646 
1026146 
1049687 
944010 
929427 
829896 
893437 
864740 
836822 
854896 
833854 
843333 
845834 
820104 
827136 
842343 
889843 
884532 
794583 
830938 
880677 
868073 
817656 
868281 
820313 
814063 
936927 
928281 
925677 
990521 
999115 
948125 
946511 
1018646 
977291 
978437 
894375 
955625 
846927 
942188 
862291 
931615 
863593 
947969 
915834 
912031 
919010 
910313 
1356198 
830625 
816822 
836406 
840417 
869011 
849323 
831146 
846042 
845000 
819687 
831771 
852396 
884375 
827344 
847916 
841719 
834167 
850677 
846354 
832396 
839219 
847084 
819480 
843437 
817708 
899115 
909635 
838229 
855313 
897187 
899323 
900937 
884271 
873229 
886823 
905261 
803281 
831250 
823750 
836563 
828958 
836979 
829375 
829375 
832240 
873281 
848490 
844739 
851614 
850573 
846615 
858125 
844844 
858438 
890416 
817031 
865000 
861510 
807708 
842032 
854791 
835313 
852968 
807657 
844687 
844792 
844896 
845625 
870000 
840781 
829271 
881875 
884844 
2367552 
809688 
860364 
866562 
867709 
839583 
853646 
847604 
855156 
841042 
859063 
855312 
890313 
842292 
856563 
822864 
944375 
948489 
945677 
936823 
882083 
817656 
854844 
856771 
919479 
940782 
894427 
817344 
852396 
836198 
957708 
929114 
890990 
816719 
802344 
845729 
938750 
948594 
880261 
835052 
852396 
832760 
940572 
984219 
981146 
877448 
817760 
849948 
839896 
951459 
974583 
1000781 
1541614 
802552 
893802 
2222188 
835000 
841823 
840833 
918698 
852031 
803281 
876928 
851354 
853385 
844375 
870521 
821823 
843073 
841354 
842448 
837500 
840521 
885053 
778021 
842760 
877500 
892031 
819271 
852084 
841146 
842031 
916302 
889323 
822656 
838073 
836302 
947396 
847187 
845677 
865573 
870260 
867136 
861354 
883021 
811927 
878854 
859948 
857396 
938698 
800520 
854063 
849427 
836510 
910833 
907604 
827708 
870416 
840937 
872083 
983542 
981979 
1524323 
806042 
1205156 
943073 
938021 
954323 
814167 
980937 
830937 
894635 
971615 
893177 
818855 
871875 
873229 
867865 
872656 
836198 
868959 
802031 
849531 
928385 
935781 
876511 
807187 
850625 
846614 
935885 
940521 
870365 
821042 
844062 
832083 
954844 
948802 
891614 
804740 
856719 
839375 
927344 
961406 
881562 
743750 
864895 
842188 
939323 
984427 
969271 
893229 
811302 
884323 
851719 
940364 
991042 
987656 
1041615 
1003750 
905000 
807291 
880625 
876094 
980990 
994583 
983541 
989011 
876667 
818177 
856979 
876250 
969531 
987813 
991354 
1012500 
878594 
814114 
846354 
846979 
971771 
986667 
979479 
983125 
884583 
823021 
847552 
850313 
975261 
985937 
982135 
885729 
808385 
864948 
846198 
833646 
836511 
815156 
824896 
860938 
836615 
867604 
864219 
836615 
849791 
846250 
867083 
833541 
838385 
897135 
795104 
860886 
840989 
848802 
838854 
836927 
848750 
860052 
862917 
894740 
880208 
807864 
844270 
858750 
909219 
885417 
892344 
813802 
858385 
840521 
935625 
847188 
817395 
865053 
866875 
871719 
930885 
938646 
795364 
893385 
831614 
867812 
934480 
917292 
849687 
852552 
846719 
894270 
1004219 
968072 
966875 
779479 
850312 
872761 
883020 
976406 
968906 
1063489 
1028073 
1021406 
802864 
892239 
855521 
871510 
908958 
1039843 
960886 
789531 
855104 
867813 
857396 
932136 
1036875 
1028802 
1098021 
1034323 
1028125 
1033438 
1030364 
781771 
851823 
866250 
864896 
916302 
1037500 
1035990 
1090729 
1025364 
1021250 
1990313 
863698 
861094 
852239 
959791 
825312 
874531 
814895 
851770 
849739 
932552 
1035312 
1031093 
1091614 
1032708 
1031979 
1033593 
921719 
1000989 
803021 
880730 
861666 
935834 
1046406 
801094 
888646 
875521 
861094 
855156 
917240 
1032448 
838334 
881198 
814219 
875313 
929635 
804896 
880312 
811770 
855885 
872240 
950000 
1040833 
788750 
861667 
835468 
834011 
926510 
1046458 
810208 
859011 
840521 
859896 
868958 
928958 
1039792 
1027500 
1095313 
1027500 
1031094 
1035469 
860833 
913386 
804115 
849479 
877135 
977709 
976667 
984115 
790937 
891875 
840312 
907448 
886250 
1034531 
974687 
787656 
865417 
859114 
890417 
932917 
1027708 
1031094 
1044219 
1036927 
1030000 
1026719 
1028854 
792656 
889948 
830364 
972657 
787240 
851094 
860260 
864167 
862917 
933385 
1054896 
779844 
892447 
838125 
860052 
866042 
928438 
1041198 
1032917 
1034427 
1023230 
1026563 
793854 
855468 
830312 
910156 
873177 
877500 
975990 
794375 
861562 
843334 
932188 
1051614 
1039688 
1025365 
1037448 
1030573 
1027657 
784010 
884583 
862865 
868072 
916667 
1037448 
1027344 
896979 
999583 
781511 
861979 
836198 
921042 
1043385 
1035990 
1028281 
1020625 
1032813 
880157 
841354 
837813 
865833 
845469 
887448 
981302 
922969 
788854 
862917 
835260 
934063 
1046770 
782395 
857083 
864427 
853906 
920885 
790468 
875261 
842031 
837969 
863177 
930678 
1041615 
762187 
875052 
863282 
840000 
940365 
787864 
859531 
848125 
840000 
848438 
948333 
967031 
899010 
1004688 
793594 
859427 
1278281 
837500 
864323 
960104 
1043854 
787864 
864740 
810521 
837552 
924583 
786094 
871250 
812344 
843802 
883907 
925104 
1052240 
1029011 
1025989 
1026980 
1032656 
1028698 
1025834 
787188 
842864 
831354 
925625 
1089323 
781875 
857864 
860990 
829687 
843229 
923073 
1035000 
1025990 
1041823 
1022708 
1025365 
1030938 
787708 
865833 
845416 
883541 
1038542 
1000834 
833489 
855365 
840990 
832969 
928281 
1037396 
779896 
891041 
861146 
874323 
856771 
925782 
1049375 
1026250 
1028386 
1030521 
1028594 
785052 
864583 
838959 
860937 
927396 
1037864 
1034687 
1097135 
869271 
994479 
811407 
867239 
838281 
917239 
1046615 
783646 
853854 
834219 
831094 
927864 
1102032 
811042 
886146 
868594 
989323 
976302 
959740 
965052 
962552 
966615 
954583 
801718 
871146 
916719 
886407 
888229 
985729 
969479 
829219 
861510 
856303 
861666 
879219 
836563 
857969 
859427 
869427 
903021 
790052 
934271 
785990 
854740 
880625 
991615 
873177 
975105 
786198 
854219 
831615 
862864 
860729 
870938 
877500 
875521 
1021771 
780000 
904636 
865885 
888854 
836198 
842500 
893490 
903282 
787136 
883230 
860416 
876875 
991042 
834740 
830990 
852761 
853646 
1007396 
883385 
908645 
794062 
845105 
851510 
920573 
909895 
974948 
787136 
930625 
862969 
869479 
927708 
898854 
901146 
802500 
868750 
868021 
922917 
964739 
985156 
784896 
892708 
791510 
881979 
984688 
965261 
844896 
790834 
873489 
867448 
881146 
993854 
981770 
782864 
865520 
845989 
885625 
971979 
973125 
1590313 
808229 
893437 
980886 
970938 
965417 
784687 
859688 
847605 
895208 
980365 
972292 
973385 
793854 
849532 
832135 
890313 
1038907 
937292 
1035157 
779427 
861771 
847708 
924375 
1042500 
789115 
868593 
826041 
843385 
832708 
916510 
1040417 
1025625 
775521 
860364 
832812 
842135 
919844 
1037552 
1088021 
1718698 
862447 
918854 
900781 
949739 
863594 
873750 
810834 
823281 
852708 
868229 
943541 
796094 
842552 
873907 
882344 
1044843 
971667 
790677 
865938 
849479 
890261 
867031 
865990 
881145 
822812 
887031 
894427 
980573 
960625 
971250 
794479 
892032 
844063 
916302 
983698 
958802 
962865 
967292 
853333 
846510 
828698 
932864 
869427 
1001771 
859167 
843750 
903698 
938594 
794167 
865885 
811875 
873229 
853854 
889948 
859323 
991511 
846094 
856979 
854271 
893593 
975417 
969635 
979114 
798490 
912240 
852813 
874167 
871667 
832813 
959896 
787760 
888958 
919062 
1109739 
783854 
876927 
869270 
816094 
952708 
796614 
953645 
1037656 
782136 
873542 
851667 
925625 
788645 
827032 
837448 
825886 
884532 
907812 
897500 
791458 
857656 
882448 
926666 
880313 
906666 
968177 
788229 
862552 
867605 
892656 
977396 
966302 
777916 
856719 
835104 
888594 
964739 
969844 
781250 
889323 
836718 
887552 
983021 
985052 
1027135 
977656 
781406 
885677 
828230 
878646 
982552 
978541 
973750 
1074635 
781302 
868177 
857968 
935052 
983593 
970469 
965573 
992708 
840521 
839687 
828177 
893281 
982395 
982344 
890364 
796875 
887448 
1300000 
833073 
859219 
869635 
944740 
1052031 
771198 
854166 
859219 
859948 
918177 
1037604 
779896 
874063 
856459 
853230 
928646 
799323 
956303 
1043906 
773541 
877761 
855000 
938021 
1038542 
774010 
876355 
869271 
864271 
852084 
940885 
1039844 
777656 
853334 
862343 
855469 
935469 
1039584 
775208 
868959 
850521 
865104 
871927 
885468 
978073 
968177 
790105 
877552 
858646 
889271 
989636 
977760 
1027448 
988490 
793750 
877864 
863021 
932552 
798333 
948698 
1045261 
785469 
883385 
856354 
942812 
1102760 
849948 
901511 
901354 
901303 
870104 
961250 
857291 
954583 
1080156 
1029115 
1030260 
902760 
880000 
847136 
861979 
856719 
896407 
968125 
1038021 
777604 
871510 
855521 
897552 
981093 
965729 
1026354 
1013229 
1145781 
913177 
788855 
887188 
841302 
862813 
888125 
971042 
788125 
864688 
838281 
964635 
779219 
887292 
797083 
836406 
920365 
788906 
944948 
897136 
806406 
847865 
889687 
981510 
968073 
972032 
975990 
810730 
884583 
883906 
882083 
989375 
967448 
973229 
967656 
781198 
852604 
856354 
943333 
989687 
977448 
1070521 
1068437 
835573 
936771 
838750 
935625 
888177 
890729 
984687 
968437 
823438 
865052 
857188 
887708 
1039427 
973230 
965677 
786771 
846355 
857656 
889739 
985365 
973177 
824219 
856354 
859636 
864323 
830781 
860729 
852969 
846302 
853386 
931667 
855729 
998958 
790208 
850573 
860156 
932135 
1033230 
814115 
874896 
879583 
859635 
885104 
872083 
889323 
831719 
837240 
858333 
861406 
896979 
1655729 
779636 
879687 
871563 
885990 
982604 
795573 
871458 
841406 
896875 
913490 
894739 
831146 
866823 
861146 
898021 
977709 
966406 
784584 
847292 
869271 
888437 
989740 
963438 
1036146 
944844 
846510 
882448 
898542 
874844 
1031302 
836042 
958334 
941666 
849219 
910729 
878802 
1005104 
894271 
984167 
966719 
1034323 
962239 
780782 
859688 
864271 
883177 
972708 
973750 
968385 
801198 
850365 
866354 
856719 
887344 
972812 
787656 
880261 
856406 
924948 
976354 
956042 
964479 
789740 
862291 
857604 
889218 
978281 
971562 
967812 
971145 
782240 
888594 
860729 
886823 
967812 
962604 
967239 
780521 
824219 
888594 
1027240 
797344 
893959 
800937 
847135 
836615 
882604 
875417 
944687 
804635 
834375 
918177 
784375 
872813 
829219 
835937 
834427 
923073 
1040053 
1038021 
1038229 
1031042 
1019583 
871198 
861198 
843802 
835782 
925312 
1032760 
1023750 
1025052 
1024218 
775729 
880520 
832656 
895312 
760520 
875313 
805834 
846302 
841406 
859062 
930104 
914791 
792240 
853073 
885000 
937396 
1048802 
781510 
866823 
841511 
864531 
914115 
975729 
968333 
859479 
884896 
879270 
879167 
909062 
985625 
995000 
910365 
978594 
793386 
859062 
840625 
887083 
978907 
966146 
788281 
858646 
838125 
889479 
987032 
1026354 
886666 
980052 
788073 
863854 
852188 
917604 
1045208 
1099271 
1022709 
932136 
989480 
809479 
856666 
835885 
883073 
977135 
970000 
970104 
789427 
858698 
868802 
881771 
962552 
1024583 
1092031 
1028385 
1029479 
1027812 
1517552 
854584 
839271 
830521 
847031 
815260 
839375 
928333 
1043802 
1032969 
1055261 
1027500 
1090938 
1031406 
1023490 
1035313 
1092657 
1028958 
1026354 
785885 
896302 
830938 
838593 
888490 
973333 
866979 
907188 
884427 
884062 
920104 
805156 
847761 
817188 
838281 
905989 
736302 
838541 
898802 
880521 
992448 
855313 
826667 
854531 
885000 
855572 
1029479 
1031719 
1078281 
1022083 
1026563 
804115 
986979 
790677 
854062 
936875 
1046875 
846302 
893541 
805937 
852657 
908854 
892604 
984271 
984792 
1039323 
859219 
810104 
863281 
926927 
829114 
900312 
815000 
878802 
887708 
922344 
1037031 
818229 
900990 
835781 
864479 
863750 
928542 
1132552 
821614 
928229 
801823 
881198 
865260 
931354 
1169583 
872552 
1000156 
952084 
790313 
884583 
918646 
869791 
885833 
889270 
880729 
806823 
851928 
885729 
971250 
1028438 
865677 
952865 
804844 
878490 
857188 
927500 
908073 
990052 
802239 
884323 
863125 
925417 
1102031 
807865 
880052 
863594 
862812 
864479 
931615 
1035729 
1024792 
1032187 
1034375 
1033073 
1019114 
1026979 
786614 
866615 
860834 
888854 
931250 
1041458 
1025625 
1091666 
1025833 
1028750 
1064062 
849688 
932708 
860468 
916823 
939896 
842291 
842292 
812916 
837396 
859948 
836198 
884896 
861823 
810886 
869323 
842292 
840938 
837292 
803698 
858854 
887709 
865573 
940469 
1029948 
784740 
872812 
834635 
888490 
931927 
985937 
779844 
867969 
871510 
889895 
873125 
946302 
789167 
859115 
865989 
879114 
879219 
922708 
858593 
843334 
1277500 
808125 
854948 
894583 
975104 
976666 
783906 
849219 
820886 
884687 
1043646 
851823 
813073 
860052 
853646 
854062 
940782 
925000 
798802 
868594 
850781 
862448 
942448 
926823 
800261 
876875 
858855 
934219 
907031 
983177 
974896 
771250 
878906 
850417 
887344 
973282 
968594 
920365 
856718 
815573 
866302 
891145 
987604 
972813 
965989 
794791 
880156 
843073 
885782 
978698 
965469 
989427 
801511 
874219 
855000 
882812 
975469 
976615 
965678 
1019427 
796667 
883021 
850625 
928386 
799479 
885417 
853698 
856510 
894583 
951615 
950990 
950938 
941563 
865156 
905208 
876563 
983386 
819792 
899271 
939010 
776823 
876354 
858438 
858125 
895573 
967552 
822916 
859218 
853490 
870312 
959323 
926198 
798177 
845417 
857084 
856666 
941041 
919740 
785416 
857813 
863125 
891927 
981667 
977812 
792188 
869062 
856250 
884584 
975834 
971510 
971250 
802031 
877761 
852083 
886719 
979844 
977500 
1008958 
970469 
797969 
874948 
857344 
891041 
975000 
972865 
971146 
971458 
794532 
873803 
849948 
919584 
978802 
973229 
958177 
795365 
885573 
848958 
891771 
977761 
973334 
978959 
984427 
792760 
907344 
860260 
891823 
986197 
979167 
969844 
968177 
764428 
870417 
858542 
888021 
980416 
978021 
1017916 
970052 
795625 
882604 
852916 
921615 
1037083 
782761 
889270 
804531 
860677 
924010 
771041 
875000 
853073 
851615 
852604 
925990 
1106719 
971250 
976303 
972188 
955938 
849323 
820208 
850833 
895052 
969479 
867916 
984114 
1707083 
940886 
791614 
945417 
1035260 
835677 
830052 
847760 
926719 
1078542 
785989 
855209 
805834 
857240 
932188 
1038281 
785000 
880781 
802083 
866823 
861094 
924219 
903907 
986197 
856875 
897916 
893542 
977239 
785834 
909010 
981666 
794323 
853385 
826823 
897135 
993125 
972708 
771927 
877240 
850105 
882135 
985833 
975937 
962709 
962865 
811406 
813385 
893594 
980052 
1024584 
903906 
882760 
996928 
814011 
841303 
833333 
921667 
1035260 
1026562 
788802 
856406 
835313 
883750 
782187 
870365 
799531 
880208 
833385 
934688 
1041146 
1021354 
899063 
826094 
837240 
865000 
891406 
981927 
969739 
978125 
941459 
776198 
853281 
841927 
892448 
1034531 
962344 
785157 
859584 
840677 
888750 
977448 
972448 
977500 
791875 
887552 
867500 
865261 
881614 
987084 
960834 
782396 
855573 
864948 
922448 
1042552 
789635 
881041 
834948 
846354 
929531 
792813 
886615 
833438 
837448 
860416 
924635 
1045521 
1032552 
1024062 
1023802 
1019063 
779792 
887083 
858646 
867448 
923073 
1040573 
1028125 
1132865 
1030157 
1023281 
1024271 
877396 
790521 
887083 
837188 
933385 
869947 
978073 
782760 
858594 
873177 
931250 
909948 
978125 
991771 
864062 
845000 
836719 
889271 
976979 
963490 
971771 
971303 
783125 
869375 
834531 
936875 
921562 
905364 
970781 
805365 
856771 
839167 
896562 
989011 
971198 
1024011 
853489 
834583 
868594 
883073 
940208 
1037865 
1030313 
1028177 
1031302 
779062 
867084 
835156 
970209 
786042 
857291 
838906 
828125 
848282 
1263333 
816250 
939375 
897865 
947813 
785833 
861354 
884583 
974531 
969688 
970677 
969115 
797709 
848802 
842657 
928437 
1096302 
784375 
851667 
842083 
839635 
917916 
1038020 
787969 
879635 
872604 
835364 
828542 
895938 
983177 
981615 
784687 
863490 
844011 
923229 
982448 
967916 
974062 
781145 
852552 
839427 
880469 
978021 
1003750 
974323 
966927 
785156 
885313 
834948 
889219 
983125 
966927 
967968 
786302 
858854 
842760 
921303 
944792 
1039219 
793437 
866042 
836563 
916458 
792135 
854636 
872865 
837916 
835521 
926822 
1033593 
1028854 
1023229 
1033229 
1019792 
828490 
838594 
837605 
927552 
794375 
853229 
836718 
869062 
853385 
847343 
862864 
864948 
810261 
856927 
857344 
836875 
852968 
854114 
860572 
825000 
859219 
845573 
823907 
855833 
847552 
844427 
851510 
848229 
851823 
850156 
854427 
844687 
895521 
847188 
830938 
854166 
852344 
864115 
856250 
855364 
848594 
857813 
851927 
846354 
840052 
857448 
867291 
848177 
854114 
843541 
847604 
845469 
834375 
855261 
853281 
813333 
849010 
844740 
874375 
818177 
2058281 
860625 
850468 
859740 
863854 
830000 
836093 
829531 
882396 
817917 
827917 
831927 
819739 
836302 
822761 
821562 
830000 
810052 
852708 
836145 
827188 
831406 
836407 
845990 
840990 
844167 
890885 
817396 
837917 
837552 
833906 
840052 
840313 
837344 
841615 
812448 
834479 
858281 
889166 
889479 
886927 
884010 
882344 
897136 
853698 
834531 
838802 
838125 
827552 
845781 
826198 
830469 
1153490 
818281 
841771 
842969 
838750 
843594 
818490 
837084 
841146 
845938 
857865 
839062 
844323 
832865 
845000 
837760 
836354 
865000 
818854 
836094 
816979 
823854 
833178 
840104 
837240 
825833 
823125 
829479 
830990 
835000 
827813 
817864 
830729 
826459 
822760 
815261 
818177 
819219 
852865 
854427 
846875 
867969 
862136 
860781 
846354 
876458 
865938 
795104 
867552 
845521 
876459 
816042 
808906 
858386 
867083 
916198 
854896 
790677 
881407 
803333 
867656 
902656 
793177 
873177 
858073 
824531 
895000 
845104 
879427 
901927 
927396 
872031 
1197135 
992865 
955105 
970729 
871042 
886927 
852396 
856145 
824896 
864844 
883489 
795990 
868177 
870834 
941822 
926666 
801822 
877135 
848698 
897968 
909688 
982135 
785312 
881250 
848438 
894896 
984115 
966250 
1005156 
977292 
966927 
765052 
916823 
843542 
899688 
979323 
979739 
977447 
725469 
832031 
868125 
922969 
980990 
971250 
969271 
942708 
876719 
856771 
856719 
927968 
1040052 
795156 
883698 
856562 
884688 
853489 
925937 
1034323 
1096250 
1027500 
1041510 
1033542 
1086354 
1041094 
1049948 
1037708 
1044636 
1027604 
1038958 
1039062 
1039271 
800417 
878646 
856875 
889322 
919584 
1031927 
790469 
878854 
861875 
862292 
938073 
838490 
985209 
1047343 
779114 
877760 
855417 
929948 
808906 
893333 
852396 
905885 
857396 
938229 
797552 
961615 
1066614 
820209 
882032 
850938 
949687 
782865 
853021 
853542 
859115 
854323 
926927 
1044844 
1034479 
1033854 
1036823 
1035052 
1030833 
2015312 
789115 
876250 
970938 
855261 
934791 
922292 
960104 
979010 
806823 
811197 
878958 
803854 
903385 
817761 
874219 
906666 
937240 
782916 
936666 
787812 
857188 
944271 
1047396 
823854 
942188 
802344 
857813 
874792 
918594 
1045416 
1028646 
804166 
943542 
847865 
876980 
948073 
812552 
1030313 
1041823 
797292 
865000 
879323 
864531 
925052 
809479 
894480 
834739 
865208 
888542 
849219 
932135 
795105 
873073 
870260 
891354 
859010 
852031 
864584 
866041 
871146 
939167 
828281 
884323 
883385 
859167 
867656 
884636 
984948 
965104 
778750 
891979 
865156 
918855 
883854 
927135 
795782 
888020 
859166 
929427 
1039167 
826406 
901458 
804166 
861615 
861771 
1005261 
823542 
901615 
800052 
874895 
858229 
928177 
1017344 
861667 
900886 
830885 
875573 
866198 
922031 
1053437 
1102187 
962605 
940053 
1038594 
2429063 
951927 
1047917 
974739 
782031 
838698 
844532 
879375 
865730 
837604 
949167 
786354 
859115 
929635 
903750 
1023490 
1008906 
963698 
785260 
852396 
863646 
895000 
984218 
918646 
1033125 
791094 
853594 
838541 
1004844 
821667 
870260 
838854 
827968 
839375 
868073 
952813 
933959 
792083 
854948 
836927 
848698 
945000 
794427 
861875 
836718 
859635 
939062 
927084 
824896 
871823 
838177 
862448 
973229 
926510 
788229 
877239 
855416 
922291 
1045885 
777344 
867813 
869427 
860156 
858177 
929166 
1044271 
1034531 
1030833 
1036094 
1069739 
862708 
878230 
866198 
840729 
929844 
1033438 
808698 
864635 
876407 
867032 
842500 
1284323 
803438 
941354 
1047239 
872761 
998802 
814740 
837240 
842708 
932708 
1107917 
1028073 
1041927 
1042656 
877136 
998541 
800208 
852916 
860989 
930104 
1042343 
1030521 
1088177 
1036459 
1028906 
1032968 
1097813 
1030990 
1032605 
1023490 
1072917 
1038959 
1040729 
1030521 
1041979 
1042135 
1031823 
1035573 
1034844 
782969 
834636 
893906 
863177 
930104 
1048385 
1030886 
1120782 
1031250 
1037084 
1030885 
1039635 
1000729 
1020573 
936927 
812395 
895886 
806094 
889479 
927448 
921563 
829115 
896250 
888802 
862240 
936458 
922761 
816198 
873907 
865000 
855312 
941302 
853385 
852708 
873021 
874843 
850521 
811979 
881250 
855313 
852917 
846927 
901146 
792239 
858021 
839688 
858229 
845104 
946458 
1040782 
781615 
863906 
841250 
928802 
1037031 
826927 
905521 
798229 
880885 
880729 
970677 
858177 
941354 
930834 
796666 
877604 
867083 
924636 
908489 
909166 
903073 
831771 
859948 
924583 
810937 
905364 
827500 
871198 
901510 
921146 
1041927 
918490 
980208 
877292 
825781 
883750 
868021 
936354 
1040730 
1046198 
1037552 
1036771 
1050730 
883281 
986094 
802969 
881302 
867709 
915573 
1102239 
1031979 
1027448 
1041354 
1095000 
1024583 
1035365 
1031979 
1047083 
911510 
793489 
856250 
907292 
853542 
928437 
1056510 
807136 
892500 
811250 
866511 
897865 
1028958 
972083 
855729 
983177 
786875 
878594 
869896 
894219 
977500 
970886 
780312 
889636 
868802 
926511 
976875 
963541 
966406 
963021 
839115 
857552 
868854 
926823 
1039219 
804739 
878750 
818490 
862864 
1371406 
796875 
851459 
944270 
1031407 
1040104 
1028594 
1094010 
1044115 
1035156 
1053125 
816667 
866823 
832448 
865052 
921927 
1044687 
784635 
859427 
849427 
872240 
925938 
796510 
954531 
1042292 
815416 
840573 
838958 
929323 
1106823 
796771 
862343 
850729 
845886 
927083 
788073 
860156 
851719 
872605 
838646 
924322 
1039010 
1034375 
1036354 
1039844 
1038854 
1106042 
1028125 
1033021 
1027292 
897760 
860886 
841198 
838907 
930989 
1040989 
1033386 
1025156 
1034583 
1033906 
1032239 
784740 
871198 
869010 
841875 
915157 
1047552 
1090417 
1030781 
1037552 
1025885 
1031823 
1034948 
1030260 
1031354 
785730 
856041 
842864 
992864 
854896 
1001875 
1140364 
922968 
790417 
859479 
843750 
831927 
930209 
1055416 
1033541 
1029115 
1039063 
1037500 
787812 
861406 
862708 
876822 
1013750 
834427 
864375 
839740 
843959 
868593 
1000313 
826771 
923646 
846823 
841250 
839844 
994063 
1083490 
909063 
823750 
896198 
794688 
857084 
924115 
1036666 
782500 
858334 
835677 
833125 
931511 
1094375 
784115 
877292 
851302 
857291 
836927 
921302 
1041406 
1034740 
863854 
897604 
784531 
862916 
973229 
781250 
866250 
842500 
850312 
836875 
927968 
1045364 
1039583 
1052604 
1027031 
1030938 
1025782 
1039480 
1029062 
1033645 
1025312 
786093 
859688 
829844 
929844 
781146 
857761 
854740 
884375 
878854 
973386 
890625 
978854 
845157 
944687 
826042 
861042 
869063 
902812 
858750 
871302 
872396 
854479 
885937 
981875 
963334 
973021 
778177 
876094 
853125 
904479 
980417 
1037344 
972136 
1725365 
777448 
918854 
981875 
1064011 
784531 
891146 
849219 
852760 
811458 
992500 
1044375 
770885 
872604 
856823 
851250 
929948 
798646 
1047761 
1020678 
895677 
886823 
863541 
840989 
954375 
1029895 
797083 
880781 
859427 
856614 
853177 
933802 
1110521 
1036927 
1027136 
1028334 
1087448 
1030364 
1028177 
1028855 
1037344 
796250 
880573 
859219 
852552 
930104 
1033386 
1027500 
1033541 
1018542 
893750 
841822 
855677 
852031 
922708 
1039271 
777553 
906614 
837135 
802916 
932865 
1035938 
806354 
886823 
812344 
861666 
903385 
925156 
1055312 
1037552 
1146354 
786667 
857396 
805261 
863385 
926198 
790104 
860938 
805521 
864427 
853281 
929271 
1043854 
1051666 
1034687 
872500 
994740 
792291 
845625 
933229 
794896 
941041 
885052 
854844 
857760 
836250 
930313 
1086823 
1028021 
1019583 
1034584 
1035885 
1057708 
1022448 
1029583 
1029636 
799323 
862396 
839375 
878959 
969896 
1032708 
1039636 
1088594 
904792 
987240 
785729 
854115 
867761 
884115 
983125 
968594 
963333 
779635 
872708 
839739 
981718 
1040677 
792865 
863437 
839948 
837500 
924479 
1039844 
797917 
872083 
859584 
836042 
842865 
921979 
1051042 
863490 
926979 
785938 
863333 
837553 
897656 
946875 
1045520 
828646 
841771 
867084 
998437 
763125 
885990 
855833 
853073 
845053 
885000 
978698 
974583 
784584 
857083 
839427 
996927 
835572 
1031302 
940782 
787396 
849896 
856980 
919115 
1044479 
1032135 
1030833 
1025104 
1028333 
1025261 
1048177 
1016198 
797657 
860989 
857916 
968489 
931979 
731093 
1216719 
862448 
847916 
839218 
853437 
902865 
984531 
968854 
974323 
964010 
1094063 
841979 
868542 
935156 
1080730 
784740 
850729 
860938 
880208 
884011 
945000 
1042187 
780260 
869687 
882864 
832760 
853281 
943230 
1039636 
1029792 
1029479 
1030052 
1032084 
788438 
857031 
840938 
926927 
794688 
856145 
840677 
869739 
840261 
916250 
1049895 
1011615 
895104 
989584 
783021 
872344 
874687 
891770 
972708 
857604 
865000 
835104 
856927 
935625 
1034323 
835781 
1003698 
1057136 
1027291 
906145 
982136 
860833 
930468 
928177 
922291 
935938 
1042396 
1033385 
849115 
841406 
868386 
870937 
968021 
1041667 
822500 
893646 
836042 
872760 
851667 
922864 
1040572 
1021250 
840520 
871510 
877761 
944636 
863021 
839479 
948281 
1040364 
857708 
817500 
868542 
927760 
1033230 
821563 
897084 
829167 
859063 
853021 
853542 
933489 
942396 
824895 
875938 
859427 
920573 
880364 
970313 
803490 
878594 
854115 
890104 
807239 
988645 
777552 
862240 
868958 
880469 
927552 
1043490 
798542 
886927 
867813 
919948 
1060208 
912500 
855053 
908125 
884740 
846927 
941615 
886979 
832240 
959531 
933542 
835104 
938698 
928907 
918177 
917500 
889166 
862136 
887917 
899062 
889584 
926406 
1136041 
809167 
906302 
830157 
869167 
864218 
864479 
861354 
857136 
815625 
856093 
947136 
1035781 
825260 
904167 
802552 
865416 
855625 
975313 
1037187 
1030469 
1031302 
1093698 
1025000 
1030573 
1025885 
1025678 
1035990 
1018490 
1019792 
808281 
881562 
867500 
870573 
932552 
1033802 
1939219 
792865 
867604 
872552 
866250 
937135 
1108229 
1030364 
1030469 
1027135 
1031875 
782448 
867292 
872605 
865625 
904688 
928386 
1025468 
778646 
861407 
868281 
858959 
929115 
1103906 
1030625 
1025833 
1029010 
1033802 
1022240 
1029011 
1039375 
1022500 
784948 
860886 
872552 
904375 
923958 
1055677 
1029531 
947969 
870990 
855312 
847552 
879687 
863802 
916927 
1048594 
785781 
914531 
836927 
922917 
784115 
858802 
946094 
789792 
943385 
786458 
939739 
1073854 
786927 
859375 
856198 
844271 
923646 
882552 
873021 
838282 
828906 
859844 
879740 
970208 
842343 
863229 
784427 
889427 
981094 
975260 
869739 
812917 
861770 
836562 
852083 
933489 
801823 
877553 
833125 
924011 
905208 
975730 
973437 
781667 
856250 
870208 
950000 
788437 
860208 
845938 
829219 
962344 
787657 
871094 
835730 
863229 
842605 
931667 
921355 
1030104 
803906 
869688 
837083 
838125 
936406 
1039323 
1026875 
1026198 
791563 
884115 
837240 
877812 
921042 
1095677 
1029895 
1020261 
1026823 
1087500 
1032344 
1034114 
1039427 
982708 
784687 
863125 
841197 
953333 
779427 
877031 
877657 
878750 
844688 
921511 
800000 
859114 
838438 
865573 
838646 
925990 
1039531 
1055000 
1031614 
1029427 
1038020 
1025417 
788698 
867605 
840104 
974219 
787865 
848802 
831198 
857760 
838542 
918490 
1043802 
1045677 
924479 
878697 
841093 
863177 
866562 
924584 
1042604 
1030625 
1036563 
1037552 
1032917 
1035156 
1118959 
809740 
841302 
844062 
865729 
931250 
1038854 
779531 
846562 
906459 
820677 
1288073 
794428 
913490 
905625 
983125 
928907 
924271 
812500 
823541 
824531 
951094 
865833 
847500 
839115 
890209 
875104 
985312 
1042344 
794583 
858802 
833802 
925052 
1039635 
781927 
853594 
839323 
843333 
834584 
929427 
1157084 
1033334 
1032395 
1034063 
1083542 
1044062 
1030729 
1041197 
921354 
789792 
853334 
838229 
979323 
793594 
853541 
838854 
836823 
843073 
922812 
1048802 
1043906 
1074427 
1040417 
1043489 
1035886 
1039375 
1034010 
1033646 
1035469 
1040417 
839010 
866823 
874011 
855417 
923281 
1040052 
789583 
912657 
877500 
917136 
2640052 
795833 
829791 
827812 
859895 
807136 
857604 
834375 
857916 
898542 
889271 
1041823 
780417 
887708 
870365 
932760 
801355 
875312 
893229 
819844 
860000 
914948 
1044375 
789480 
843906 
874219 
857500 
863698 
982969 
811615 
835521 
906823 
822968 
905000 
827708 
864531 
844948 
867239 
868906 
932760 
930677 
790260 
867761 
865417 
1007240 
865000 
929584 
1108906 
868958 
856042 
871302 
834583 
855938 
985157 
928437 
861875 
832760 
865104 
824010 
850677 
851093 
838073 
847344 
917865 
844532 
977865 
847656 
881354 
905677 
887136 
918646 
1052083 
860052 
897552 
798855 
889271 
867969 
1008541 
1084948 
1090938 
1078750 
820104 
1015938 
934843 
978333 
826875 
899427 
892084 
882656 
1059115 
856250 
906302 
829583 
866615 
865000 
933594 
1035312 
824635 
909948 
832969 
860989 
864166 
934948 
1050729 
1035208 
1026875 
1091406 
1032344 
1026250 
1032188 
1084427 
1032500 
1028750 
1021719 
1070677 
1036250 
1023438 
1792448 
893177 
851042 
863125 
927188 
1043959 
1033645 
1034791 
786511 
874948 
864948 
870782 
928958 
859532 
883646 
809739 
867136 
870208 
920000 
1047708 
1035261 
1041771 
903802 
991145 
804740 
873490 
864010 
931042 
1042657 
798230 
891615 
863489 
864271 
861302 
931198 
1052708 
1032187 
1034479 
1037813 
1169895 
865469 
896771 
871146 
893073 
842135 
949427 
802188 
874010 
850625 
840260 
865000 
917813 
1017396 
975521 
985312 
968854 
806250 
864375 
866250 
929375 
905833 
985677 
971354 
791979 
872448 
846771 
889792 
889219 
1032864 
983594 
871979 
838282 
841042 
830469 
937396 
1041562 
1047552 
1029167 
1026563 
786875 
885937 
834427 
830312 
921458 
1034218 
1027604 
1098698 
783281 
833593 
825781 
927604 
789844 
946198 
1034375 
796667 
859583 
848593 
929896 
1052031 
785782 
862083 
847917 
872343 
833541 
930572 
1041458 
1035729 
1019219 
1075469 
853959 
859167 
847031 
845677 
936094 
1047604 
780937 
856302 
870104 
833802 
926042 
1036093 
785573 
877240 
842917 
865052 
839115 
970468 
1046510 
1026562 
1024271 
1088334 
1030468 
1034167 
1024323 
1046250 
1031771 
1029532 
1028854 
1030937 
787031 
846718 
837448 
976771 
796563 
857605 
833646 
864167 
842136 
923958 
1056146 
789896 
862344 
842031 
842708 
927344 
1039062 
797083 
867968 
850520 
838854 
937136 
849531 
948437 
1037239 
789739 
820208 
841302 
948750 
1046927 
808385 
858750 
828333 
841875 
931615 
785625 
875677 
835157 
839792 
837292 
892604 
969114 
781979 
879271 
868594 
886041 
1603854 
1722187 
1056302 
832865 
856458 
902187 
816146 
858542 
828750 
833594 
870885 
846459 
799115 
867240 
843490 
843490 
846667 
791719 
845364 
944271 
897083 
972812 
797864 
881615 
863178 
893282 
979896 
966146 
1006719 
1029218 
775937 
883854 
855260 
857864 
936406 
1044740 
1032864 
1029896 
798542 
863073 
858593 
860208 
936770 
1040833 
794010 
878697 
861927 
835625 
932032 
801303 
978490 
1050782 
782396 
824584 
823438 
953438 
1033281 
778750 
875365 
863230 
856198 
934635 
768021 
876875 
845156 
867969 
845416 
870521 
871354 
898906 
781094 
868698 
884271 
989896 
968229 
899167 
965677 
796615 
870886 
853438 
889791 
1033646 
929844 
1043959 
773854 
877865 
858802 
951406 
795521 
962240 
1078281 
799375 
872135 
864635 
929636 
808177 
881146 
855417 
856250 
864375 
923125 
1053854 
801146 
889479 
834010 
857708 
926823 
799114 
993073 
1042031 
784062 
869531 
853854 
929427 
1038698 
775416 
876042 
862083 
850052 
933437 
770989 
957239 
1032396 
805313 
879844 
857500 
936198 
1044948 
787760 
880104 
882864 
862448 
875677 
1018177 
854740 
1033073 
1154739 
775833 
852604 
864792 
855053 
925313 
806302 
947448 
1035209 
776198 
868333 
861875 
926875 
1035365 
783437 
904219 
845677 
854062 
933229 
795313 
953125 
850677 
805313 
878698 
863489 
864271 
891667 
797813 
874010 
890104 
996354 
971458 
973490 
981198 
908334 
865677 
808385 
961771 
790989 
949270 
1037917 
785208 
866354 
870573 
832865 
933021 
1029688 
1090261 
1035052 
1040677 
1026146 
1548646 
839011 
930833 
1036042 
815260 
859740 
833802 
834688 
929948 
1042240 
1033334 
1046354 
782136 
876875 
833854 
841823 
931563 
1055417 
790989 
860521 
865625 
843802 
865469 
927240 
1043645 
1043646 
1037709 
1047083 
1032917 
1042240 
1037813 
1029375 
786563 
862969 
843802 
838073 
1001407 
831979 
913698 
839114 
867760 
865885 
1029896 
1106406 
939062 
791146 
1004948 
778906 
854167 
858645 
924010 
1155000 
1031667 
1026094 
1029791 
1084740 
1024687 
1035312 
1027657 
1039792 
785468 
852969 
844427 
825521 
933906 
907708 
913802 
807552 
864583 
839583 
928229 
1041250 
1105729 
1037083 
1029427 
1026458 
1030468 
1030260 
1030157 
1026563 
1040417 
785469 
867031 
867084 
894167 
928125 
1037761 
1028073 
1087396 
1027448 
1033073 
1033593 
1093490 
1025521 
1030313 
1030677 
1034635 
789844 
860885 
866458 
840000 
922969 
1043073 
1030521 
1093698 
1023958 
1147552 
837656 
912240 
856354 
887031 
887917 
966354 
876198 
866094 
853490 
867188 
898281 
869427 
865104 
931822 
939166 
791302 
877396 
847084 
943750 
1009739 
974114 
959896 
813958 
887135 
864479 
890209 
863698 
930937 
798021 
858959 
841823 
887396 
976771 
971718 
784688 
866407 
840104 
927761 
944271 
1037031 
1027917 
1098490 
1030834 
1030156 
1029011 
1026406 
1026302 
1037812 
1026198 
1336823 
977187 
823229 
1008750 
931614 
870313 
865417 
842656 
846042 
895885 
869948 
810157 
974687 
932292 
934166 
927760 
927760 
924219 
826510 
885573 
881146 
784583 
856458 
879948 
823333 
889583 
893073 
906719 
828490 
862135 
1334010 
856041 
809323 
845000 
897187 
835260 
886614 
816615 
844687 
875625 
925521 
839584 
908958 
814740 
898959 
858906 
922865 
1041146 
1083438 
893854 
965052 
812031 
879896 
861354 
885052 
923594 
1041406 
788906 
871510 
873906 
918438 
1109740 
800625 
873333 
814010 
844218 
850989 
928072 
1044844 
894375 
957708 
890729 
824011 
872396 
926979 
1019323 
855417 
910937 
841770 
867136 
856459 
1046302 
798229 
904270 
991771 
839115 
873750 
868438 
1014271 
1086979 
807552 
945834 
906718 
895990 
842292 
875885 
1009636 
1099635 
1091041 
795730 
949375 
1067604 
1084323 
939739 
786250 
856354 
861355 
1001719 
803646 
958073 
979531 
815937 
879791 
856875 
870833 
1000833 
845573 
888750 
869948 
869270 
863906 
999063 
842969 
891198 
810781 
854375 
861198 
926666 
1035052 
1018906 
1022031 
1035729 
1033177 
1033646 
1036354 
898750 
819895 
1044010 
995677 
999688 
1054636 
1031979 
897396 
852761 
936667 
1043282 
800313 
944062 
885573 
886562 
927917 
1038854 
1078386 
807500 
843542 
880261 
868854 
865208 
919844 
1050520 
862136 
901146 
808021 
868385 
862136 
881250 
812084 
921354 
785365 
861250 
1006615 
861510 
1018959 
819583 
941198 
791406 
874271 
920468 
874115 
920989 
1039740 
790937 
877083 
857552 
926979 
1043490 
828854 
895209 
805521 
864895 
871666 
931093 
1038125 
1020208 
1031823 
1025000 
1043854 
1050833 
1034636 
1020365 
889375 
834062 
869531 
866250 
921979 
1037917 
826719 
895156 
858959 
874583 
857031 
927187 
1055937 
842604 
912188 
799896 
1265781 
801927 
837552 
936719 
1043958 
810261 
877812 
808959 
854896 
836198 
933438 
1040938 
1027500 
1033698 
1032187 
780886 
867396 
869323 
897032 
926094 
1043177 
1037656 
1100938 
810417 
879167 
865000 
867604 
854948 
924219 
1038125 
1032500 
1031511 
1023073 
779063 
859218 
883698 
858906 
883437 
985833 
964583 
831615 
1074896 
1164687 
990208 
1038229 
948854 
929583 
1044531 
831563 
862083 
865156 
869740 
857031 
863333 
865729 
869167 
856927 
864896 
857500 
853750 
859375 
890104 
867812 
816771 
850989 
933855 
810833 
882031 
820885 
870521 
844010 
845833 
950261 
1042448 
788281 
854375 
857135 
924270 
1031875 
858072 
900469 
807917 
863333 
861303 
923073 
1035990 
1026354 
862500 
957969 
812813 
866511 
867031 
925781 
1033958 
884584 
972136 
803907 
907136 
903854 
881614 
937604 
1165989 
865469 
916875 
989844 
852240 
874792 
859636 
872396 
922604 
1046354 
784584 
870573 
859532 
901823 
931250 
1053438 
1037344 
1096250 
801302 
902292 
816979 
870677 
863698 
930260 
1035886 
1029739 
1032084 
788489 
855105 
868906 
904062 
906146 
913906 
911823 
806406 
885469 
855782 
940729 
1045417 
821875 
819844 
867500 
850677 
867708 
924219 
888542 
882500 
807292 
929375 
860260 
890729 
931407 
1042239 
825625 
866666 
872500 
855521 
894635 
937656 
1035209 
776771 
860729 
864635 
924323 
1033386 
801875 
873281 
859688 
864063 
864063 
924896 
1038542 
1032135 
1032865 
1161562 
812604 
879948 
865885 
864479 
865833 
922344 
1034948 
1034011 
1039948 
1034427 
1921407 
777969 
857760 
826146 
927553 
1095781 
1022656 
1029948 
1040521 
1102657 
1031042 
1028438 
1020781 
1056250 
1030781 
1034792 
1044375 
1030625 
789584 
855781 
837292 
969271 
791146 
946562 
1034636 
783177 
891094 
861406 
933802 
788282 
901093 
844583 
855834 
848750 
950625 
1044792 
2155677 
942343 
1037291 
776354 
835053 
845104 
981719 
809010 
869427 
824271 
844219 
839167 
917968 
1045469 
1040312 
1031614 
1041198 
1026771 
1015729 
779011 
854115 
843594 
928907 
1086563 
782552 
886094 
867448 
836459 
839895 
928125 
1036823 
1038542 
1103855 
1148646 
842291 
885000 
891979 
872135 
836666 
931562 
790521 
862083 
834166 
843698 
837500 
968386 
1039271 
1025677 
1037604 
1091666 
1029687 
1033958 
1030833 
1036562 
786666 
856667 
837865 
975990 
779948 
853906 
834063 
856250 
840729 
990208 
837708 
853854 
868854 
839166 
864479 
1006458 
830417 
859844 
842500 
864322 
835468 
928438 
1035729 
1029531 
1029270 
1038802 
1031458 
779115 
885677 
826563 
831406 
924583 
1039323 
1029896 
1086145 
1034479 
1032396 
1022917 
1035521 
796458 
857552 
838594 
842500 
845208 
928542 
816406 
840729 
845261 
888021 
969271 
964010 
803021 
862657 
834427 
895885 
981771 
972604 
978750 
974166 
710365 
895052 
800468 
905313 
967916 
969687 
1080312 
843854 
882032 
877031 
887344 
911563 
981302 
987188 
1030729 
963386 
787760 
859427 
839896 
886041 
985105 
972813 
969896 
792812 
866875 
870052 
890937 
1037865 
864271 
937083 
805468 
845052 
841615 
920781 
1043333 
1021458 
1025834 
1929167 
784532 
922969 
834896 
932864 
793125 
902396 
834167 
872812 
835573 
924948 
1105573 
965000 
974218 
972656 
781875 
871562 
835573 
891302 
980468 
941979 
907917 
811302 
839791 
836250 
888385 
985833 
970625 
793594 
860416 
841042 
894375 
979375 
1076563 
1029635 
877291 
983906 
1033229 
978177 
800677 
872708 
863282 
879270 
822864 
870677 
853333 
984219 
1039635 
1025781 
1023021 
1082240 
772604 
855625 
843125 
831928 
919010 
1046563 
797291 
937239 
787553 
827604 
986407 
877032 
872656 
854479 
978385 
857343 
1057709 
825521 
840000 
826980 
850052 
813489 
833073 
795781 
877187 
975573 
790260 
861563 
850364 
893489 
982187 
974636 
782917 
855417 
852448 
923958 
976198 
965781 
962709 
789688 
864114 
872864 
881406 
976406 
963958 
965938 
787813 
896145 
915625 
862448 
886198 
977865 
962657 
846980 
822083 
868646 
892135 
1035729 
977760 
977239 
916198 
900677 
813854 
827761 
901302 
981562 
967135 
782969 
855885 
835729 
927031 
980520 
960521 
967292 
776823 
864062 
853594 
886406 
979584 
1010469 
976093 
969583 
962135 
786979 
844166 
860989 
859063 
932500 
848802 
850156 
876250 
867188 
886042 
899427 
1029844 
790782 
890261 
837188 
898073 
797136 
862448 
850885 
849375 
892605 
982188 
966094 
809323 
865052 
840365 
844844 
891719 
877865 
869115 
791875 
864427 
864114 
894896 
978542 
786875 
865573 
808958 
882396 
980209 
959948 
800104 
866614 
871928 
839062 
889948 
979375 
781354 
868438 
834166 
925105 
980313 
1724635 
799844 
831667 
923438 
915364 
918334 
862031 
862032 
836406 
843750 
924791 
1047917 
1032448 
1034896 
1031458 
805364 
840833 
838542 
925260 
810417 
860625 
845469 
862552 
838959 
930573 
1036927 
1030104 
1025625 
1032813 
1030104 
1036407 
1031354 
1036302 
810886 
823802 
830468 
978959 
789636 
858333 
841406 
865156 
842969 
1008125 
845938 
876875 
901145 
881719 
871563 
901198 
979688 
972136 
970885 
958125 
796198 
857396 
837083 
925365 
1035573 
780104 
866458 
863230 
835052 
932709 
790157 
888594 
856146 
868334 
832917 
929740 
1040208 
781615 
860417 
907292 
844584 
840469 
890104 
975886 
962500 
780730 
855468 
875416 
911771 
938490 
896354 
801615 
879011 
838437 
923125 
1041875 
1026563 
1030000 
1031198 
1014791 
1030677 
854167 
795677 
861980 
834062 
969531 
918802 
869688 
808854 
855104 
890208 
977656 
972604 
967136 
853958 
864531 
838281 
831979 
920677 
922760 
857500 
795208 
825417 
978906 
793542 
917135 
923645 
810313 
855260 
838750 
922447 
920834 
901823 
865052 
834896 
841510 
881927 
972552 
971302 
788437 
865104 
828021 
895365 
975053 
968750 
967344 
814219 
839479 
844843 
876928 
1028281 
972865 
866667 
858177 
837865 
833333 
872968 
937604 
916042 
810938 
846042 
837292 
892604 
1000886 
1092448 
795833 
926458 
799843 
858281 
892917 
986250 
963750 
980573 
850937 
830834 
835990 
873073 
977708 
968854 
978489 
780104 
890261 
828281 
930469 
1061406 
876615 
836302 
836250 
832813 
833281 
964062 
916458 
904427 
1874167 
646355 
945521 
789791 
970000 
1060990 
789844 
867083 
835312 
853282 
936666 
930000 
799219 
886719 
846459 
884271 
990260 
977552 
1025209 
981719 
788490 
856771 
863438 
932031 
1050782 
786666 
880365 
838854 
827448 
837552 
938281 
1042344 
1019636 
1155261 
917448 
820521 
1038125 
785364 
857396 
935417 
852239 
977864 
959427 
841511 
888229 
859844 
883229 
987813 
959375 
904427 
809270 
850730 
843229 
924011 
939427 
907240 
986146 
774843 
858959 
865104 
922917 
1034740 
1034480 
1031406 
1018906 
806406 
851771 
866771 
851250 
919166 
1039687 
960364 
964844 
966614 
781303 
849375 
831458 
881615 
1006094 
1026511 
966875 
813698 
882708 
830625 
876771 
966250 
1201875 
816666 
1150104 
871458 
979271 
2119948 
828437 
863386 
863542 
838125 
841979 
841303 
813073 
847240 
834062 
890782 
845938 
813855 
897812 
830312 
912864 
1010313 
910104 
969532 
901875 
863645 
837344 
855208 
866563 
816666 
832240 
829740 
893594 
841875 
886719 
855104 
854896 
867084 
893594 
955677 
912500 
864844 
921562 
898072 
838125 
909063 
833958 
814531 
833490 
841980 
847500 
852188 
842500 
855052 
862864 
931667 
925937 
782188 
978489 
1073802 
968386 
1538698 
890834 
856146 
838385 
836198 
829635 
936771 
827344 
815468 
819844 
878594 
861510 
839063 
828854 
842709 
871198 
976146 
920365 
901042 
875625 
869010 
832657 
825052 
841458 
844167 
882187 
859322 
825417 
883177 
844948 
852239 
837813 
889063 
901458 
805052 
1105886 
901406 
911771 
861614 
1199687 
892292 
888281 
929531 
1114896 
876927 
907448 
875104 
855625 
886666 
836719 
840625 
839844 
850729 
847969 
873490 
886510 
964896 
1421458 
1009896 
1208333 
960729 
1010886 
1333386 
1153802 
1063437 
971094 
1125000 
985312 
963385 
950105 
1014896 
986146 
988385 
936615 
1108125 
970000 
975104 
935521 
1064010 
1303489 
929844 
1104531 
1037500 
1213594 
1156406 
1288698 
1152188 
964688 
1156146 
1012083 
940886 
970313 
947656 
971771 
961823 
990573 
1114792 
1058437 
1070313 
948958 
999271 
1111406 
1091667 
1077448 
981875 
1064584 
1037344 
916875 
1037291 
973125 
998542 
980625 
1269948 
1176771 
1167292 
1271719 
1100573 
11010625 
945156 
980052 
14095313 
968698 
946875 
1002188 
1124531 
1181093 
1010156 
1395937 
1351198 
1181303 
1231927 
968021 
1005417 
985937 
13278646 
1034740 
1086563 
1005938 
1014323 
1020729 
994115 
997083 
1003750 
994791 
1078854 
1206979 
932812 
944584 
984323 
957657 
946146 
1161355 
5653073 
1009635 
16423281 
922396 
959948 
17395208 
7850104 
7977604 
838229 
851198 
1008490 
951771 
5870729 
1100781 
1224948 
979688 
955052 
19864635 
995208 
1127291 
2844636 
923593 
900104 
912240 
905625 
922344 
906771 
927500 
989323 
1371771 
938750 
950208 
901875 
923178 
940365 
970104 
1238750 
1778802 
911719 
869323 
870365 
4923750 
1521771 
1012812 
1143125 
14560730 
1054375 
1101459 
986823 
966302 
954739 
973542 
958333 
959114 
968177 
962396 
952448 
10176771 
921615 
1675313 
1047240 
1046614 
1017031 
1021562 
1014792 
1035000 
1067708 
1123646 
1246093 
1188281 
1169323 
1370989 
1157396 
8016615 
1353542 
1455417 
5090989 
3294010 
7952760 
1094427 
1187968 
929323 
8471615 
875469 
870833 
907448 
950834 
832917 
900157 
860417 
881250 
888750 
910885 
928750 
858333 
932813 
899114 
870364 
856094 
896927 
875209 
862500 
809323 
886406 
891979 
906614 
872500 
867083 
862813 
939323 
894375 
897968 
807396 
905052 
849584 
891979 
894167 
902605 
850677 
882292 
869948 
828385 
915781 
879427 
827292 
1092032 
1082604 
1078594 
958698 
835208 
884479 
861927 
842604 
847240 
841406 
844583 
845365 
2859323 
844479 
869948 
971302 
873542 
872604 
908437 
905625 
837187 
856041 
850469 
842604 
853906 
838959 
892865 
881354 
861562 
847188 
975938 
970209 
914427 
1005625 
1048750 
965312 
984583 
972500 
948125 
860156 
899531 
881146 
937813 
923594 
907292 
907656 
893854 
914479 
885521 
943750 
910989 
938177 
902865 
885520 
916979 
916250 
908489 
906511 
913334 
960573 
867761 
860312 
909740 
919167 
1005989 
963750 
971459 
923593 
944375 
945365 
975625 
18554688 
2512084 
938230 
851614 
986667 
937240 
939375 
935677 
969479 
974219 
978177 
927812 
925885 
912447 
956927 
3165521 
1038177 
968281 
1016562 
944739 
983541 
10190261 
927968 
892032 
907708 
1589167 
932552 
956145 
860677 
1033281 
977604 
1030781 
1003281 
913698 
10124844 
832917 
881927 
830104 
829375 
865313 
848281 
872917 
868698 
867864 
840312 
860000 
842917 
936459 
846302 
910938 
847239 
868855 
832292 
851094 
849583 
837500 
858698 
847292 
834114 
872708 
846094 
867239 
850365 
1174063 
861823 
842917 
847761 
860260 
826823 
871615 
1193229 
819427 
839739 
848333 
848177 
841771 
850104 
847031 
862708 
837135 
848854 
870365 
837292 
862344 
910209 
832604 
845104 
843750 
844114 
881458 
851250 
861823 
845885 
835104 
872240 
889375 
8198386 
841511 
837708 
857500 
832135 
933125 
837864 
888281 
861718 
825729 
841250 
851771 
868594 
853594 
912136 
858750 
856250 
844948 
834844 
851302 
826198 
948541 
848333 
823907 
857032 
1921406 
1137031 
1131979 
1104167 
971979 
897969 
854948 
943489 
896771 
921927 
905052 
978490 
881354 
855833 
853541 
928698 
897500 
903854 
885937 
3474740 
1019739 
945781 
1233958 
1012605 
1078333 
1159271 
3930729 
974948 
911302 
907917 
902292 
954740 
913698 
910573 
908645 
998229 
902448 
912552 
910417 
908906 
903906 
904271 
902292 
1018281 
921302 
898438 
921823 
903281 
959427 
899167 
900469 
896615 
951771 
904218 
903229 
905261 
895469 
935104 
910937 
884687 
1031198 
970938 
908281 
915573 
913541 
914740 
909531 
921562 
910312 
967552 
924896 
917604 
906094 
903333 
936042 
908698 
941094 
985573 
955573 
880625 
915937 
904687 
907813 
895208 
907240 
818802 
952656 
958437 
920052 
911198 
898125 
983385 
888333 
1043386 
954323 
1022604 
982656 
950052 
1022188 
1046041 
912865 
1039947 
1030416 
1079583 
1072135 
1013177 
1013855 
1086302 
883073 
1012969 
959635 
1056250 
1106198 
1181614 
1148489 
1048698 
961042 
1054791 
1170105 
1115208 
852657 
1004948 
852969 
855052 
852292 
865885 
848959 
829375 
1140520 
826615 
837916 
822500 
825573 
822760 
870833 
1027344 
907552 
898021 
890938 
900886 
890989 
903803 
1616250 
1191615 
771042 
820469 
827864 
826614 
848333 
830261 
824323 
1065521 
874895 
841041 
835989 
834531 
838541 
853646 
838073 
827344 
1338490 
835104 
833281 
838802 
863229 
860781 
1136355 
827552 
911875 
863021 
888385 
848593 
861719 
858438 
887812 
839791 
862292 
900834 
876771 
866458 
849636 
1015573 
970781 
959740 
984375 
950156 
936510 
873177 
911562 
840468 
841355 
821823 
822813 
822917 
828646 
1132187 
819375 
828906 
841145 
831198 
835261 
827969 
844791 
825052 
768541 
979219 
834375 
843020 
878021 
843698 
866302 
849323 
829896 
852083 
888542 
835729 
840938 
828698 
832083 
827604 
829063 
839948 
828437 
847188 
866406 
830937 
833385 
831823 
811458 
808437 
833385 
867448 
857500 
907239 
1789583 
808333 
832344 
833593 
833073 
855417 
882396 
842343 
865157 
818282 
823177 
831302 
849323 
814635 
865834 
831145 
874740 
877968 
833333 
817656 
845469 
856354 
915365 
895052 
761771 
881719 
860312 
819531 
838229 
815469 
837760 
837032 
856146 
840989 
841562 
854063 
833645 
848125 
852500 
805990 
826406 
836146 
892553 
895625 
852187 
861198 
869948 
867396 
843750 
823021 
822865 
827239 
827812 
955208 
839844 
822188 
863281 
837969 
861562 
853125 
825521 
827031 
924531 
849167 
833542 
835833 
835260 
850052 
854688 
880990 
902552 
915729 
851146 
824531 
851093 
835990 
816927 
835521 
827864 
884635 
1223334 
838437 
819375 
837187 
836458 
828490 
873802 
855469 
850729 
821406 
1005833 
851042 
844583 
848125 
870989 
809063 
815885 
834011 
847813 
935312 
839480 
811198 
836042 
837552 
841250 
810938 
829584 
887656 
1024219 
819167 
888646 
795834 
839375 
899532 
878281 
913021 
1893646 
829115 
841927 
852239 
848386 
811354 
821928 
845104 
857657 
904792 
824532 
823542 
835468 
859271 
836198 
797760 
848230 
820729 
885729 
856823 
874062 
863073 
835886 
828125 
865729 
830104 
829948 
873386 
837709 
877813 
828750 
831458 
841666 
843021 
874219 
855000 
817864 
869270 
839896 
839896 
827448 
883854 
889219 
881250 
875468 
897709 
830834 
849219 
852813 
835833 
834219 
871042 
805625 
827396 
824480 
903282 
847292 
825573 
822657 
835625 
863334 
882657 
810157 
825208 
834011 
1068594 
884948 
812083 
876042 
832552 
858958 
847083 
845156 
856666 
1039688 
870625 
820938 
843489 
919792 
876666 
834896 
842500 
826042 
878177 
921250 
848021 
823438 
884531 
787187 
842239 
848958 
830521 
906719 
849375 
847344 
843125 
816875 
836146 
831875 
855312 
853907 
824531 
855365 
832031 
857604 
838437 
849636 
836927 
825834 
849531 
904948 
851927 
874583 
973854 
1568645 
814167 
826146 
827760 
898802 
999115 
842604 
864532 
782084 
836719 
863229 
839636 
842188 
977969 
886302 
820365 
827292 
870781 
838698 
843333 
853855 
884531 
1602448 
824479 
840937 
812917 
833333 
825052 
815000 
836458 
881459 
898645 
852344 
837135 
824375 
871823 
1309739 
765938 
857552 
855833 
877188 
833177 
895208 
856979 
839428 
830625 
850208 
856719 
839948 
863645 
904739 
802656 
832240 
865886 
839271 
803594 
825625 
832448 
866927 
864531 
828125 
837448 
810625 
874844 
853750 
806198 
887917 
857344 
882812 
947291 
871406 
828177 
820833 
857396 
877396 
832500 
828906 
878177 
928490 
808229 
902031 
785260 
826614 
843750 
935417 
901459 
854011 
838177 
824948 
851303 
814479 
1033906 
904114 
859791 
831510 
832605 
908802 
861510 
829167 
828125 
825156 
838594 
905365 
806458 
864375 
864427 
841979 
837760 
813750 
831562 
851094 
859063 
854740 
916719 
866459 
813021 
817239 
841042 
924532 
814843 
813646 
831563 
1077396 
858021 
813542 
828073 
806823 
851355 
770052 
857187 
818594 
832865 
846406 
840104 
872813 
800469 
852552 
843854 
884218 
844947 
819479 
848958 
849636 
824583 
860365 
813542 
831406 
821250 
877188 
876146 
786719 
847812 
845156 
818802 
895104 
847708 
835052 
835573 
851615 
944948 
844531 
814792 
854480 
845834 
870052 
852396 
877916 
827188 
867709 
816510 
852604 
836979 
833594 
839688 
838542 
885781 
869636 
817292 
867500 
881771 
822500 
1135365 
863386 
976667 
990416 
829167 
872500 
845781 
921615 
813334 
872708 
809740 
821459 
880938 
853437 
845416 
1065209 
785209 
851510 
889531 
870261 
816355 
860365 
934219 
933959 
950052 
887239 
970208 
868333 
849166 
855729 
856510 
891458 
884375 
966928 
890573 
912396 
805678 
932395 
891771 
810989 
903542 
1459896 
887448 
931458 
963021 
915312 
927500 
929114 
861094 
858803 
1030261 
885105 
865364 
846250 
824791 
826615 
838177 
933750 
900156 
893282 
882813 
885156 
845052 
849583 
809583 
943229 
915156 
931302 
964531 
878958 
916771 
898698 
893073 
937239 
832552 
952396 
895781 
922240 
970937 
908542 
892761 
898125 
831980 
863854 
879688 
879791 
875625 
835625 
883907 
959479 
910312 
1067031 
997083 
1007500 
830781 
944688 
899115 
930677 
928178 
960209 
972031 
1385104 
1064322 
1038021 
1080469 
1110989 
989010 
913802 
953750 
928177 
932135 
904531 
856771 
860469 
855989 
903385 
961145 
888698 
848594 
859427 
878334 
860833 
857552 
854792 
860000 
936041 
875573 
853646 
856979 
931042 
916354 
939114 
928229 
874792 
855729 
852292 
856667 
892344 
863072 
853489 
851407 
860729 
860157 
858021 
855521 
855989 
894740 
856615 
855521 
856302 
866823 
928281 
943645 
910104 
898750 
923385 
948698 
917656 
849010 
937239 
861458 
867917 
857344 
863333 
832344 
817135 
838802 
836041 
845312 
822032 
828073 
842448 
825468 
909636 
964688 
935625 
932552 
986666 
887708 
860052 
851198 
858281 
862240 
852135 
856198 
881771 
896875 
856198 
866719 
811875 
831250 
831927 
837656 
837135 
913542 
935000 
870729 
886980 
948906 
946562 
868334 
861198 
861250 
876094 
896666 
854583 
860208 
854635 
859844 
862708 
854531 
856041 
981094 
899010 
861146 
862032 
864948 
860625 
861354 
933177 
944740 
957031 
878698 
869167 
865469 
858907 
916355 
1303438 
872917 
961355 
916458 
854010 
862916 
864063 
855625 
865104 
860104 
856510 
854114 
903386 
864636 
924479 
944687 
941198 
821094 
813021 
885625 
808698 
916302 
816407 
832448 
837240 
834896 
833854 
870677 
838230 
1022344 
926979 
862812 
859740 
862344 
865157 
885104 
918125 
977864 
948906 
916250 
881614 
858021 
865729 
887083 
862708 
868385 
969688 
861458 
862657 
863229 
857812 
856771 
919739 
871667 
897031 
899948 
852292 
865260 
933490 
936875 
905469 
926094 
961406 
942083 
926406 
873646 
861093 
864063 
862188 
850156 
865208 
859323 
865469 
944688 
806875 
852605 
861979 
861146 
863230 
888072 
922291 
963021 
997709 
926719 
916198 
860365 
860886 
924219 
858541 
879323 
949062 
861354 
856719 
860156 
858438 
857604 
861771 
855782 
918489 
882187 
846927 
896719 
930833 
918437 
927448 
910520 
862656 
1113594 
867031 
856771 
865989 
857761 
853906 
857916 
863281 
882240 
902709 
858959 
872604 
858281 
865156 
869635 
912552 
861458 
946562 
938646 
946719 
932083 
873386 
857864 
872396 
874115 
857760 
946875 
917396 
896354 
852812 
860312 
859687 
866094 
866667 
857395 
866615 
862291 
858333 
880781 
943021 
905833 
964114 
863646 
867239 
801719 
863542 
902605 
817656 
813594 
828229 
879271 
867135 
856093 
857084 
859635 
882968 
858438 
860209 
852656 
870104 
875521 
891458 
868646 
857657 
900416 
857500 
857812 
856719 
856666 
855000 
853281 
855625 
852292 
879479 
882448 
851406 
854375 
852969 
864375 
1273177 
852187 
851458 
882188 
873125 
862865 
864687 
866927 
852760 
858489 
860990 
860521 
856615 
860417 
860677 
870625 
865521 
876823 
853125 
855208 
858854 
861771 
864271 
855729 
857448 
852083 
855468 
864427 
857500 
869166 
882760 
863281 
924739 
1057344 
998489 
1072031 
904687 
943542 
1012396 
983542 
966041 
919219 
1021823 
866198 
944896 
953282 
1050208 
1008125 
954791 
932708 
1004323 
968073 
919323 
903282 
1022344 
941354 
1053854 
1037135 
1060313 
997968 
1022292 
990000 
995417 
1078959 
970104 
942500 
1020886 
994375 
983542 
1027291 
946354 
943854 
964532 
950000 
971927 
960937 
939844 
959166 
985208 
968073 
959532 
960209 
1039375 
1041667 
923125 
1001198 
978958 
975208 
988334 
994115 
1124635 
1172239 
1088750 
1047604 
1085260 
10782240 
924375 
915937 
918594 
962656 
927605 
951875 
997604 
1030209 
984271 
954896 
951250 
932188 
908020 
920677 
901823 
923125 
1016823 
1075937 
944687 
1070677 
1128177 
1065521 
1057187 
1060989 
963698 
890104 
881094 
893333 
904375 
887552 
878750 
933385 
902500 
856354 
862656 
851510 
866615 
865104 
852969 
855625 
896145 
879583 
856719 
858229 
866198 
863437 
853333 
854375 
855052 
890104 
820208 
837292 
834479 
830781 
830677 
834010 
835260 
827031 
829480 
834479 
840573 
822968 
1123021 
960782 
850573 
849896 
862031 
829687 
862552 
856980 
851302 
848542 
908906 
877969 
884115 
868073 
889688 
886770 
869740 
878541 
890677 
882865 
865937 
875208 
878073 
862865 
883125 
876042 
881615 
884375 
1383698 
879844 
869896 
873021 
882187 
882865 
868906 
870052 
911823 
871771 
880625 
878489 
873959 
885156 
880469 
888750 
869271 
929427 
886980 
892812 
874271 
863855 
878437 
895573 
891458 
847500 
879740 
868281 
865573 
872031 
977604 
890312 
888750 
927761 
936718 
1079636 
921302 
892552 
876771 
911719 
930052 
915729 
894688 
909791 
965989 
959740 
955052 
969271 
933385 
944062 
932136 
994427 
1034792 
982969 
918646 
950364 
913959 
899323 
906927 
981302 
925417 
893802 
932813 
883854 
934427 
892552 
898593 
899427 
958334 
876510 
880365 
897916 
1019844 
965989 
1162761 
1004844 
971563 
992396 
981406 
984011 
943854 
964063 
963854 
1049844 
939896 
929270 
930573 
932969 
1110521 
989010 
993020 
2475990 
933489 
902135 
967813 
921041 
914166 
907396 
969739 
1303334 
903229 
1070625 
1071615 
1065365 
1096979 
975833 
959219 
949792 
950469 
951250 
953593 
941302 
946250 
843594 
953437 
942968 
949636 
941718 
1028906 
995209 
1024427 
979844 
1006250 
1115000 
815625 
958490 
944166 
943594 
942083 
955990 
958593 
920000 
934323 
918541 
1123490 
921667 
983646 
1089844 
1074375 
1060781 
1181146 
944271 
859531 
843646 
878750 
866771 
861770 
848698 
902500 
1105104 
1013333 
921667 
881355 
908073 
858073 
860677 
855781 
852396 
871979 
855052 
864011 
855937 
908906 
853594 
863646 
866823 
862500 
863282 
864479 
855313 
854531 
884636 
862396 
854532 
857135 
867708 
869740 
867188 
1078282 
1021614 
878855 
879791 
876041 
880938 
921615 
872292 
1350781 
894896 
891459 
823594 
887083 
878750 
877656 
882135 
872656 
887187 
884688 
898750 
867604 
875573 
867656 
938229 
884218 
872865 
884844 
891875 
930104 
869844 
865938 
857760 
878386 
873125 
859687 
864011 
868229 
861458 
857239 
857552 
864010 
875729 
860312 
851094 
856927 
856198 
859687 
858229 
861145 
855052 
927448 
898177 
875834 
900782 
866510 
871354 
864219 
865833 
848750 
888385 
870208 
858282 
869010 
862292 
859062 
861928 
856614 
860990 
906354 
863542 
848073 
862135 
857396 
856771 
855573 
854479 
864583 
900729 
849480 
859896 
856614 
849687 
854479 
856615 
853958 
854375 
872083 
854011 
859532 
852136 
855156 
859740 
850937 
850000 
859635 
976771 
913177 
926407 
971771 
859531 
863125 
852813 
867657 
860730 
874427 
854688 
852031 
865677 
854271 
862968 
856510 
857083 
862291 
872813 
1027605 
863541 
881302 
866562 
853906 
850730 
865104 
864844 
859948 
869167 
870260 
862709 
857448 
859844 
859010 
868177 
867604 
855469 
858750 
860104 
850625 
853489 
950417 
947552 
873073 
862709 
862969 
861458 
855990 
849323 
861406 
869740 
873646 
863646 
863125 
856719 
869844 
861615 
863907 
852969 
858021 
860937 
856198 
857552 
863802 
856927 
864427 
850260 
861354 
856458 
860781 
864062 
863490 
881719 
822708 
839896 
883021 
865573 
862917 
854271 
867760 
871771 
884948 
859583 
844792 
857135 
855468 
