7198305 
7169763 
7209035 
7256120 
7330028 
7247057 
7091375 
7210806 
7158356 
7137105 
7195597 
7163148 
7337164 
7294507 
7321279 
7107001 
7229140 
7281693 
7301642 
7257526 
7321747 
7264349 
7295080 
7238254 
7159502 
6011705 
5950088 
5940713 
6042955 
5868992 
5922066 
6000714 
5943838 
6023268 
6132646 
6040455 
5983370 
5930608 
5947744 
6037643 
6019153 
6131865 
6065352 
6082384 
6059883 
5907274 
5951599 
6005038 
6096134 
5943473 
6007330 
6066550 
6093322 
6030403 
6117072 
6033163 
6029309 
5956494 
5971391 
5939931 
6225722 
5975454 
5978006 
5947848 
5966182 
5248138 
5304598 
5234387 
5243190 
5216679 
5207720 
5361684 
5236367 
5266472 
5305588 
5261524 
5278139 
5433144 
5189022 
5281681 
5291473 
5209491 
5209075 
5217356 
5230846 
5291369 
5231471 
5260847 
5328401 
5285170 
5189699 
5209751 
5200741 
5260378 
5260170 
5235899 
5332360 
5222773 
5311734 
5275795 
5292359 
5205532 
5276368 
5220012 
5192876 
5259753 
5178292 
5325381 
5288816 
5195376 
5289286 
5274337 
4815364 
4723382 
4692860 
4655098 
5431790 
4781199 
4701985 
4696827 
4817978 
4656930 
4739954 
4821050 
4722401 
4861208 
4721255 
4711516 
4758183 
4760475 
4737506 
4686671 
4747923 
4817144 
4726724 
4755110 
4700057 
4641409 
4703130 
4648805 
4680525 
4661253 
4678285 
4670056 
4731568 
4680889 
4674274 
4714172 
4688754 
4677244 
4772663 
4745579 
4657555 
4654899 
4723860 
4705733 
4772455 
4225092 
4368327 
4327856 
4333742 
4272438 
4317908 
4154048 
4147433 
4326138 
4344940 
4363222 
4330773 
4373223 
4298689 
4313064 
4323533 
4340670 
4302907 
4310147 
4294366 
4281136 
4307595 
4363430 
4360305 
4342961 
4311606 
4318741 
4328637 
4324574 
4350825 
4346659 
5065694 
4314887 
4385931 
4315355 
4287855 
4338430 
4316241 
4325773 
4327961 
4327752 
4161183 
3965343 
3985292 
3953312 
3973052 
3948625 
3982375 
3958729 
3975032 
3995709 
3977844 
3866694 
3934926 
3939145 
3989667 
3936176 
3973626 
3974406 
3973313 
3964719 
3947166 
3956854 
3976802 
3954406 
3854975 
3959667 
3948937 
3936437 
3981073 
3946385 
3955761 
3964042 
4078941 
4043992 
4056493 
4064826 
3914196 
3977949 
3949406 
4010242 
3962010 
3983782 
3985448 
3970396 
3994303 
3995501 
3992949 
3939145 
3835392 
3915081 
4006439 
3963052 
4082432 
3919300 
3990397 
3934405 
3994929 
4282959 
4334054 
4025815 
3962219 
3915290 
3965501 
3905342 
3901540 
3952635 
3919561 
4102067 
4258688 
4394785 
4075973 
4069775 
4062847 
4168424 
4029148 
3981334 
4075921 
3994668 
4023628 
3967323 
3971438 
3964198 
3970865 
3916020 
3999304 
3940708 
3960500 
3929406 
3983886 
3949510 
3983261 
3953052 
4003470 
3954979 
3989199 
3954302 
3969927 
3956698 
3957271 
3953260 
3955656 
3968261 
4023992 
3947479 
4038523 
3989980 
4060764 
3974146 
4013679 
3953260 
3963729 
3949353 
3976750 
3955292 
4008783 
3955500 
4014356 
3955499 
3978782 
3925760 
3975135 
3986334 
3986490 
3988522 
4010553 
3976073 
3996647 
3965240 
3978782 
3988209 
3978781 
3984719 
4006231 
4051701 
4059357 
4075452 
3960552 
3889247 
4002116 
3850808 
3984512 
3972167 
3936958 
3978313 
4018419 
3995449 
4002637 
3969927 
3989771 
3976698 
3962740 
3974302 
3978626 
4012637 
3993418 
3993157 
3997689 
3969667 
3966596 
3996760 
3978945 
3979727 
3980300 
3994518 
3952955 
3978268 
3976445 
3954621 
3997072 
3826960 
3982644 
3926964 
3772011 
3826544 
3798002 
3757479 
3790397 
3717217 
3754615 
3735812 
3851701 
3632474 
3777011 
3802169 
3813731 
3872953 
3825814 
3669976 
3745031 
3729040 
3735916 
3763834 
3730395 
3763416 
3743312 
3705446 
3768209 
3734874 
3747114 
3734614 
3708154 
3734614 
3775917 
3781438 
3757218 
3694924 
3733207 
3817950 
3699196 
3759667 
4206871 
4061865 
3936913 
3702425 
3816127 
3771958 
3760032 
3788574 
3777375 
3730707 
3822481 
3853108 
3807117 
3777219 
3780970 
3748468 
3797168 
3721280 
3785606 
3758261 
3791960 
3692581 
3761021 
3737896 
3785970 
3750604 
3755083 
3656225 
3727999 
3758469 
3865712 
3809668 
3787063 
3742010 
3765188 
3737062 
3755708 
3702738 
3736645 
3726124 
3745499 
3769668 
3756750 
3761281 
3757427 
3750864 
3743624 
3882692 
3805918 
3708831 
3709456 
3719561 
3724249 
3825085 
3668674 
3808627 
3831440 
3689508 
3707530 
3737530 
3769823 
3708727 
3734301 
3752219 
3714301 
3720238 
3749145 
3715342 
3803210 
3748885 
3804929 
3769615 
3659871 
4371876 
3544294 
3458511 
3495230 
3505335 
3566170 
3453406 
3522418 
3568931 
3516481 
3474396 
3629246 
3585858 
3608619 
3419134 
3459604 
3549399 
3498667 
3501532 
3382101 
3451270 
3451843 
3502730 
3588827 
3443197 
3465177 
3491115 
3471688 
3551743 
3581744 
3419030 
3566379 
3479553 
3509657 
3594453 
3500804 
3427051 
3535180 
3458510 
3507574 
3639714 
3588254 
3618672 
3609557 
3437468 
3456426 
3514554 
3530752 
3471479 
3492886 
3535648 
3522158 
3507991 
3502001 
3520596 
3480125 
3472729 
3521377 
3542576 
3609296 
3494501 
3496324 
3540597 
3484344 
3540336 
3492053 
3432936 
3627057 
3433718 
3386215 
3422311 
3428249 
3387414 
3397466 
3303036 
3371632 
3286681 
3316525 
3295275 
3366788 
3323974 
3343246 
3300691 
3309859 
3275326 
3367726 
3297723 
3339651 
3372829 
3363871 
3295327 
3485490 
3661173 
3750604 
3792168 
3499814 
3466687 
3427050 
3460177 
3453510 
3447885 
3512679 
3665289 
3807220 
3694820 
3777011 
3758365 
3607526 
3562733 
3576431 
3541951 
3630964 
3548304 
3569347 
3550857 
3814981 
3638881 
3648517 
3603307 
3736281 
3625183 
3677424 
3596848 
3662476 
3613984 
3646798 
3653361 
3681487 
3578567 
3763209 
3744302 
3775709 
3744719 
3460489 
3373664 
3385799 
3304963 
3322932 
3342360 
3329547 
3296629 
3368038 
3291316 
3325536 
3312047 
3346163 
3343402 
3308713 
3304338 
3307307 
3307465 
3366587 
3308720 
3335907 
3305646 
3329084 
3331793 
3438463 
3274291 
3351742 
3399451 
3304031 
3299812 
3335543 
3364242 
3349554 
3303407 
3379972 
3299605 
3324396 
3446693 
3311584 
3298511 
3485549 
3390753 
3413306 
3242935 
3300020 
3330439 
3313459 
3345127 
3298042 
3290802 
3324814 
3338824 
3346533 
3354137 
3378773 
3364971 
3364606 
3407785 
3473204 
3460391 
3386222 
3294031 
3321272 
3333251 
3365231 
3390233 
3351169 
3335075 
3361689 
3309604 
3345230 
3309865 
3311584 
3273249 
3348564 
3464350 
3358617 
3561333 
3394139 
3386743 
3345491 
3237363 
3359658 
3299344 
3300646 
3301270 
3303718 
3329449 
3317834 
3289500 
3257259 
3305385 
3418046 
3362002 
3378722 
3453829 
3495810 
3358564 
3278822 
3245227 
3326948 
3284447 
3330334 
3363669 
3336689 
3326688 
3357679 
3346012 
3338252 
3388774 
3318303 
3294240 
3357315 
3388045 
3369347 
3304864 
3352262 
3477631 
3376013 
3382628 
3331793 
3424505 
3418776 
3385076 
3454558 
3588938 
3493882 
3307573 
3394191 
3463673 
3347939 
3242154 
3342627 
3299917 
3306480 
3321115 
3578677 
3710088 
3461277 
3376066 
3338720 
3372159 
3371430 
3273353 
3279082 
3312990 
3355752 
3296166 
3354450 
3451277 
3323460 
3359086 
3334710 
3329657 
3250332 
3314292 
3304083 
3270696 
3315282 
4180471 
3441692 
3319032 
3357471 
3384242 
3365961 
3362210 
3339762 
3301375 
3296062 
3271686 
3317991 
3321063 
3322105 
3274447 
3329501 
3325751 
3493726 
3326167 
3358981 
3347574 
3343043 
3286739 
3320751 
3314344 
3290489 
3295177 
3430130 
3446797 
3410442 
3383462 
3313772 
3349970 
3453829 
3374867 
3308302 
3296843 
3346429 
3254863 
3350179 
3275124 
3344866 
3326272 
3283874 
3286739 
3309605 
3298615 
3320751 
3199028 
3343200 
3312104 
3356273 
3355492 
3442735 
3376482 
3417421 
3301167 
3248040 
3354919 
3319396 
3304135 
3343929 
3322157 
3324293 
3300386 
3363565 
3260488 
3312469 
3446798 
3382629 
3321845 
3450339 
3435026 
3298875 
3307521 
3365023 
3332886 
3311219 
3283197 
3323251 
3272416 
3448881 
3364711 
3337366 
3428671 
3456016 
3410129 
3430963 
3262831 
3352210 
3285749 
3281687 
3323771 
3332418 
3361429 
3362992 
3316896 
3293145 
3277885 
3355127 
3334032 
3309760 
3330491 
3323928 
3264602 
3342991 
3357366 
3362107 
3299187 
3345699 
3327314 
3375909 
3427213 
3359762 
3329710 
3562583 
3413984 
3269342 
3296114 
3291791 
3261686 
3403618 
3273144 
3321115 
3385701 
3322469 
3284031 
3421328 
3420910 
3398983 
3322730 
3373096 
3268145 
3306532 
3346689 
3315282 
3332678 
3312885 
3307677 
3287208 
3266165 
3290906 
3295541 
3374555 
3343981 
3322053 
3413358 
3340856 
3483882 
3427057 
3390805 
3401014 
3347939 
3320230 
3389399 
3301948 
3461017 
3708426 
3377375 
3406854 
3290599 
3334142 
3301016 
3350081 
3289350 
3356592 
3275807 
3376436 
3373988 
3382061 
3333466 
3356435 
3313777 
3333309 
3452533 
3374353 
3331642 
3388780 
3332580 
3334403 
3352268 
3322476 
3305860 
3415552 
3329559 
3310340 
3444564 
3419562 
3326173 
3379457 
3348258 
3341278 
3293308 
3342581 
3275547 
3348466 
3311173 
3343050 
3315392 
3371800 
3275755 
3300078 
3319454 
3340341 
3263724 
3388259 
3341643 
3379092 
3488055 
3497222 
3397010 
3359352 
3277630 
3307891 
3390916 
3332633 
3387426 
3365134 
3305704 
3376071 
3300340 
3463784 
3547796 
3323986 
3424875 
3403885 
3329716 
3354508 
3326798 
3340861 
3390708 
3347789 
3283307 
3301954 
3318465 
3313205 
3434198 
3448105 
3301641 
3317111 
3463522 
3414458 
3372894 
3384405 
3321955 
3321903 
3261223 
3330601 
3306538 
3276067 
3372217 
3352998 
3289974 
3313100 
3276693 
3319194 
3308517 
3301016 
3310340 
3441908 
3346331 
3370394 
3386020 
3262161 
3308830 
3374249 
3296693 
3485555 
3324038 
3322475 
3310288 
3362425 
3288308 
3339038 
3440449 
3372112 
3296381 
3425449 
3397583 
3460659 
3293152 
3312007 
3281276 
3344924 
3368727 
3339038 
3333049 
3307892 
3337008 
3367477 
3286693 
3426855 
3317945 
4157248 
3615508 
3374352 
3384666 
3366123 
3316069 
3325080 
3300079 
3348727 
3401281 
3444459 
3359248 
3342268 
3270547 
3289506 
3346695 
3336956 
3380186 
3316225 
3301277 
3383572 
3352321 
3319090 
3392374 
3422427 
3342529 
3389822 
3307267 
3334194 
3319194 
3326121 
3323569 
3380967 
3274141 
3398729 
3323673 
3331434 
3406281 
3278359 
3303152 
3361331 
3316850 
3949532 
3795463 
3515295 
3598164 
3642540 
3605664 
3723585 
3665979 
3648530 
3622487 
3768014 
3608580 
3730669 
3696865 
3591965 
3627956 
3620716 
3573631 
3643790 
3585507 
3624050 
3595299 
3695668 
3662072 
3636394 
3612695 
3531963 
3542328 
3532483 
3507170 
3445032 
3448418 
3508004 
3416334 
3507066 
3426177 
3572693 
3425917 
3391645 
3447637 
3433261 
3727179 
3642697 
3609206 
3656082 
3618997 
3639051 
3618061 
3632175 
3643322 
3732648 
3621081 
3623269 
3619519 
3614467 
3626602 
3654833 
3585924 
3781556 
3810620 
3768066 
3790150 
3744784 
3578111 
3643113 
3650040 
3726919 
3623061 
3642331 
3611966 
3646811 
3637592 
3653583 
3718012 
3753586 
3652957 
3617592 
3678323 
3623425 
3701657 
3732908 
3813015 
3641447 
3736711 
3767545 
3671135 
3632905 
3661291 
3658218 
3623425 
3648947 
3665770 
3681292 
3683740 
3643738 
3593007 
3632123 
3618373 
3657385 
3674677 
3670718 
3618737 
3718376 
3751086 
3644988 
3493315 
3433886 
3435865 
3469773 
3498368 
3478523 
3423998 
3378734 
3411599 
3418371 
3409152 
3457800 
3412954 
3452487 
3451185 
3479571 
3564262 
3697340 
3599055 
3668276 
3621244 
3664578 
3613326 
3653589 
3608848 
3673277 
3592909 
3673746 
3615045 
3630672 
3636400 
3656714 
3602441 
3675830 
3688746 
3454362 
3424361 
3430142 
3432069 
3460456 
3423996 
3433163 
3406704 
3417694 
3415141 
3437799 
3478061 
3642078 
3655620 
3634838 
3662964 
3672548 
3593326 
3630723 
3612858 
3666349 
3626244 
3672757 
3659840 
3714008 
3583586 
3707446 
4120327 
3537438 
3306230 
3335242 
3366233 
3358942 
3255135 
3405141 
3400609 
3331856 
3305346 
3562648 
3357431 
3376337 
3435767 
3417017 
3450559 
3250968 
3312845 
3316595 
3290501 
3327533 
3364983 
3309356 
3321492 
3316856 
3336805 
3432069 
3367691 
3351598 
3396130 
3427173 
3364879 
3343472 
3365243 
3421965 
3387380 
3311700 
3291335 
3358212 
3304981 
3307324 
3276594 
3367536 
3301700 
3361910 
3292689 
3327846 
3287271 
3437174 
3345555 
3338315 
3336024 
3319877 
3285449 
3344566 
3311388 
3300553 
3296647 
3340868 
3266020 
3349826 
3440663 
3386703 
3301439 
3480613 
3390765 
3496551 
3489415 
3254406 
3306491 
3313158 
3300241 
3342066 
3283001 
3314513 
3283105 
3324408 
3298053 
3362118 
3271542 
3301282 
3315397 
3337274 
4141734 
3364202 
3350347 
3462018 
3346389 
3400766 
3310450 
3347065 
3300346 
3416964 
3349722 
3323002 
3382119 
3402537 
3246541 
3279719 
3293730 
3336336 
3316231 
3316179 
3386702 
3347378 
3343993 
3506343 
3431131 
3300241 
3358316 
3359827 
3289303 
3320606 
3371025 
3363629 
3307116 
3320658 
3383213 
3330815 
3328367 
3315971 
3282271 
3331648 
3402224 
3411964 
3349253 
3356441 
3383786 
3412485 
3412121 
3455612 
3244249 
3317168 
3281074 
3326544 
3327325 
3314408 
3320034 
3359149 
3335346 
3300397 
3359619 
3355503 
3307637 
3306022 
3278365 
3297689 
3302376 
3286802 
3241853 
3311595 
3293938 
3323523 
3327429 
3445351 
3347847 
3309512 
3392953 
3278781 
3353889 
3267896 
3329512 
3370348 
3384828 
3243416 
3394828 
3484050 
3368004 
3393839 
3256385 
3317064 
3346492 
3316805 
3293522 
3332794 
3289563 
3417173 
3363056 
3852660 
3481551 
3317272 
3283105 
3349826 
3283313 
3428475 
3473998 
3369411 
3307741 
3357327 
3323992 
3315189 
3541449 
3337430 
3313523 
3442694 
3278052 
3373942 
3345868 
3320294 
3307533 
3435767 
3359774 
3301855 
3491499 
3355348 
3290657 
3394255 
3410401 
3340034 
3288834 
3355920 
3302585 
3314616 
3287480 
3245811 
3357274 
3439309 
3304460 
3282115 
3323940 
3223727 
3581398 
3433007 
3406860 
3448267 
3327898 
3317116 
3321700 
3334357 
3303678 
3324825 
3220237 
3346753 
3285657 
3292116 
3315033 
3340816 
3331963 
3326968 
3474679 
3363685 
3348842 
3361968 
3290142 
3317591 
3301653 
3308476 
3432909 
3338477 
3343790 
3407334 
3400772 
3412700 
3389261 
3297329 
3333789 
3309830 
3214201 
3337123 
3324154 
3317018 
3370354 
3324258 
3288840 
3533433 
3398636 
3392907 
3324831 
3341238 
3301288 
3315924 
3359260 
3351395 
3335040 
3363739 
3285767 
3319518 
3317383 
3363582 
3315559 
3294048 
3308008 
3427960 
3414106 
3438847 
3568592 
3428638 
3357905 
3317122 
3323112 
3323581 
3295611 
3336082 
3370875 
3326602 
3282329 
3353531 
3388428 
3434107 
3299101 
3327383 
3234255 
3300612 
3353687 
3301080 
3351291 
3326914 
3342957 
3319310 
3420095 
3401553 
3292902 
3372697 
3335144 
3387021 
3390250 
3332331 
3300090 
3388480 
3400146 
3399001 
3257485 
3337123 
3331342 
3400043 
3264568 
3327019 
3333998 
3303059 
3287746 
3312383 
3321549 
3343998 
3264776 
3349728 
3364260 
3381709 
3290975 
3318737 
3281027 
3388271 
3300767 
3334467 
3437232 
3294986 
3439784 
3409574 
3304570 
3323789 
3314206 
3342383 
3375146 
3292278 
3450878 
3418585 
3318112 
3389678 
3822926 
3739172 
3375614 
3336654 
3364469 
3314154 
3338217 
3357229 
3313216 
3301861 
3333061 
3318268 
3315872 
3402491 
3415981 
3381552 
3354728 
3453431 
4160544 
3393740 
3348530 
3358374 
3316237 
3363010 
3432440 
3394209 
3341550 
3338425 
3314675 
3316289 
3295195 
3330561 
3214670 
3224775 
3429106 
3350458 
3340248 
3341863 
3305820 
3335352 
3386865 
3306029 
3315195 
3361655 
3302226 
3368478 
3308320 
3340769 
3460306 
3377385 
3317696 
3341811 
3337228 
3324466 
3237171 
3426763 
3368791 
3326081 
3490515 
3494318 
3344572 
3373635 
3292069 
3309049 
3271495 
3335457 
3313632 
3357332 
3250036 
3326185 
3277225 
3345874 
3409939 
3402647 
3310611 
3329623 
3398219 
3374260 
3308372 
3366552 
3295194 
3357854 
3284829 
3303424 
3337383 
3363739 
3449993 
3413376 
3398949 
3417856 
3253890 
3348478 
3306862 
3300299 
3315403 
3337696 
3348634 
3307591 
3296653 
3316289 
3344936 
3346811 
3317070 
3322174 
3312383 
3309883 
3323216 
3437335 
3327644 
3337383 
3404626 
3368062 
3327435 
3466347 
3445045 
3472441 
3422648 
3472338 
3285194 
3333477 
3314309 
3303320 
3278891 
3374417 
3266963 
3318321 
3372438 
3341863 
3331445 
3317174 
3337540 
3321549 
3304465 
3342019 
3318320 
3359156 
3284777 
3319831 
3459993 
3368062 
3297539 
3604010 
3406085 
3327644 
3293371 
3306133 
3271755 
3356915 
3300299 
3352072 
3357593 
3374677 
3484109 
3427909 
3399730 
3327435 
3279985 
3350718 
3376396 
3325040 
3298684 
3380719 
3314623 
3320508 
3344779 
3357697 
3328165 
3316497 
3284934 
3430825 
3349312 
3322748 
3415564 
3404939 
3392907 
3302434 
3264880 
3331394 
3284056 
3762147 
3559013 
3500313 
3419529 
3498178 
3461978 
3461301 
3464999 
3434373 
3400570 
3407445 
3309627 
3459322 
3296137 
3500886 
3473437 
3458333 
3432602 
3464165 
3486510 
3469947 
3553649 
3456405 
3349057 
3530732 
3512241 
3772513 
3464166 
3444009 
3441196 
3453436 
3382861 
3440988 
3405622 
3495469 
3441613 
3594432 
3501459 
3438280 
3396299 
3502292 
3506564 
3491042 
3405830 
3438800 
3449373 
3455832 
3438331 
3449998 
3442811 
3460155 
3568285 
3329941 
3287178 
3320774 
3285251 
3348483 
3192487 
3387548 
3347754 
3311190 
3288012 
3362859 
3287908 
3317545 
3329837 
3355307 
3299314 
3335358 
3333066 
3371662 
3320722 
3496511 
3424580 
3342286 
3293169 
3360724 
3273324 
3291866 
3330514 
3471457 
3339681 
3323795 
3337911 
3370776 
3259677 
3351035 
3301867 
3315774 
3274522 
3304888 
3290877 
3370828 
3316607 
3342597 
3373225 
3359578 
3304523 
3350046 
3316138 
3330045 
3302388 
3356609 
3307284 
3333222 
3285981 
3380672 
3300148 
3358380 
3299055 
3437811 
3323222 
3336712 
3322440 
3330462 
3284783 
3357754 
3720948 
3574328 
3390204 
4070496 
8113437 
4234149 
3823714 
3752877 
3947261 
4245086 
3517397 
4095705 
15875035 
4058933 
4769693 
12940737 
5074707 
7345694 
7823111 
3788920 
10891687 
3862413 
3770899 
3823869 
3729386 
3692926 
3583494 
3528074 
3519220 
3887414 
3694905 
3733709 
3973043 
3793243 
4370717 
4484888 
3897779 
4025441 
4432751 
7336059 
3956219 
15291050 
3536982 
3481354 
3444894 
3456092 
3408538 
3462812 
3436768 
3470572 
3439738 
3424997 
3373745 
3408017 
3432237 
3443905 
3458645 
3436821 
3405517 
3438280 
3404476 
3457604 
3419684 
3450102 
3370463 
4685054 
3954031 
3630631 
3500730 
3561775 
3506303 
3592557 
3532398 
3582140 
4997932 
4032421 
4183781 
3920020 
3677196 
3700426 
3500053 
3308638 
3328795 
3371609 
3251761 
3409111 
3411143 
3482916 
3337129 
3229937 
3333222 
3520470 
3404268 
3465676 
3782096 
3559066 
3571306 
3856788 
3464166 
3432185 
3659331 
3302856 
3285355 
3756575 
3664643 
3467083 
3357651 
3360671 
3615943 
3467864 
3293689 
3351713 
3595787 
3513022 
3621882 
3417341 
3351244 
3331556 
3368797 
3400986 
3496355 
3327389 
3420779 
3916270 
3554378 
3476823 
3344108 
3358588 
3382236 
3373745 
3347598 
3423018 
3346452 
3342755 
3424685 
3316815 
3298689 
3400882 
3451041 
3429112 
3440102 
3342493 
3304419 
3334368 
3342910 
3311919 
3383745 
3334889 
3313899 
3347340 
3349376 
3377499 
3305152 
3449953 
3341250 
3316144 
3418388 
3406721 
3330937 
3336197 
3322915 
3331874 
3300778 
3320103 
3314685 
3338384 
3446932 
4284210 
3829137 
3729028 
3706840 
3656941 
3839815 
3986644 
3369740 
3489849 
3371928 
3405002 
3625169 
3560478 
3374428 
3442556 
3276559 
3628503 
3820386 
3406304 
3422711 
3689703 
3301092 
3602199 
3513809 
3466620 
3482297 
3308591 
3325363 
3402398 
3316613 
3325051 
3362188 
3336561 
3318540 
3336302 
3440837 
3559072 
3295882 
3433337 
3253016 
3311196 
3277080 
4000967 
3613033 
3386616 
3323540 
3504590 
3379167 
3337551 
3580271 
3276975 
3325937 
3423389 
3386928 
3339374 
3450473 
3424066 
3406356 
3438181 
3282965 
3336614 
3338437 
3349948 
3326248 
3322342 
3659442 
3596469 
3422608 
3438337 
3385626 
3395992 
3379064 
3370470 
3436046 
3525841 
3378439 
3552040 
3503341 
3376928 
3541258 
3627930 
3682411 
3614544 
3436358 
3422555 
3294529 
3393075 
3450004 
4107900 
3418440 
3774187 
3317186 
3657357 
3788822 
3623241 
3644232 
3782624 
4075085 
4038157 
4002269 
3803302 
3844711 
3988258 
3845804 
3768300 
4033052 
3827157 
3735747 
3706579 
3668556 
3694859 
3736997 
3770540 
3717673 
3952840 
4285095 
5820740 
4505731 
4309889 
4336139 
5109874 
4567869 
4177382 
4242333 
3900806 
6132838 
3996540 
3978571 
19962283 
3968623 
3428753 
3405314 
3709183 
3656629 
3798198 
3690276 
3709912 
3680328 
3773665 
3660171 
4561775 
3743664 
3750487 
3720381 
3662097 
3644336 
3798250 
3661993 
3692307 
3660848 
3722153 
3674494 
3678348 
4046855 
7464723 
3883097 
3642149 
3407398 
3466360 
3622252 
4030917 
11635386 
4025604 
3782051 
3748976 
24267484 
3878982 
3733246 
3728611 
3685588 
3943309 
4087534 
3939142 
3710433 
3787363 
4132120 
4066596 
4333795 
6423736 
4489792 
4258219 
4751419 
4335619 
4074877 
9770299 
4322910 
4601673 
8354139 
5705162 
4208425 
4161287 
4198477 
4685375 
4252750 
3993675 
3706163 
3576364 
3632044 
3523758 
3450733 
3570896 
3500058 
3439223 
3834294 
3674129 
3465162 
3495111 
3487037 
3419951 
3363750 
3415524 
3434587 
3455369 
3395210 
3362397 
4162955 
3718923 
3604647 
3677879 
3940913 
10027237 
3539123 
3487298 
3378387 
3416982 
3385105 
3585323 
3556884 
3613293 
3525425 
3400887 
3384220 
3367032 
3397554 
3505529 
3371676 
3443029 
3505013 
3548661 
3551369 
3431051 
3408862 
3418758 
3339640 
3367194 
3580381 
3807840 
3824976 
4061133 
3931231 
3542514 
3510638 
3456781 
3337192 
3406362 
3385007 
3650280 
3629498 
3612935 
3304743 
3410425 
3282345 
3767629 
3674031 
3286356 
3250522 
3292294 
3286773 
3787683 
3514441 
3308858 
3430009 
3239167 
3299846 
3521367 
3220676 
3303597 
3255625 
3321358 
3346515 
3310628 
3194425 
3373704 
3311826 
3328025 
3305003 
3356620 
3292711 
3361100 
3369277 
3376830 
3351777 
3370683 
3298388 
3372038 
3310264 
3415268 
3295107 
3413394 
3354745 
3358548 
3320681 
3294951 
3352610 
3494596 
3291617 
3340526 
3277137 
3343755 
3294013 
3335681 
3368340 
3327869 
3280470 
3379642 
3334900 
3345057 
3304274 
3352505 
3337973 
3314274 
3357193 
3335785 
3299794 
3347974 
3376204 
3356725 
3371986 
3353026 
3367350 
3351724 
3379486 
3329223 
3442353 
3480480 
3482355 
3354641 
3319743 
3359225 
3260262 
3319587 
3320629 
3316930 
3292867 
3329118 
3377871 
3357818 
3304534 
3391153 
3331411 
3479387 
3377871 
3428707 
3225676 
3357402 
3336619 
3337140 
3266615 
3468657 
3338807 
3484439 
3349484 
3407039 
3530691 
3287554 
3302920 
3365214 
3337453 
3331514 
3277710 
3427561 
3396049 
3358652 
4134522 
4072072 
4239371 
4129365 
3545848 
3392247 
3322920 
3621477 
3350943 
3386205 
3407664 
3301514 
3461677 
3478657 
3409644 
3504544 
3304951 
3340057 
3322817 
3442979 
3974098 
3452771 
3298441 
3340161 
3297190 
3348546 
3433499 
3328650 
3233177 
3375163 
4072227 
3832633 
3446937 
3421259 
3343338 
3632258 
3772005 
3407456 
3436364 
3473813 
3362141 
3718408 
3604184 
3423238 
3396987 
3379955 
3550900 
3783359 
3554702 
3618508 
3398289 
3414488 
3320160 
3543035 
3339379 
3486783 
3363391 
3463344 
3483918 
3728930 
4580429 
3426259 
3330890 
3386726 
3694188 
3352193 
3295784 
3284533 
3328025 
3501940 
4148065 
3484751 
3414800 
3376569 
3427405 
4042591 
4093322 
3752629 
3688876 
3460636 
3642572 
4035299 
3695960 
3472927 
3426572 
3465011 
3520430 
4025298 
3520222 
3385372 
3443500 
3634082 
3581110 
3396466 
3353443 
3343234 
3251563 
3353755 
3427874 
3340839 
3362975 
3360162 
3329223 
3422300 
3306357 
3338130 
3462146 
3388132 
3342713 
3486157 
3552567 
3381309 
3318910 
3311514 
3371204 
3324796 
3338494 
3471730 
3380007 
3345578 
3387299 
3425634 
3451052 
3663146 
3685022 
3391413 
3409748 
3378548 
3338026 
3352922 
3335317 
3399799 
3368704 
3369121 
3337036 
3379277 
3378288 
3409122 
3286357 
3269636 
3336671 
3386310 
3681532 
3536056 
3588090 
7573750 
3282137 
3279950 
3290107 
3499857 
3545434 
3487415 
3468244 
3461684 
3361469 
3373241 
3358188 
3380846 
3340583 
3356886 
3322457 
3318551 
3300321 
3272924 
3382148 
3312457 
3359751 
3320374 
3318291 
3336833 
3332509 
3353292 
3299174 
3365584 
3305738 
3375637 
3452412 
3434025 
3351052 
3394127 
3351105 
3411003 
3322457 
3555177 
3408191 
3423764 
3370637 
3411004 
3280892 
3395326 
3340687 
3336313 
3311154 
3351157 
3407149 
3351990 
3361730 
3334906 
3324644 
3328812 
3296415 
3379543 
3350167 
3307873 
3345636 
3346001 
3303759 
3313238 
3314227 
3455172 
3368189 
3455798 
3330791 
3380898 
3468558 
3394857 
3315582 
3330270 
3368709 
3393138 
3336937 
3809722 
3458974 
3568199 
3424181 
3438922 
3720237 
3612316 
3381887 
3403555 
3364231 
3330322 
3766073 
3673099 
3352667 
3478142 
3348500 
3446734 
3874204 
3531478 
3353865 
3515800 
3258756 
3660599 
3794929 
3904778 
3441317 
3358970 
3558146 
3639244 
3462829 
3413712 
3296362 
3312457 
3395221 
3482204 
3376054 
3402513 
3778783 
4197866 
3450172 
3489132 
3476684 
3599971 
3422254 
3400950 
3433765 
3441994 
3544708 
3475226 
3361834 
3463610 
3498299 
3352615 
3594502 
3551375 
3587730 
3415066 
3350897 
3439963 
3351626 
3390378 
3445224 
3512414 
3325843 
3422671 
3328448 
3582314 
3574344 
4109788 
6592308 
3744041 
3270840 
3381210 
3574188 
3262663 
3262037 
3209535 
3201045 
3272090 
4163646 
3366574 
3224796 
3217869 
3179689 
3259017 
3770605 
3407774 
3249954 
3432514 
3473298 
3677632 
3967697 
3634400 
3671224 
3692476 
3374648 
3854515 
3430744 
3645181 
3450797 
3272663 
3477465 
3474184 
3534708 
3592991 
3648827 
3527884 
3553459 
3573199 
3482778 
3432932 
3384232 
3499966 
4412772 
3578459 
3298602 
3381783 
3309175 
3524916 
3576168 
3373189 
3364439 
3347719 
3279695 
3947593 
4180104 
3632838 
3302821 
3357043 
3396784 
5140256 
4050827 
3359438 
3306988 
3451369 
3386679 
3369127 
3394753 
3319280 
3679715 
4655232 
3341573 
3449859 
3345531 
3319906 
3408712 
3475381 
3417045 
3420326 
3372043 
3340791 
3361991 
3386887 
3308967 
3359386 
3327613 
3621223 
3874152 
3454079 
3348136 
3276414 
3279383 
3337666 
3386107 
3441630 
3339854 
3322926 
3456474 
3491007 
4088902 
4386625 
3614295 
3453089 
3481163 
3549395 
3579657 
3473975 
3790971 
3476163 
3887537 
3851286 
3780761 
3867849 
3808471 
3754615 
7630745 
4556425 
4067911 
8797261 
4502776 
13989395 
3979834 
3844098 
3800398 
3844254 
3819305 
3818159 
3814669 
3794460 
3760813 
3770344 
3839983 
3851911 
3828003 
3810606 
3961031 
4002595 
4478669 
4830351 
3723630 
3520597 
3548777 
3527161 
3503461 
3687950 
3640969 
3610550 
3566850 
3374861 
3283242 
3395539 
3355173 
3316264 
3288867 
3328974 
3511899 
3381944 
3304233 
3310952 
3428145 
3368506 
3457678 
4348348 
3975673 
4069376 
4104690 
4069793 
4034375 
4082137 
8350690 
3660240 
3824364 
3861917 
3532108 
4266209 
4182820 
12495070 
3690606 
3688784 
3530442 
3522212 
3461064 
3382726 
3588310 
3773267 
3698992 
3679304 
3706284 
3720035 
3788007 
3609926 
3406321 
3506691 
3414343 
3369704 
3374028 
3391477 
3676804 
4156881 
3922338 
3718837 
3396113 
3401477 
3384497 
3407779 
3458980 
3410696 
3377205 
3420541 
3387206 
3362464 
3380225 
3546224 
3410123 
3404862 
3337724 
3362726 
3412675 
3601800 
3444187 
3231052 
3279752 
3296993 
3263449 
3258553 
3215426 
3263397 
3313348 
3347099 
3256001 
3419134 
3404654 
3231260 
3265377 
3374497 
3326213 
3263137 
3291888 
3275012 
3228760 
3312514 
3348974 
3357829 
3431271 
3455073 
3418040 
3282461 
3307931 
3329754 
3288815 
3329547 
3324650 
3361996 
3252615 
3301212 
3332515 
3389237 
3419968 
3446324 
3318036 
3414759 
3379653 
3471585 
3385487 
3448771 
3285273 
3339911 
3305847 
3458199 
3659563 
3554975 
3314650 
3343401 
3320952 
3346526 
3423353 
3308711 
3344078 
3464293 
3355537 
3423302 
3456844 
3326890 
3361840 
3375799 
3331526 
3337724 
3312098 
3392518 
3371372 
3367986 
3321265 
3411061 
3388143 
3447834 
3408301 
3297878 
3321630 
3328140 
3278398 
3333973 
3324650 
3340380 
3294805 
3587216 
3574195 
3564454 
3886033 
3801133 
3468356 
3429916 
3328661 
3404290 
3320588 
3244021 
3414603 
3472835 
3295222 
3325119 
3369757 
3375955 
3301681 
3554923 
3294805 
3441011 
3404654 
3446010 
3395800 
3424343 
3365330 
3336474 
3336995 
3362725 
3328765 
3322983 
3347568 
3314441 
3274491 
3319442 
3298868 
3318920 
3320327 
3329443 
3334286 
3323453 
3386111 
3324598 
3320066 
3351162 
3318712 
3461845 
3358142 
3348922 
3394080 
4294596 
3383976 
3363559 
3585966 
3435177 
3410436 
3421010 
3342152 
3335588 
3335224 
3390643 
3677324 
3689096 
3667428 
3650760 
3670293 
3672064 
3662533 
3632166 
3643677 
3641281 
3662480 
3626071 
3778840 
3699513 
3734515 
3651542 
3615446 
3623207 
3671960 
3655293 
3663835 
3652792 
3690659 
3610238 
3602894 
3694773 
3586956 
3696648 
3637167 
3663470 
3707535 
3648574 
3704878 
3631229 
3642792 
3803998 
3376684 
3369652 
3302722 
3370018 
3440698 
3354183 
3429343 
3409134 
3479815 
3358142 
3448771 
3567423 
3583049 
3564402 
3497263 
3397050 
3368194 
3373872 
3415073 
3364712 
3270380 
3329135 
3303092 
3278611 
3300175 
3385492 
3360074 
3226525 
3381117 
3479091 
3193606 
3212149 
3218295 
3214702 
3182982 
3251683 
3235693 
3319394 
3442057 
3374294 
3311843 
3640662 
3935730 
3780044 
3725093 
3684570 
3664934 
3885779 
3847340 
3896613 
4042506 
3668684 
3375856 
3355178 
3333771 
3344865 
3319708 
3333822 
3399191 
3330697 
3327625 
3358876 
3453985 
3459350 
3420337 
3355126 
3310436 
3332833 
3464976 
3303196 
3349813 
3450704 
3456172 
3471642 
3356323 
3364762 
3325437 
3330229 
3316165 
3398461 
3296634 
3300643 
3428828 
3413827 
3315332 
3386899 
3304550 
3409608 
3348511 
3456641 
3323718 
3435391 
3356948 
3317051 
3305957 
3366950 
3323770 
3339604 
3296685 
3447005 
3357939 
3386951 
3371116 
3493831 
3397940 
3392055 
3377211 
3352782 
3289081 
3334656 
3303925 
3394294 
3298352 
3327937 
3334968 
3324551 
3304030 
3340333 
3273716 
3355387 
3282622 
3334917 
3319499 
3330176 
3327260 
3308196 
3281007 
3321113 
3368147 
3319135 
3390284 
3372991 
3376741 
3445339 
3351063 
3343094 
3300644 
3402889 
3348303 
3405441 
3290123 
3411535 
3395857 
3442943 
3247620 
3328458 
3328197 
3376012 
3288299 
3322989 
3364866 
3314603 
3305748 
3396534 
3342469 
3334500 
3299914 
3374763 
3356324 
3399763 
3302936 
3380648 
3370335 
3330229 
3418255 
3434140 
3300383 
3325072 
3301789 
3307051 
3316634 
3317624 
3331739 
3325437 
3323510 
3333562 
3407420 
3433099 
3296477 
3404816 
3416223 
3423567 
3322155 
3327364 
3307415 
3341844 
3307363 
3351792 
3349084 
3296841 
3304185 
3310019 
3363512 
3379502 
3304029 
3745875 
3824786 
4277154 
4514354 
3717332 
3850204 
3714625 
3675663 
3604358 
3629828 
3762179 
3538417 
3640974 
3606754 
3609045 
3556751 
3575502 
3543209 
3555137 
3510446 
3645819 
4134907 
3876820 
3567064 
3644255 
3778169 
3620505 
3815463 
3661705 
3599931 
3726812 
3634047 
3763845 
3613213 
3663892 
3536073 
3728739 
3641808 
3660975 
3697279 
3593472 
3756032 
3681810 
3458933 
3496019 
3299446 
3347365 
3366585 
3333614 
3384189 
3378669 
4201056 
3366741 
3401430 
3364553 
3371846 
3333979 
3385336 
3383096 
3341219 
3343250 
3321114 
3333771 
3396638 
3329343 
3306738 
3335176 
3356741 
3330125 
3427422 
3333562 
3355855 
3362522 
3383409 
3347469 
3312831 
3321010 
3318926 
3383513 
3396326 
3308977 
3368668 
3323509 
3356533 
3753064 
3695040 
3706446 
3681653 
3678528 
3723375 
3588576 
3383097 
3368721 
3486487 
3437630 
3387471 
3433255 
3268976 
3332000 
3316217 
3328926 
3304967 
3388669 
3316530 
3332051 
3286529 
3327364 
3309603 
3402056 
3312259 
3346167 
3306530 
3388149 
3263298 
3348721 
3463057 
3302158 
3321953 
3413416 
3459616 
3339193 
3368204 
3350131 
3322109 
3332369 
3278929 
3386279 
3342682 
3353308 
3294034 
3310441 
3394456 
3424302 
3393258 
3274658 
3330026 
3331640 
3361173 
3330807 
3366799 
3309608 
3373257 
3307421 
3416697 
3633324 
3454512 
3746037 
4069545 
3566861 
3614000 
3460032 
3418311 
3293982 
3288200 
3381539 
3319816 
3377788 
3349506 
3321431 
3334765 
3334297 
3353881 
3359350 
3351172 
3362788 
3315442 
3387737 
3338360 
3348152 
3363100 
3360131 
3336119 
3342838 
3346224 
3301222 
3341537 
3461595 
3314348 
3346798 
3526390 
3522796 
3416957 
3465137 
3388883 
3354402 
3347214 
3399352 
3414509 
3321536 
3300701 
3343620 
3297159 
3296013 
3342734 
3299503 
3315806 
3737704 
3443938 
3347996 
3383258 
3380185 
3305024 
3384820 
3391383 
3354766 
3336119 
3391852 
3434562 
3386904 
3323463 
3410811 
3388518 
3461491 
3434563 
3384924 
3327005 
3366486 
3319660 
3322734 
3351902 
3326744 
3335025 
3326432 
3293982 
3303670 
3274346 
3367372 
3336901 
3342266 
3306951 
3436542 
3331276 
3327525 
3430552 
3324817 
3328619 
3317004 
3261897 
3386747 
3289294 
3352058 
3307628 
3438573 
3273199 
3375757 
3352735 
3388049 
3363621 
3373569 
3310493 
3305493 
3437219 
3408415 
3355913 
3348152 
3390498 
3347214 
3308670 
3431854 
3361798 
3338099 
3549100 
3688535 
3502587 
3368517 
3360913 
3355913 
3334609 
3342682 
3490868 
4031105 
3797238 
3590196 
3741350 
3456855 
3241219 
3465970 
3339193 
3421176 
3825052 
3644990 
3339505 
3377372 
3343724 
3516025 
3574934 
3381279 
3341224 
3606499 
3302889 
3546965 
3804219 
3767446 
3562486 
4282109 
3636553 
3649470 
3340547 
3373153 
3353985 
3335755 
3402894 
3384299 
4044179 
3799322 
3439615 
3491597 
3621656 
3379716 
3338256 
3341849 
3289919 
3350443 
3435552 
3403728 
3430604 
3305805 
3313410 
3526546 
3418989 
3307733 
3834428 
3546079 
3419718 
3440501 
3328880 
3374091 
4105224 
3600353 
3627698 
3751716 
3647960 
3495972 
3553735 
3573789 
3669940 
3699837 
3299764 
3489773 
3855159 
3454408 
3652960 
3584623 
4109391 
3431177 
3319921 
3544516 
3529151 
3454199 
3618270 
3347734 
3402165 
3736819 
3514567 
3551964 
3418468 
3344088 
3439719 
3799739 
3411332 
3422010 
3604415 
3300337 
3416124 
3388779 
3408988 
3447167 
3314295 
3414353 
4040012 
3460189 
3307628 
3403519 
3318254 
3343828 
3432219 
3451022 
3321952 
3361850 
3324817 
3445813 
3530557 
3358829 
3347422 
3416749 
3319556 
3324609 
3429667 
3325859 
3333307 
3330859 
3508004 
3413311 
3266689 
3363726 
3390081 
3306431 
3263928 
3323410 
3437115 
3397789 
3263824 
3431801 
3404248 
3407480 
3307271 
3335447 
3367376 
3386337 
3292841 
3374043 
3344250 
3328885 
4107782 
3830787 
3532177 
3765680 
3664373 
3457746 
3281278 
3607025 
3327218 
3817870 
3388783 
3468945 
3412327 
3435349 
3473059 
4385715 
3410348 
3367845 
3506603 
3345084 
3723646 
3810787 
3306696 
3399514 
3477591 
3566607 
3880583 
4062728 
3653122 
4064915 
3679216 
3555147 
3503843 
3405973 
3361647 
3416338 
3559314 
3632600 
4295345 
3887093 
3535563 
3366127 
3810110 
3678019 
3714167 
3818444 
3850216 
3514885 
3764013 
3430609 
3369824 
3341386 
3319561 
3406129 
3344146 
3486602 
3326072 
3350501 
3298571 
3427692 
3302893 
3389097 
3336646 
3313415 
3246432 
3349511 
3275236 
3402014 
3333833 
3345292 
3340656 
3337322 
3288414 
3258048 
3225962 
3279976 
3207836 
3344510 
3371388 
3338937 
3334198 
3316071 
3318468 
3319770 
3326957 
3325395 
3305290 
3311228 
3292163 
3409149 
3297320 
3339771 
3314301 
3605359 
3323728 
3340917 
3331802 
3314561 
3302946 
3325135 
3444829 
3392274 
3299560 
3455090 
3380294 
3402014 
3390138 
3391909 
3390242 
3367533 
3331020 
3326593 
3365137 
3308311 
3365345 
3333624 
3327530 
3349302 
3378002 
3310030 
3327947 
3378107 
3348886 
3462225 
3291956 
3351802 
3380606 
3343000 
3238411 
3324406 
3502227 
3962097 
3709635 
3781619 
3639527 
3643955 
3720938 
3846778 
3521500 
3574628 
3614005 
3827038 
3638538 
3589473 
3615516 
3738282 
3538584 
3565460 
3681197 
3627912 
3663799 
3690520 
3710885 
3626975 
3639631 
3701041 
3705573 
3979546 
4053665 
4032206 
4043717 
3649059 
3338886 
3451079 
3300133 
3312738 
3357480 
3443891 
3271694 
3429047 
3306384 
3342115 
3302894 
3332218 
3251016 
3475559 
3444516 
3458527 
3334250 
3289403 
3334406 
3360813 
3289768 
3329613 
3378836 
3273725 
3523896 
4438791 
3664841 
3673644 
4504055 
3726147 
3508531 
3810474 
3973556 
4749850 
20447397 
7707620 
5447753 
5258108 
4520046 
13106204 
3678800 
4670106 
3381856 
3404618 
3395034 
4160650 
3467694 
3820631 
3867248 
3450975 
3360033 
3681769 
3684894 
3569836 
3543740 
3520979 
3466027 
3531604 
3516395 
3737658 
3775994 
4486658 
3877145 
3703542 
3506290 
3502280 
3493426 
3857560 
3947357 
3809693 
5383323 
3738231 
3514885 
3479310 
3546449 
3475976 
3498842 
3506603 
3515614 
3883603 
3530719 
3572805 
3546137 
3578222 
3646246 
3564054 
3545408 
3578535 
3558012 
3677914 
3637704 
3653903 
3628954 
3675675 
3614891 
3756721 
3615516 
3780681 
3613848 
3713906 
4420978 
4066017 
3951842 
3841576 
3902620 
3817147 
3755581 
4059349 
4730117 
5141494 
4515677 
4127582 
4425672 
4796630 
3865483 
3700161 
3339203 
3552809 
3550309 
3780009 
3907048 
5377758 
3846732 
4084454 
3532547 
4119456 
27784779 
3798969 
3906840 
4294883 
3901162 
3765790 
4072891 
4090131 
4108206 
4075234 
4014866 
10831250 
4038566 
4176543 
5316348 
3937831 
3703808 
4118258 
3803761 
3767874 
3766311 
4030284 
3910486 
3750216 
4432234 
3831418 
4024503 
3886109 
3776364 
4041588 
4035910 
4266340 
4342906 
4081017 
3854545 
3969396 
4033722 
4146385 
4118519 
4161490 
4079142 
4075078 
4807881 
4105288 
4038566 
4152270 
4321134 
4651362 
4068047 
4198315 
4260038 
3905433 
3339984 
3372017 
3489680 
3512338 
3532287 
3969083 
3713703 
3839804 
4354001 
3908871 
3766415 
3649482 
3662294 
4294675 
3919393 
3781520 
3415249 
3386966 
3358891 
3346860 
3393008 
3439469 
3466606 
3449209 
3435094 
3590728 
3581613 
3627605 
3792875 
3730268 
3835117 
3870484 
3629532 
3461658 
3445198 
3417020 
3513223 
3528537 
3436969 
3482805 
3423844 
3510047 
3412176 
3470929 
3402435 
3470408 
4175032 
3812198 
3686306 
3636407 
3587134 
4093673 
3670212 
3721048 
3680681 
3818085 
3765790 
3729121 
3626772 
3660159 
3573956 
3921007 
3903506 
3823137 
3762352 
3658232 
3608697 
3535204 
3735475 
3662971 
3696620 
3685994 
3577550 
3740893 
3762613 
3605573 
3611614 
3744955 
3810949 
3631616 
3777301 
3843919 
3795167 
3754643 
3690942 
3684743 
3671305 
3690734 
3672972 
3620157 
3704588 
3754018 
3837409 
4150031 
4083100 
3751883 
3897672 
3487597 
3319722 
3372955 
3264146 
3343526 
3380559 
3401914 
3297221 
3427906 
3358058 
3409884 
3392070 
3397540 
3405978 
3464002 
3398269 
3374100 
3333994 
3387643 
3316337 
3386601 
3366809 
3337536 
3339568 
3378528 
3357120 
3309878 
3315556 
3361443 
3327119 
3378268 
3272011 
3359257 
3572081 
3381913 
3302586 
3462439 
3399571 
3447073 
3290867 
3375611 
3316233 
3347485 
3338839 
3329619 
3290398 
3324515 
3495774 
3427333 
3379570 
3366340 
3383164 
3601979 
3301753 
3850587 
3544579 
3445563 
3531610 
3474523 
3389726 
3396966 
3529058 
3390717 
3363632 
3580571 
3434677 
3425770 
3316650 
3523953 
3354933 
3336442 
3589738 
3493223 
3342953 
3365298 
3297012 
4012992 
3637293 
4413484 
3579060 
3625314 
4058619 
3861004 
3587343 
3653596 
3577032 
3872003 
3602557 
3294152 
3383117 
3390097 
3512187 
3742982 
3441297 
3340146 
3602297 
3662039 
3456194 
3809600 
3578910 
3403013 
3300560 
3530833 
3993987 
3773713 
3991225 
3807465 
3654852 
3834132 
4570375 
3406972 
3389315 
3504530 
3359469 
3704229 
3444214 
3350354 
3368272 
3520624 
3362074 
3742617 
3306029 
3371605 
3494113 
3474372 
3483435 
3772358 
3482237 
3446923 
3644903 
3423119 
3679645 
3510572 
3326707 
3585993 
3358063 
3415775 
3531563 
3705687 
3941900 
4073209 
3839185 
4045760 
3800901 
3908251 
6890147 
3712511 
3894032 
3636048 
3742357 
3663394 
3368428 
3393690 
3327020 
3414524 
3343687 
3334156 
3499738 
3542188 
3421035 
3331291 
3346031 
3388481 
3863562 
4423594 
3431036 
3465518 
3357178 
3646726 
3579691 
3513489 
3358480 
3336030 
4009664 
3735482 
3690947 
3638913 
3622350 
3683915 
3657664 
3761524 
3792933 
3793089 
3781161 
3747982 
3548804 
3638757 
3592609 
3628756 
3645215 
3690322 
3673290 
3685374 
3625318 
3770223 
3641517 
3731262 
3640319 
3675738 
3611047 
3633965 
3584535 
3658863 
3654903 
3671103 
3671623 
3690999 
3683343 
3705323 
3299258 
3471715 
3350146 
3358688 
3357125 
3405670 
3345302 
3356709 
3409368 
3415149 
3432182 
3365043 
3650997 
3387909 
3324727 
3439110 
3383534 
3387961 
3300768 
3322800 
3311602 
3413847 
3315404 
3462808 
3394107 
3370877 
3380304 
3390878 
3376554 
3447651 
3287747 
3374418 
3308789 
3362907 
3297539 
3398586 
3365043 
3419057 
3196075 
3374782 
3637611 
3634486 
3695843 
3522291 
3468903 
3769858 
3471768 
3374106 
3596723 
3483592 
3621204 
3684280 
3434370 
3576618 
3402076 
3482081 
3610787 
3678915 
3390617 
3360198 
3694073 
3502864 
3822882 
3656883 
3433171 
3496144 
13602835 
4270096 
4075762 
3754181 
4004612 
4135505 
4181341 
4511673 
6020721 
5232341 
4632669 
4543914 
4434428 
11882577 
10728812 
18821894 
3766733 
3807100 
4592615 
3805694 
4763928 
4063053 
4224156 
6348501 
4307286 
3924815 
3863510 
3894606 
3565002 
3520990 
3791266 
3650581 
4011903 
6634716 
3980600 
4061281 
3795432 
3718449 
6782797 
4082793 
5346149 
6890720 
5281823 
12130717 
4443127 
6206617 
21488354 
23698172 
17217893 
19502732 
19569831 
12057398 
8709381 
4201765 
4199108 
4823573 
4968010 
4486730 
4370994 
6271213 
4783571 
4283437 
4588871 
8437126 
4104832 
9870702 
4176294 
4023629 
4175774 
5371627 
4127385 
4792530 
4093738 
4026963 
4729297 
4112437 
3957688 
3871589 
3916279 
3573394 
9155034 
7204342 
3409373 
3545944 
3497920 
3594541 
4030505 
3535683 
3411509 
3557611 
3510629 
3439427 
3386039 
3466252 
3448438 
3608864 
4181086 
3385831 
3390153 
3444740 
3569018 
3520526 
3457449 
3441615 
3431874 
3442760 
3563966 
4015504 
3711058 
3785438 
3722882 
3701787 
3715173 
3652721 
4459541 
3883621 
3869922 
3883151 
3774760 
3670274 
3903726 
6316007 
9808406 
3492243 
3952948 
5003064 
3979512 
3942010 
3873880 
4367192 
5795663 
4443759 
4343909 
7790732 
3875078 
6767024 
4411205 
5393816 
3950760 
3941072 
3773198 
3783458 
3939406 
3790333 
3724080 
3838827 
3780854 
4022275 
3894038 
3838149 
3917165 
4029775 
3907684 
3793979 
3800178 
3730017 
3917425 
5487833 
4615124 
4293958 
4185879 
4168534 
4265363 
4016285 
4154262 
3922216 
4493450 
3895080 
3812523 
3870911 
3877474 
9376088 
4217756 
9917528 
7148038 
3767468 
3611885 
3746582 
3945864 
3509328 
3428853 
3449740 
3399737 
4074517 
3528755 
3434010 
3426301 
3468960 
3439063 
3622094 
3560684 
3462241 
3368173 
3450313 
3432083 
3595114 
3601417 
3555423 
3386194 
3425937 
4429123 
4116135 
4422404 
4099311 
4050974 
4779977 
3826170 
3842107 
3766582 
3794032 
3878256 
3811950 
3756686 
3807939 
3781635 
3870338 
3776270 
3857317 
3822263 
3798771 
3729445 
3813095 
3821846 
3866953 
3781948 
3863463 
3752884 
3883100 
3987064 
3853932 
3973887 
4003576 
3955500 
3987324 
3897528 
4737631 
4872222 
3876589 
5400066 
4521993 
3788510 
3588968 
3606677 
4011284 
3881746 
3579488 
3634804 
4015712 
4449593 
3628866 
3530995 
3668191 
4244372 
3537089 
3473387 
3273115 
3996232 
3702672 
3553497 
3685483 
3618084 
3749446 
3604749 
3677618 
3642981 
3730747 
3605843 
3678764 
3527609 
3573445 
3635012 
3703870 
3578342 
3632772 
3628449 
3721163 
3614750 
3726216 
3694598 
3623189 
3687723 
3660430 
3694703 
3595014 
3703877 
3615744 
3724971 
3654184 
3692625 
3591264 
3606786 
3715856 
3678457 
3644601 
3604651 
3624079 
3611370 
3654028 
3681895 
3694083 
3651997 
3678301 
3719658 
3777838 
3691375 
3592618 
3671425 
3679083 
3707834 
3675176 
3761744 
3679291 
3644445 
3575951 
3703250 
3675957 
3661998 
3697626 
3591525 
3779610 
3377345 
3386460 
3410524 
3339738 
3294475 
3338280 
3288798 
3331457 
3350989 
3375001 
3350364 
3423493 
3442037 
3529751 
3577409 
3460788 
3316404 
3350780 
3340676 
3373334 
3298121 
3433181 
3362396 
3560429 
3331092 
3490008 
3585692 
3598973 
3493862 
3624496 
3567721 
3500998 
3401253 
3393440 
3340884 
3523135 
3336926 
3435734 
3378126 
3451100 
3303382 
3359115 
3341665 
3406930 
3315675 
3343489 
3355833 
3442037 
3492091 
3355573 
3280360 
3315675 
3317394 
3443547 
3306403 
3465684 
3459277 
3597827 
3437817 
3449120 
3339113 
3312914 
3267026 
3286193 
3213741 
3240566 
3195667 
3290673 
3974621 
3217283 
3222647 
3242909 
3217335 
3197438 
3227753 
3386773 
3378387 
3326196 
3633454 
3697312 
3474069 
3477038 
3548449 
3560742 
3606942 
3503811 
4940359 
3861073 
3462402 
3395262 
3219992 
3316559 
3405732 
3350364 
3320727 
3334790 
3468184 
3393075 
3347083 
3365209 
3339842 
3361354 
3287391 
3314476 
3733513 
3508499 
3381095 
3485008 
3384481 
3449120 
3323071 
3318592 
3218794 
3404586 
3353750 
3226085 
3381251 
3432973 
3242805 
3350208 
3317654 
3342290 
3383699 
3382449 
3296767 
3487612 
3409013 
3285776 
3313018 
3349323 
3315726 
3358593 
3303330 
3336821 
3425317 
3375887 
3318539 
3376615 
3376251 
3456412 
3364479 
3402295 
3334373 
3330206 
3313122 
3371928 
3338593 
3423545 
3469955 
3396564 
3275567 
3363698 
3329634 
3326925 
3287444 
3309215 
3305622 
3336249 
3329426 
3324321 
3365365 
3361094 
3328904 
3443078 
3367865 
3375834 
3328800 
3331352 
3317185 
3343436 
3306611 
3363438 
3321769 
3669967 
3556471 
3749764 
3643194 
3719502 
3677312 
3769452 
3731325 
3759504 
3749556 
3762369 
3645487 
3651164 
3633037 
3647049 
3602932 
3658716 
3736846 
3758879 
3664133 
3674186 
3746482 
3799246 
3796850 
3791433 
3720856 
3692729 
3944828 
3976757 
3955246 
3742628 
3762160 
3697990 
3725075 
3809820 
3677937 
3707782 
3752681 
3833831 
3587410 
3663144 
3688927 
3649653 
3640121 
3739868 
3774036 
3586733 
3349062 
3390314 
3346249 
3342707 
3359218 
3312497 
3355989 
3369845 
3327811 
3371667 
3372709 
3326613 
3335727 
3355729 
3300413 
3321716 
3325727 
3308539 
3316351 
3370522 
3324946 
3339530 
3339218 
3343801 
3301403 
3347968 
3319789 
3408805 
3341458 
3337916 
3353231 
3346672 
3346930 
3310835 
3325940 
3340316 
3325107 
3332086 
3373495 
3330732 
3370110 
3295157 
3304689 
3338128 
3316252 
3321252 
3298074 
3314534 
3319273 
3338858 
3383027 
3327347 
3332660 
3499545 
3419384 
3398496 
3296772 
3309012 
3752321 
3564445 
3332763 
3336566 
3318648 
3370735 
3304949 
3306877 
3395632 
3346202 
3315211 
3358598 
3307293 
3432874 
3298178 
3311876 
3279843 
3378600 
3445531 
3520275 
3346879 
3352452 
3289323 
3315679 
3371360 
3318440 
3294063 
3302241 
3323701 
3401518 
3392195 
3346045 
3356047 
3427301 
3401674 
3414175 
3289063 
3312189 
3311877 
3327659 
3300835 
3335263 
3337868 
3330055 
3364015 
3330159 
3306043 
3441521 
3379641 
3371047 
3533818 
3453448 
3269374 
3311877 
3316565 
3333753 
3292396 
3316773 
3303439 
3317971 
3274270 
3367609 
3303595 
3358129 
3373027 
3318700 
3337972 
3370318 
3443239 
3369015 
3332972 
3431468 
3309012 
3408237 
3306721 
3298439 
3299949 
3310887 
3496837 
3312190 
3322242 
3306616 
3271405 
4143284 
3371620 
3404383 
3300730 
3388965 
3413966 
3409227 
3371828 
3334795 
3336722 
3341462 
3303178 
3346618 
3326304 
3372454 
3321721 
3341931 
3278073 
3383339 
3322606 
3311043 
3325054 
3349483 
3408810 
3327242 
3301459 
3376256 
3302240 
3398601 
3374849 
3415425 
3373860 
3431728 
3364171 
3335784 
3327659 
3303178 
3346931 
3393080 
3309064 
3340733 
3321149 
3318179 
3292761 
3314533 
3291667 
3306199 
3310678 
3321252 
3322502 
3329065 
3286667 
3292865 
3322919 
3316512 
3319169 
3348025 
3336514 
3359328 
3334743 
3356515 
3470793 
3395059 
3313804 
3463814 
3411205 
3372610 
3199942 
3201037 
3348858 
3353859 
3286927 
3335368 
3311564 
3348389 
3319898 
3288177 
3338909 
3443083 
3325940 
3361099 
3450323 
3346358 
3320628 
3320002 
3323336 
3323231 
3312918 
3414123 
3322711 
3435374 
3424801 
3417925 
3357140 
3334274 
3412144 
3775656 
3395997 
3366828 
3365057 
3368338 
3341202 
3429228 
3453083 
3394851 
3332138 
3330888 
3326878 
3613875 
3317294 
3369745 
3291094 
3318075 
3343493 
3330524 
3362141 
3380215 
3269322 
3406518 
3373130 
3369797 
3449125 
3346722 
3413289 
3590124 
3361619 
3314742 
3334326 
3372245 
3341566 
3336566 
3379277 
3374120 
3345681 
3353702 
3305627 
3443291 
3346827 
3391621 
3311616 
3270312 
3322554 
3360994 
3280208 
3306512 
3369901 
3325107 
3310731 
3329117 
3295574 
3274010 
3295834 
3323283 
3257654 
3230673 
3220986 
3207079 
3389694 
3309845 
3359432 
3315940 
3419592 
3318179 
3324273 
3334586 
3308074 
3356463 
3317555 
3312085 
3286667 
3336618 
3340421 
3337712 
3344848 
3310887 
3294376 
3279844 
3355890 
3330628 
3318440 
3327398 
3377089 
3377194 
3330680 
3339847 
3266613 
3349379 
3302242 
3319175 
3346623 
3290995 
3319798 
3374855 
3341936 
3355791 
3347821 
3333080 
3300214 
3312507 
3309433 
3332039 
3265108 
3371104 
3379178 
3323601 
3295006 
3327872 
3322298 
3364697 
3379959 
3330111 
3340894 
3366520 
3431212 
3336831 
3334643 
3319122 
3293234 
3330945 
3356363 
3319486 
3269326 
3323653 
3344904 
3311985 
3331466 
3339331 
3300579 
3369229 
3307090 
3319747 
3347926 
3367146 
3367875 
3322819 
3314381 
3322455 
3304225 
3355218 
3321517 
3328029 
3267243 
3310944 
3308392 
3315996 
3464339 
3407356 
3379854 
3392408 
3382511 
3361416 
3308600 
3331518 
3303182 
3319121 
3330528 
3327768 
3306620 
3335946 
3330736 
3464131 
3397252 
3354749 
3325164 
3333236 
3326466 
3340009 
3316621 
3343342 
3293651 
3313861 
3302401 
3456995 
3332196 
3438244 
3956142 
3840301 
3454755 
3460172 
3255940 
3322924 
3337196 
3344018 
3337092 
3320372 
3309798 
3337976 
3320007 
3519134 
3373239 
3332247 
3372301 
3332559 
4220638 
3311621 
3331153 
3373084 
3323289 
3343758 
3294120 
3357926 
3321153 
3363343 
3466891 
3385271 
3370635 
3323184 
3414440 
3416679 
3463818 
3386053 
3320528 
3373760 
3302245 
3349748 
3346519 
3364698 
3291568 
3336362 
3319434 
3321309 
3354748 
3346987 
3285057 
3332820 
3321361 
3315840 
3340216 
3446421 
3348967 
3255106 
3378657 
3365219 
3345789 
3318236 
3386209 
3323913 
3337716 
3422201 
3394178 
3494185 
3424545 
3492518 
3327091 
3354801 
3368448 
3379699 
3285265 
3335060 
3318600 
3381365 
3314955 
3393553 
3344332 
3310996 
3367562 
3257034 
3279223 
3335528 
3301204 
3311569 
3294640 
3344071 
3313652 
3341883 
3350269 
3440171 
3354384 
3349801 
3430170 
3422722 
3412670 
3334487 
3365114 
3317038 
3335008 
3299173 
3355009 
3332976 
3311152 
3314798 
3344696 
3311360 
3446474 
3375896 
3334852 
3432566 
3399231 
3399439 
3311621 
3381990 
3314434 
3310736 
3284015 
3319850 
3304642 
3390897 
3412773 
3357665 
3344644 
3320059 
3409440 
3536480 
3348342 
3308861 
3416941 
3360895 
3276098 
3405221 
3481788 
3404960 
3320320 
3335424 
3334747 
3389647 
3324174 
3292713 
3324747 
3322195 
3317038 
3342508 
3316309 
3338862 
3315476 
3310632 
3306725 
3346467 
3327143 
3465694 
3340842 
3361937 
3479392 
3448296 
3365687 
3451213 
3266670 
3310267 
3381105 
3316934 
3305214 
3369853 
3337508 
3457724 
3395533 
3344175 
3328966 
3336727 
3441265 
3353759 
3302141 
3369646 
3400637 
3390168 
3662216 
4531857 
3375844 
3320319 
3434077 
3326622 
3343238 
3319329 
3371729 
3404127 
3287401 
3345321 
3308704 
3387928 
3368448 
3384386 
3354176 
3338185 
3332925 
3346728 
3312767 
3360322 
3292765 
3361728 
3343029 
3319434 
3381470 
3339488 
3327612 
3338237 
3323601 
3342770 
3316159 
3392776 
3346212 
3424966 
3300740 
3358451 
3289697 
3343867 
3313501 
3341472 
3328033 
3320949 
3296364 
3346992 
3303448 
3355690 
3366264 
3369650 
3293969 
3346367 
3400537 
3361316 
3306365 
3318240 
3275269 
3327408 
3313969 
3360378 
3290269 
3350690 
3336315 
3318136 
3310531 
3327824 
3313605 
3314491 
3381578 
3341054 
3299958 
3507003 
3403871 
3412518 
3456844 
3421893 
3410903 
3352409 
3310167 
3330169 
3272248 
3323762 
3401267 
3320376 
3327095 
3367671 
3301052 
3335221 
3322459 
3323658 
3317771 
3299385 
3333242 
3348086 
3363504 
3353138 
3267300 
3305479 
3313396 
3439655 
3297666 
3306000 
3348138 
3387881 
3419550 
3375172 
3412257 
3349493 
3319699 
3324022 
3263445 
3510336 
3339909 
3420800 
3359546 
3447364 
3265477 
3327825 
3293395 
3333815 
3340794 
3337200 
3285894 
3341835 
3296677 
3373713 
3334596 
3344700 
3289697 
3301365 
3418612 
3332096 
4257522 
3349909 
3333345 
3326523 
3314282 
3320689 
3352253 
3337304 
3324231 
3428248 
3347982 
3319387 
3462885 
3442103 
3397205 
3301833 
3346627 
3344231 
3320845 
3334387 
3325637 
3318293 
3327564 
3408820 
3275946 
3350326 
3319335 
3366369 
3379651 
3390485 
3290843 
3535235 
3489762 
3418143 
3318032 
3343555 
3302875 
3336211 
3319699 
3304020 
3312771 
3309907 
3318189 
3370588 
3401891 
3342826 
3322668 
3832858 
3670243 
3460333 
3435124 
3417258 
3302458 
3374129 
3377671 
3354284 
3376161 
3324491 
3333658 
3321939 
3354233 
3333867 
3282874 
3341263 
3315324 
3337043 
3318553 
3319439 
3354076 
3326418 
3315271 
3317355 
3352670 
3336575 
3358607 
3354337 
3395381 
3362723 
3334231 
3422102 
3313032 
3345117 
3355378 
3386475 
3309906 
3312302 
3366785 
3340065 
3307250 
3395589 
3297354 
3339075 
3277560 
3277092 
3465699 
3465542 
3453458 
3422154 
3251413 
3317511 
3346679 
3360952 
3304750 
3358503 
3314906 
3237142 
3350638 
3301781 
3331731 
3325064 
3294020 
3322564 
3323710 
3341420 
3302614 
3375744 
3278238 
3375953 
3276728 
3348138 
3301625 
3330429 
3290634 
3291520 
3465750 
3346576 
3303500 
3403715 
3335325 
3324700 
3318866 
3326574 
3329179 
3363764 
3297302 
3309126 
3303292 
3427779 
3310531 
3343190 
3281259 
3314594 
3317355 
3304542 
3363920 
3359754 
3348347 
3308552 
3315115 
3386370 
3321053 
3428143 
3312667 
3331783 
3323397 
3380068 
3344075 
3417101 
3305479 
3328554 
3331471 
3336679 
3355587 
3330690 
3315480 
3288707 
3222296 
3372358 
3361264 
3325898 
3291781 
3367410 
3307719 
3329960 
3287041 
3338971 
3332356 
3346836 
3323918 
3371786 
3350274 
3276467 
3307563 
3387880 
3294801 
3341783 
3263029 
3308031 
3330742 
3355274 
3283863 
3397360 
3296260 
3327199 
3287926 
3367514 
3302615 
3356682 
3306060 
3299076 
3370228 
3336840 
3298140 
3375019 
3324131 
3332308 
3281524 
3335017 
3270273 
3353768 
3300171 
3328611 
3293660 
3350175 
3289910 
3425752 
3373353 
3361425 
3294389 
3323506 
3352050 
3364289 
3341059 
3307671 
3296004 
3352883 
3574929 
4156844 
3696864 
3641548 
3649309 
3665403 
3658893 
3624984 
3634464 
3569564 
3594982 
3470911 
3336423 
3421272 
3348716 
3375697 
3272878 
3372312 
3332933 
3346424 
3345226 
3298348 
3271002 
3373613 
3295015 
3309859 
3334340 
3297150 
3320224 
3351007 
3317932 
3334913 
3347934 
3346111 
3297150 
3329391 
3310589 
3331892 
3347414 
3334808 
3313193 
3339288 
3319027 
3371790 
3396844 
3369186 
3348924 
3366634 
3343143 
3269856 
3292306 
3310224 
3395385 
3353143 
3379967 
3430909 
3440076 
3290066 
3368873 
3404501 
3285014 
3316265 
3347830 
3324808 
3320224 
3363717 
3303713 
4145801 
3331787 
3297567 
3315536 
3430753 
3354445 
3314078 
3310796 
3345955 
3325902 
3337570 
3301629 
3393614 
3260168 
3452525 
3292462 
3319547 
3440180 
3267564 
3180163 
3231624 
3481745 
3305067 
3206988 
3417730 
3411741 
3451952 
3280899 
3403459 
3287513 
3348247 
3293087 
3390854 
3292254 
3335850 
3345590 
3344028 
3301161 
3350956 
3392729 
3345956 
3335433 
3418773 
3569304 
3394344 
3350382 
3366998 
3302202 
3497059 
3387781 
3328194 
3282149 
3361946 
3305327 
3339653 
3311682 
3298452 
3286993 
3329131 
3408147 
3292774 
3333714 
3418824 
3440284 
3395125 
3354029 
3317515 
3356268 
3357935 
3299546 
3339236 
3299754 
3312985 
3322464 
3302671 
3310901 
3476693 
3347362 
3333194 
3309025 
3379707 
3385020 
3351893 
3431273 
3431898 
3396063 
3424658 
3314078 
3319130 
3326995 
3334913 
3315797 
3298712 
3254282 
3351529 
3379083 
3344028 
3426274 
3366269 
3335851 
3438201 
3316839 
3357310 
3328246 
3341163 
4625104 
3511747 
3383249 
3340799 
3328297 
3343038 
4757353 
3556282 
3476537 
3387468 
3345435 
3493673 
3475652 
3465338 
3412366 
3387780 
3293452 
3357883 
3389188 
3370488 
3293660 
3359081 
3290482 
3334496 
3294494 
3320172 
3319443 
3353143 
3299494 
3405595 
3375540 
3357884 
3394292 
3432315 
3423408 
3409866 
3479298 
3298140 
3331423 
3333142 
3326943 
3329652 
3314651 
3419918 
3315536 
3342361 
3444659 
3421169 
3322308 
3351164 
3276107 
3453150 
3279231 
3339705 
3470130 
3284076 
3335069 
3326631 
3395125 
3463255 
3329965 
3379707 
3343246 
3610400 
3374238 
3424242 
3291889 
3466901 
3346789 
3347570 
3468412 
3429815 
3368248 
3342153 
3341267 
3364029 
3331267 
3333610 
3343872 
3362988 
3327985 
3384030 
3329965 
3456953 
3376843 
3379395 
3347935 
3486069 
3334808 
3311474 
3286368 
3384291 
3219749 
3447056 
3364237 
3340488 
3389194 
3451800 
3319083 
3387108 
3305071 
3335646 
3335334 
3366325 
3281736 
3447477 
3368826 
3341115 
3377732 
3441331 
3397057 
3288404 
3322469 
3376587 
3294602 
3305593 
3341116 
3332313 
3342262 
3320541 
3267777 
3299446 
3297832 
3350491 
3444664 
3355752 
3296789 
3417215 
3391379 
3470655 
3282935 
3372420 
3282466 
3354762 
3347834 
3329761 
3273663 
3351428 
3347991 
3341793 
3358617 
3345022 
3318094 
3436956 
3339293 
3351064 
3407058 
3391797 
3321270 
3331115 
3308457 
3318353 
3305800 
3240953 
3211367 
3477375 
3368357 
3350960 
3402422 
3376222 
3395650 
3388775 
3316895 
3328823 
3295540 
3370440 
3310645 
3350283 
3387733 
3312885 
3390858 
3394036 
3320854 
3335907 
3311738 
3349710 
3378150 
3331584 
3382317 
3344189 
3328666 
3454300 
3476072 
3374243 
3665982 
3806199 
3538734 
4186330 
3333094 
3438518 
3313666 
3464770 
3388255 
3431799 
3454874 
3377004 
3394609 
3388046 
3324292 
3306218 
3350804 
3310592 
3334970 
3345803 
3361273 
3403828 
3354658 
3366534 
3303978 
3371378 
3357575 
3444456 
3333928 
3353148 
3309446 
3368618 
3368982 
3354190 
3325750 
3446071 
3386900 
3302155 
3397317 
3415339 
3449665 
3460499 
3348355 
3353981 
3339241 
3324709 
3330021 
3324969 
3330698 
3328615 
3345127 
3323666 
3297987 
3341220 
3339397 
3308040 
3293925 
3322052 
3305852 
3315645 
3322625 
3364867 
3311427 
3397161 
3336844 
3380441 
3443310 
3295643 
3346064 
3363305 
3322364 
3314499 
3335698 
3448519 
3355283 
3320541 
3406224 
3458780 
3403360 
3437372 
3326114 
3411120 
3333980 
3337938 
3294498 
3348772 
3297207 
3363513 
3290174 
3319395 
3303925 
3364607 
3307051 
3360544 
3354658 
3379660 
3316114 
3438987 
3411224 
3419402 
3375545 
3333302 
3296216 
3364555 
3317885 
3291216 
3282310 
3330907 
3291216 
3339397 
3370285 
3456019 
3369243 
3331844 
3405287 
3420080 
3344918 
3309603 
3247047 
3336324 
3290331 
3359815 
3342470 
3319291 
3365179 
3349710 
3365597 
3366899 
3404349 
3361898 
3336272 
3475083 
3413881 
3392838 
3282466 
3348564 
3320697 
3336271 
3303092 
3372889 
3307468 
3324499 
3348616 
3358305 
3339240 
3325385 
3354398 
3400078 
3298821 
3433935 
3337261 
3349293 
3375649 
3370492 
3273976 
3358044 
3446019 
3394921 
3329188 
3464040 
3327417 
3384452 
3336272 
3274027 
3440185 
3377368 
3293716 
3453988 
3454561 
3301633 
3304915 
3363409 
3322052 
3332104 
3305593 
3468520 
3347991 
3323615 
3529462 
4004130 
3315541 
3345543 
3300696 
3338980 
3299602 
3372056 
3357523 
3462843 
3346793 
3345179 
3337000 
3418621 
3481333 
3427684 
3452061 
3414037 
3310853 
3332209 
3297259 
3340230 
3289758 
3374972 
3322208 
3352054 
3294393 
3339553 
3331010 
3314657 
3391752 
3352894 
3328306 
3370185 
3332630 
3341328 
3299919 
3317941 
3290908 
3339453 
3465712 
3337474 
3322108 
3369455 
3359871 
3376122 
3315181 
3449982 
3320077 
3344922 
3397165 
3413104 
3414510 
3399405 
3351641 
3306014 
3288356 
3301065 
3339921 
3377997 
3312889 
3386176 
3329348 
3311170 
3328983 
3321952 
3371279 
3329087 
3320962 
3348725 
3307263 
3435658 
3421750 
3351537 
3383050 
3432793 
3394301 
3350288 
3310649 
3311691 
3315857 
3329712 
3326066 
3356329 
3308097 
3457117 
3283824 
3308409 
3433053 
3432898 
3410343 
3364611 
3310649 
3334870 
3355131 
3346172 
3328046 
3327004 
3290648 
3407791 
3355079 
3374716 
3403311 
3339766 
3318358 
4434530 
3607180 
3308618 
3317056 
3273823 
3305544 
3454149 
3529363 
3494569 
3417010 
3454305 
3431022 
3332578 
4186648 
3259291 
3289397 
3342109 
3296273 
3437846 
3350443 
3362580 
3337890 
3329661 
3339453 
3320337 
3346850 
3335390 
3442377 
3333203 
3303669 
3414771 
3425709 
3484307 
3384144 
3281481 
3326380 
3318202 
3344714 
3366121 
3327682 
3355965 
3280491 
3335078 
3317941 
3356277 
3326484 
3367841 
3364767 
3335234 
3342995 
3328619 
3317055 
3456492 
3335130 
3315701 
3278615 
3388623 
3348933 
3369403 
3348308 
3357475 
3342006 
3483682 
3443159 
3458315 
3461962 
3407635 
3323098 
3346120 
3359923 
3391800 
3308201 
3309659 
3340859 
3793026 
3430188 
3429616 
3327265 
3327317 
3331953 
3314087 
3283981 
3403416 
3334088 
3362684 
3321848 
3377216 
3340547 
3346537 
3417063 
3398624 
3363674 
3340599 
3308305 
3406697 
3340599 
3380185 
3379248 
3435606 
3420917 
3388363 
3351016 
3378675 
3358726 
3313879 
3348725 
3337526 
3361017 
3341485 
3319400 
3321952 
3359819 
3314139 
3289815 
3343255 
3344089 
3338932 
3269865 
3321171 
3295440 
3482379 
3282991 
3347423 
3436908 
3431700 
3258770 
3402323 
3318566 
3357006 
3359350 
3388676 
3361955 
3378310 
3377997 
3343725 
3426543 
3351642 
3312576 
3478942 
3480401 
3441960 
3290179 
3313878 
3283356 
3309503 
3289606 
3348569 
3351277 
3461649 
3333724 
3342058 
3471077 
3400499 
3301222 
3424095 
3357944 
3440919 
3303930 
3348621 
3306795 
3384456 
3315649 
3313306 
3334818 
3366122 
3306274 
3320233 
3308774 
3384664 
3312056 
3571709 
3341016 
3407688 
3408468 
3267157 
3302940 
3396333 
3448888 
3333984 
3328879 
3374872 
3334453 
3421542 
3300857 
3363622 
3398624 
3412896 
3407375 
3431282 
3280335 
3302419 
3313879 
3410239 
3301326 
3508944 
3276376 
3352579 
3337318 
3364924 
3306014 
3290647 
3343204 
3349767 
3321483 
3336797 
3334766 
3339297 
3297472 
3482223 
3320754 
3324348 
3331484 
3310024 
3289606 
3345235 
3288772 
3382946 
3410656 
3442429 
3402895 
3428262 
3287991 
3415665 
3354670 
3312476 
3312632 
3341593 
3375502 
3313830 
3341177 
3325915 
3305601 
3314404 
3418682 
3316851 
3407848 
3311799 
3287996 
3328676 
3327269 
3332790 
3368366 
3342479 
3338989 
3452278 
3267265 
3329248 
3354927 
3335551 
3399358 
3469623 
3404150 
3485561 
3768499 
3401285 
3322737 
3326124 
3325342 
3337582 
3305913 
3332686 
3238929 
3314352 
3302216 
3345656 
3317737 
3415869 
3327478 
3353104 
3302892 
3367064 
3299247 
3327686 
3275963 
3318101 
3326123 
3364720 
3304611 
3386909 
3284298 
3328624 
3330238 
3355031 
3331072 
3359042 
3293412 
3332634 
3427849 
3420192 
3255597 
3250180 
3275026 
3315446 
3311018 
3402326 
3273620 
3318102 
3347999 
3398993 
3341593 
3324456 
3413785 
3366491 
3358417 
3314247 
4165506 
3409306 
3339093 
3514626 
3431704 
3415504 
3337218 
3339353 
3297214 
3307528 
3368262 
3324717 
3338832 
3309611 
3312893 
3323258 
3353052 
3430193 
3466497 
3328154 
3377117 
3395660 
3397848 
3332530 
3297944 
3308986 
3293777 
3308049 
3345708 
3330655 
3342374 
3428526 
3368887 
3341437 
3464623 
3445454 
3412380 
3464622 
3254764 
3355188 
3300600 
3307320 
3300809 
3435037 
3263567 
3338155 
3334041 
3369460 
3277891 
3386961 
3313779 
3331540 
3314092 
3397274 
3289089 
3452539 
3346281 
3358938 
3359668 
3330759 
3287579 
3313049 
3423318 
3400296 
3309507 
3404619 
3431286 
3453632 
3398368 
3413473 
3388523 
3325810 
3341385 
3317007 
3297058 
3351333 
3317789 
3331020 
3307528 
3323258 
3282787 
3327842 
3291537 
3321070 
3356803 
3358782 
3277786 
3327060 
3327946 
3322894 
3344093 
3321071 
3296225 
3480405 
3414619 
3366647 
3368418 
3554420 
3474362 
3477853 
3370501 
3308466 
3327425 
3361595 
3378262 
3337739 
3314820 
3317320 
3333988 
3315393 
3424933 
3355501 
3352375 
3335395 
3356959 
3313675 
3335499 
3315289 
3322529 
3314404 
3327113 
3344666 
3207053 
3486239 
3354875 
3352635 
3634791 
3786677 
3341176 
3386440 
3352635 
3438267 
3358313 
3330447 
3407275 
3429568 
3370033 
3354042 
3319561 
3428370 
3315550 
3331331 
3333259 
3333416 
3314925 
3359876 
3303570 
3364876 
3388628 
3386232 
3382846 
3448736 
3309351 
3337426 
3423213 
3456029 
3344457 
3357271 
3380242 
3409670 
3429464 
3366855 
3341177 
3389878 
3295912 
3314351 
3327529 
3435923 
3418786 
3319143 
3348520 
3388003 
3380033 
3430714 
3365032 
3409410 
3341020 
3339509 
3283880 
3345968 
3325446 
3275963 
3311747 
3298309 
3303465 
3317113 
3426860 
3393628 
3351229 
3423838 
3390295 
3434152 
3396858 
3302267 
3280912 
3307059 
3314300 
3324092 
3352323 
3355709 
3314664 
3324300 
3304247 
3334092 
3289611 
3313049 
3286016 
3460351 
3355187 
3317529 
3279245 
3439412 
3321696 
3347478 
3335765 
3314358 
3319096 
3430562 
3349775 
3368422 
3439625 
3415873 
3385819 
3455772 
3411863 
3368006 
3307377 
3299771 
3294094 
3329305 
3363786 
3323419 
3287844 
3351077 
3306699 
3342951 
3330138 
3338785 
3312793 
3304303 
3285291 
3330972 
3324774 
3344358 
3350868 
3402956 
3311647 
3363422 
3459887 
3340243 
3347639 
3383788 
3402070 
3436135 
3411707 
3357171 
3343212 
3336336 
3317325 
3326388 
3296177 
3310136 
3285864 
3293260 
3312741 
3298521 
3353369 
3357120 
3388476 
3319565 
3369308 
3336493 
3339201 
3328992 
3301959 
3309147 
3287843 
3318574 
3351442 
3438688 
3244195 
3331336 
3347431 
3328679 
3335660 
3312585 
3382382 
3400977 
3442022 
3419780 
3265759 
3453741 
3348368 
4435531 
3327065 
3329357 
3292636 
3316023 
3319616 
3382381 
3397018 
3287218 
3321335 
3480722 
3315241 
3742772 
3682612 
3373215 
3343055 
3474888 
3399831 
3337431 
3501609 
3435094 
3286646 
3349931 
3349984 
3306959 
3285447 
3394257 
3314095 
3423270 
3364724 
3374777 
3414936 
3387590 
3313575 
3325606 
3318106 
3393632 
3295448 
3410404 
3362536 
3439781 
3382538 
3324877 
3415613 
3280499 
3381183 
3291906 
3470044 
3367641 
3340660 
3493483 
3303991 
3310189 
3305449 
3314720 
3343785 
3440667 
3339097 
3495254 
3417697 
3426916 
3321961 
3306074 
3310397 
3367902 
3302480 
3447595 
3344462 
3365349 
3403633 
3397591 
3300761 
3311647 
3319512 
3264456 
3258779 
3364568 
3319043 
3467805 
3339254 
3328055 
3403841 
3408633 
3439521 
3322169 
3338107 
3331336 
3341389 
3310553 
3333576 
3327065 
3311803 
3384360 
3298000 
3325190 
3326909 
3347119 
3404935 
3380142 
3330658 
3329722 
3335243 
3344983 
3274457 
3429364 
3344618 
3347483 
3379934 
3334878 
3435719 
3325085 
3312115 
3343525 
3451449 
3419884 
3413686 
3406029 
3400352 
3314616 
3305188 
3384726 
3342379 
3360662 
3314877 
3360401 
3300970 
3351129 
3296334 
3303990 
3298938 
3345764 
3332691 
3343629 
3354515 
3310240 
3339201 
3290761 
3324200 
3350713 
3352640 
3468638 
3386809 
3335555 
3391913 
3351286 
3435979 
3477857 
3439729 
3315085 
3313262 
3342014 
3314043 
3334513 
3284562 
3347847 
3309043 
3318523 
3350192 
3349358 
3464471 
3393945 
3319929 
3489056 
3391653 
3352588 
3314616 
3353785 
3399831 
3355869 
3297271 
3382434 
3428114 
3385142 
3336857 
3437906 
3409362 
3323211 
3387174 
3335868 
3347535 
3379829 
3331388 
3342639 
3404936 
3450981 
3391080 
3416603 
3388320 
3357171 
3325554 
3508224 
3853197 
3353213 
3342483 
3325294 
3326804 
3346649 
3396185 
3351755 
3335763 
3330086 
3301959 
3453793 
3398893 
3428999 
3463064 
3415665 
3289406 
3338889 
3289614 
3359411 
3305189 
3337587 
3334878 
3312897 
3305292 
3366443 
3282530 
3431450 
3361968 
3356499 
3409263 
3420358 
3232219 
3328684 
3316391 
3342279 
3310297 
3321757 
3351498 
3391657 
3301598 
3349988 
3430462 
3366968 
3335091 
3569743 
3394157 
3427493 
3296546 
3345925 
3322850 
3732412 
3570473 
3480779 
3311027 
3393741 
3310662 
3343737 
3310766 
3338372 
3297224 
3304412 
3315870 
3335143 
3319777 
3441244 
3375249 
3385823 
3365718 
3342695 
3305609 
3356081 
3473070 
3517240 
3322746 
3446349 
3400304 
3434004 
3351341 
3358373 
3321287 
3302432 
3346133 
3367645 
3325714 
3302015 
3333684 
3360301 
3316495 
3299619 
3357592 
3315349 
3342487 
3336132 
3338268 
3312901 
3290243 
3328527 
3306078 
3435254 
3363426 
3326705 
4593621 
3447442 
3512760 
3396137 
3382074 
3468382 
3366291 
3471351 
3433327 
3334205 
3309047 
3388480 
3317642 
3325923 
3364937 
3346862 
3318214 
3311339 
3297014 
3330142 
3330142 
3341185 
3333215 
3315193 
3322017 
3330559 
3236281 
3279149 
3312641 
3351602 
3313891 
3384365 
3495467 
3294879 
3379573 
3418013 
3309151 
3368791 
3293837 
3392542 
3316964 
3373218 
3393741 
3362384 
3343269 
3349362 
3297431 
3311287 
3459943 
3293473 
3482706 
3489217 
3245083 
3325298 
3331653 
3268054 
3371864 
3345300 
3314516 
3318683 
3337956 
3310557 
3334882 
3497707 
3321599 
3396136 
3393584 
3414732 
3386397 
3382802 
3339309 
3341237 
3317849 
3334830 
3328580 
3366499 
3848462 
3595109 
3353998 
3339101 
3358218 
3418846 
3402960 
3434317 
3286441 
3373740 
3316756 
3334882 
3387282 
3348164 
3310141 
3332955 
3321079 
3335507 
3410773 
3376656 
3451714 
3424420 
3422962 
3335715 
3323371 
3316183 
3316547 
3389469 
3320193 
3335247 
3328736 
3393584 
3338737 
3327486 
3340091 
3329986 
3301494 
3363634 
3338372 
3439681 
3319465 
3327277 
3380823 
3366082 
3333893 
3373583 
3321183 
3334413 
3385459 
3287952 
3335715 
3437129 
3334465 
3464788 
3418378 
3301443 
3282222 
3385407 
3277065 
3341705 
3297796 
3330559 
3335403 
3337122 
3289202 
3335924 
3305296 
3308839 
3309047 
3371291 
3355873 
3352540 
3337278 
3324621 
3320194 
3347227 
3304516 
3407388 
3420045 
3328579 
3431035 
3313370 
3391605 
3460672 
3476820 
3373271 
3291024 
3364415 
3334466 
3333476 
3301494 
3300817 
3282169 
3332747 
3455203 
3437338 
3386396 
3471767 
3433327 
3362801 
3380094 
3397595 
3295765 
3344935 
3291754 
3337591 
3322329 
3363530 
3346497 
3336914 
3394575 
3391866 
3278524 
3362384 
3332694 
3391709 
3423170 
3375354 
3394053 
3411190 
3421868 
3404106 
3295348 
3346185 
3290139 
3355613 
3302015 
3337434 
3342747 
3316026 
3297014 
3361551 
3340612 
3375198 
3306651 
3335508 
3292691 
3317173 
3400096 
3336757 
3320923 
3456037 
3328892 
3370614 
3544898 
3431192 
3329109 
3317335 
3307280 
3359524 
3318427 
3420882 
3275663 
3455990 
3351398 
3363638 
3418695 
3431508 
3432394 
3283997 
3316603 
3317854 
3311447 
3350981 
3328428 
3332229 
3361555 
3301446 
3311447 
3342648 
3255349 
3309624 
3386661 
3345356 
3357388 
3512608 
3424059 
3427862 
3493648 
3885188 
3391193 
3376244 
3349991 
3384630 
3325563 
3372910 
3295561 
3306447 
3307540 
3341032 
3366451 
3498753 
3364784 
3333636 
3436144 
3414476 
3361972 
3328063 
3334105 
3332542 
3373223 
3319625 
3419945 
3458020 
3367649 
3349315 
3455156 
3445416 
3394422 
3421924 
3398849 
3349627 
3304468 
3354523 
3266599 
3349992 
4556541 
3380515 
3316708 
3380359 
3301915 
3372233 
3302332 
3468438 
3308478 
3347960 
3337282 
3331709 
3339053 
3438956 
3344679 
3366920 
3313843 
3387234 
3336136 
3340303 
3428799 
3311863 
3415830 
3430884 
3457968 
3423539 
3393641 
3374004 
3290873 
3361346 
3335094 
3321135 
3365149 
3340408 
3323844 
3356554 
3342803 
3353117 
3377962 
3349002 
3300509 
3381660 
3321135 
3315457 
3332699 
3315354 
3299415 
3373743 
3357128 
3397860 
3329782 
3533547 
3543600 
3376244 
3492242 
3435571 
3418799 
3407600 
3305821 
3322907 
3285872 
3339678 
3285924 
3359576 
3349419 
3335095 
3300769 
3340981 
3556777 
3366607 
3373066 
3352596 
3312020 
3405308 
3283164 
3335876 
3322855 
3329938 
3281705 
3354419 
3342543 
3431248 
3317802 
3394214 
3348220 
3370462 
3281289 
3328271 
3332282 
3346867 
3258006 
3328115 
3412653 
3447290 
3374733 
3379369 
3366920 
3353638 
3302436 
3317333 
3316864 
3351189 
3385828 
3340772 
3330720 
3342491 
3315926 
3371035 
3325928 
3342387 
3312280 
3338950 
3341293 
3427081 
3387650 
3429268 
3290508 
3313739 
3330563 
3327334 
3354315 
3311134 
3315197 
3324261 
3274621 
3337230 
3270142 
3447342 
3371816 
3331761 
3376817 
3419112 
3432550 
3370410 
3346710 
3313948 
3347700 
3325198 
3283320 
3354055 
3318010 
3385098 
3320874 
3516879 
3679391 
3670380 
3709862 
3771065 
3777680 
3738563 
3578186 
3707258 
3627878 
3636680 
3665797 
3640951 
3676057 
3630533 
3645430 
3705591 
3681266 
3707102 
3610220 
3671995 
3625950 
3492398 
3442342 
3448749 
3437134 
3484221 
3436196 
3461562 
3461875 
3446092 
3551674 
3773356 
3654025 
3693767 
3723145 
3729603 
3550683 
3641524 
3532192 
3440728 
3403537 
3318374 
3321760 
3337178 
3316187 
3367337 
3292800 
3340772 
3351398 
3318166 
3369785 
3360149 
3302124 
3316448 
3334417 
3351189 
3476355 
3419528 
3336709 
3347126 
3420778 
3459427 
3413382 
3360982 
3257954 
3317021 
3304675 
3391557 
3349783 
3341605 
3293477 
3321552 
3322334 
3335459 
3327438 
3330303 
3347492 
3347022 
3324677 
3353119 
3343124 
3325774 
3306086 
3318743 
3297231 
3361403 
3318067 
3397604 
3348277 
3354736 
3349944 
3340412 
3389217 
3336349 
3398177 
3373383 
3333119 
3425001 
3409583 
3460837 
3400937 
3283324 
3299732 
3331193 
3337130 
3349058 
3313899 
3324473 
3307076 
3368331 
3322285 
3345620 
3278792 
3347651 
3310513 
3339057 
3335776 
3331453 
3442867 
3386301 
3332182 
3454430 
3413854 
3350829 
3295460 
3356507 
3308586 
3352443 
3318327 
3329890 
3315462 
3351559 
3359892 
3436513 
3313430 
3392707 
3405625 
3379321 
3341662 
3352913 
3304940 
3355569 
3322962 
3361663 
3292231 
3359840 
3318326 
3387916 
3328067 
4654575 
3325619 
3399166 
3375883 
3436096 
3389218 
3410990 
3300148 
3319993 
3393957 
3348849 
3284626 
3342756 
3336974 
3311138 
3369268 
3310774 
3302075 
3319785 
3309837 
3362445 
3456774 
3361351 
3325098 
3408646 
3328380 
3366456 
3339734 
3338953 
3288637 
3339527 
3466723 
3353017 
3370570 
3549022 
3406719 
3409635 
3422554 
3411615 
3368383 
3348850 
3315149 
3352183 
3308898 
3329056 
3338484 
3335307 
3297023 
3341141 
3309992 
3375050 
3386457 
3324473 
3316764 
3353434 
3338589 
3345464 
3366664 
3380415 
3442503 
3383436 
3357392 
3457347 
3279001 
3381196 
3265562 
3486725 
3399999 
3426199 
3415730 
3324942 
3324421 
3327598 
3306034 
3368070 
3346558 
3297700 
3381873 
3307024 
3358070 
3327702 
3237644 
3360830 
3320254 
3336036 
3323015 
3341141 
3373122 
3290824 
3320618 
3330984 
3308898 
3337495 
3438753 
3322910 
3295929 
3414845 
3357132 
3331453 
3342807 
3560012 
3466723 
3478547 
3454952 
3311555 
3326556 
3377602 
3334265 
3337911 
3296450 
3393905 
3326765 
3358382 
3314577 
3310930 
3328952 
3361767 
3315618 
3337703 
3304263 
3388280 
3310045 
3356194 
3396040 
3420001 
3272438 
3445263 
3393124 
3302180 
3217642 
3370310 
3293377 
3446357 
3313326 
3349735 
3439013 
3385363 
3284939 
3544802 
3402083 
3433648 
3264520 
3381248 
3320410 
3238477 
3241549 
3287960 
3347079 
3340099 
3292491 
3343953 
3274834 
3336609 
3307388 
3362809 
3453493 
3290668 
3461203 
3429845 
3434065 
3309837 
3282074 
3313065 
3342443 
3333171 
3323014 
3342078 
3264469 
3383436 
3325462 
3244519 
3344110 
3319056 
3279417 
3409063 
3356819 
3319733 
3506413 
3431304 
3751954 
3640382 
3668614 
3720597 
3641737 
3670750 
3383384 
3331765 
3396979 
3323275 
3289627 
3344266 
3330150 
3329786 
3299887 
3329786 
3290460 
3336453 
3353121 
3344630 
3348850 
3331817 
3282230 
3353850 
3378800 
3323379 
3358902 
3330619 
3334370 
3339214 
3353173 
3316712 
3358382 
3363018 
3335620 
3364059 
3322702 
3361091 
3310670 
3323848 
3303586 
3361559 
3361403 
3294574 
3327442 
3322858 
3318378 
3325150 
3373384 
3341201 
3397816 
3357344 
3330519 
3332915 
3368595 
3391201 
3360677 
3323540 
3370106 
3311090 
3345780 
3330571 
3279994 
3334373 
3344061 
3330884 
3330832 
3328019 
3302704 
3339998 
3299371 
3287547 
3381929 
3323174 
3287547 
3342604 
3363959 
3363074 
3331977 
3404275 
3277337 
3332030 
3289787 
3307601 
3305517 
3359115 
3409744 
3371564 
3303798 
3400108 
3305100 
3357136 
3372397 
3316612 
3295933 
3322810 
3317080 
3361980 
3277025 
3325258 
3338175 
3316142 
3318227 
3413911 
3337446 
3333852 
3318955 
3365574 
3319737 
3339061 
3283380 
3378595 
3261660 
4379872 
3257284 
3348541 
3393545 
3374324 
3306194 
3407243 
3292912 
3336613 
3329685 
3315466 
3337186 
3320831 
3298069 
3323383 
3481468 
3399327 
3320154 
3327029 
3324789 
3360626 
3324998 
3421151 
3309424 
3372918 
3418390 
3408754 
3387711 
3368960 
3308903 
3371407 
3288067 
3367761 
3369064 
3396879 
3321873 
3341249 
3261243 
3253951 
3298798 
3353334 
3296141 
3371929 
3338072 
3326664 
3320466 
3393076 
3331301 
3340260 
3281192 
3320935 
3354166 
3379689 
3280202 
3393962 
3411411 
3474593 
3264836 
3326352 
3322341 
3362344 
3299110 
3348958 
3374377 
3374012 
3377658 
3330832 
3372449 
3390055 
3315935 
3348125 
3484437 
3316404 
3313539 
3366407 
3303121 
3340989 
3336925 
3438705 
3331821 
3364949 
3311663 
3348853 
3319737 
3373595 
3320622 
3372241 
3312132 
3327863 
3282495 
3354323 
3349739 
3344478 
3337498 
3347552 
3476780 
3461154 
3383961 
3417400 
3397712 
3290672 
3333749 
3371043 
3351666 
3330519 
3324529 
3330623 
3347603 
3357136 
3364376 
3312653 
3347552 
3385211 
3249262 
3268691 
3287130 
3280567 
3354479 
3362448 
3343593 
3338905 
3376304 
3477666 
3310622 
3363334 
3368126 
3335467 
3343958 
3348020 
3353698 
3346302 
3405577 
3351250 
3333488 
3325206 
3334478 
3325415 
3315206 
3343280 
3372189 
3334477 
3320674 
3368438 
3317758 
3425839 
3406931 
3366615 
3324425 
3319424 
3313590 
3375887 
3308798 
3374950 
3303641 
3357396 
3316091 
4981793 
6562593 
3571631 
3394065 
3518502 
4505870 
3949525 
3883166 
4389143 
4061513 
4970750 
6360963 
23345770 
3955099 
4240694 
4099693 
4002081 
4382268 
4003540 
4135529 
4022448 
3810921 
3855039 
3901448 
4129904 
3902959 
3825974 
3852121 
3814098 
4002394 
4309762 
4608171 
4564677 
4009478 
3841809 
3973850 
4176105 
8777712 
13628506 
3705235 
3650232 
3622729 
3581007 
3559131 
3549130 
3517825 
3622156 
3569964 
3537254 
3551265 
3550328 
3509439 
3604238 
3540691 
3579237 
3573663 
3548559 
3603413 
3560333 
3634037 
3631797 
3790298 
4093343 
3623306 
4243668 
7255988 
5247809 
4053705 
3870096 
4713444 
5854732 
4144702 
4030578 
3581219 
3636745 
8095690 
3789674 
15240003 
3518246 
3419228 
3401987 
3431156 
3388496 
3397090 
3445844 
3385839 
3392924 
3406362 
3401466 
3443136 
3366307 
3511110 
3418238 
3426728 
3418863 
3378704 
3397820 
3366098 
3427457 
3379381 
3429801 
3381308 
3456887 
3445063 
13960944 
3880879 
3793580 
3746337 
3731649 
3622316 
4334092 
4782824 
6261118 
11081447 
4144806 
22348115 
7130979 
17291467 
5561793 
3538872 
3712167 
9342924 
4729852 
7295679 
4450247 
5310263 
4353624 
8341543 
3760088 
3713366 
3724147 
3751129 
3718054 
3778058 
3900204 
3511891 
3519705 
4622812 
3590179 
3512100 
3596950 
3589032 
3542779 
3519757 
3546634 
3542206 
3538612 
3498349 
3574449 
3490014 
3541894 
3511006 
3714719 
4259606 
3976564 
4418421 
4248460 
3911297 
4217103 
7928854 
3941977 
3759254 
3813477 
3768266 
3879108 
3810404 
3819729 
3788893 
3790664 
3778839 
3816030 
3785923 
3756442 
3813999 
3815352 
3788268 
3783684 
3788632 
3758734 
3798059 
3816134 
4413369 
4259555 
3497411 
3419801 
3419593 
3435375 
3423708 
3417769 
3805716 
3617941 
3602576 
3589605 
3592939 
3589658 
3571323 
3567989 
3550801 
3570438 
3533560 
3615650 
3555905 
3774464 
3564499 
3636432 
3441209 
3564187 
3383548 
3303906 
3215670 
3354796 
3316667 
3336825 
3407872 
3350681 
3338597 
3333491 
3336565 
3322033 
3715396 
3902912 
3875618 
4124232 
3766859 
3556322 
3414436 
3300834 
3345211 
3381360 
3338180 
3424541 
3400997 
3345577 
3353390 
3334637 
3372505 
3346826 
3354848 
3322345 
3308125 
3383548 
3418238 
3436885 
3484858 
3385059 
3397612 
3372037 
3430323 
3489077 
3373234 
3437251 
3318126 
3255465 
3271143 
3285936 
3924476 
3776131 
3360994 
3399903 
3316459 
3327814 
3387923 
3352921 
3328283 
3516058 
3473919 
3368182 
3394538 
3414279 
3302500 
3444907 
3334117 
3370838 
3322605 
3371099 
3372037 
3303072 
3349014 
3354223 
3357816 
3392195 
3399382 
3365473 
3379641 
3341149 
3346358 
3442147 
3538716 
3592627 
3598513 
3554290 
3505381 
3500485 
3405841 
3364484 
3433135 
3353598 
3367766 
3408966 
3323543 
3326147 
3275154 
3338701 
3324793 
3366463 
3430947 
3318389 
3433347 
5836352 
4259976 
3406835 
3760926 
3854683 
3558983 
3544502 
3702744 
3599871 
3727850 
3681701 
3561222 
3680815 
3510854 
3650656 
3713943 
3976516 
4246694 
3737017 
3959900 
3871299 
3802075 
3813482 
3648625 
3741653 
4118298 
3744258 
3972037 
3983548 
3755717 
3865882 
3297816 
3255052 
3311932 
3364071 
3504030 
3690191 
3353394 
3599975 
3795772 
3418137 
3619508 
3750768 
3447776 
3454443 
3296409 
3697119 
3661699 
3344173 
3349227 
3359696 
3337923 
3585808 
3511062 
3571900 
4037146 
3930575 
3356310 
3616591 
3509812 
3653157 
3504447 
3499446 
3557420 
4068086 
3513458 
3474184 
3400272 
3356935 
3751811 
3638989 
3480539 
3523928 
3488247 
3413137 
3417982 
3509134 
3356467 
3351310 
3333183 
3459131 
3402511 
3349174 
3323130 
3366259 
3318130 
3336517 
3318130 
3353601 
3310473 
3322922 
3270731 
3344747 
3318911 
3332975 
3319692 
3398397 
3359331 
3346258 
3429805 
3350424 
3370061 
3313442 
3328495 
3520490 
3318911 
3479393 
3468715 
3425794 
3315317 
3336517 
3377353 
3388968 
3270939 
3333600 
3402772 
3335839 
3295263 
3377614 
3338756 
3327141 
4534477 
3383916 
3457933 
3442515 
3404231 
3367144 
3519656 
3503093 
3365008 
3400115 
3309328 
3326776 
3319640 
3365269 
3370998 
3327818 
3337194 
3331933 
3366780 
3353861 
3426160 
3348705 
3351779 
3437879 
3400480 
3425326 
3332454 
3373759 
3341153 
3373239 
3319849 
3398865 
3282242 
3333444 
3317765 
3319640 
3290888 
3411471 
3365009 
3372613 
3541117 
3440640 
3427618 
3426628 
3331047 
3351883 
3323182 
3382197 
3310056 
3360945 
3317609 
3308598 
3265626 
3347819 
3322349 
3345788 
3283856 
3363237 
3444650 
3398918 
3359748 
3407356 
3349070 
3389855 
3328392 
3352039 
3338913 
3382145 
3509395 
3289534 
3507051 
3470798 
3372196 
3333288 
3302191 
3368655 
3360685 
3375791 
3596589 
3540908 
3771812 
4039959 
3571067 
3559295 
3367092 
3372457 
3380322 
3354643 
3359383 
3453193 
3315318 
3388708 
3394855 
3257031 
3321360 
3370947 
3337715 
3271199 
3211663 
3238123 
3259375 
3293753 
3312348 
3355685 
3339329 
3241457 
3276147 
3325422 
3418659 
3457360 
3436942 
3402199 
3297816 
3356362 
3299014 
3330944 
3314328 
3331620 
3370322 
3851819 
3406314 
3467048 
3300733 
3402251 
3321203 
3431680 
3376781 
3332350 
3406001 
3296618 
3345528 
3439859 
3343757 
3347976 
3513562 
3407825 
3356050 
3438868 
3296878 
3334381 
3305785 
3370165 
3380844 
3399178 
3305264 
3357352 
3307244 
3310942 
3313859 
3436786 
3329902 
3367717 
3334329 
3421107 
3426211 
3395897 
3247135 
3817128 
3737746 
3517052 
3735247 
3625186 
3449026 
3432462 
3452516 
3263022 
3494919 
3362044 
3333030 
3621075 
3535078 
3481377 
3481428 
3378139 
3414809 
3872397 
3400224 
3475751 
3359387 
4064392 
3743897 
3633576 
3475959 
3915682 
3421058 
3287089 
3312821 
3531693 
4011575 
3800933 
3354543 
3489189 
3302403 
3321884 
3658630 
3495804 
3327770 
3496221 
3545860 
3560809 
3626492 
3436477 
3357772 
3456686 
3440748 
3609303 
3715510 
3449029 
3354334 
3382827 
3354856 
4338008 
3734053 
3437206 
3334698 
3380899 
3333343 
3731866 
3549142 
3448248 
3303809 
3392046 
3426632 
4003033 
3867605 
4068611 
4346498 
4093925 
3919588 
3955790 
3811767 
3721135 
3707957 
4426036 
3758013 
3686758 
3725406 
3725354 
3816611 
4179818 
3945215 
5128280 
3821612 
3877450 
3730146 
3709207 
3749731 
3840832 
3884534 
3751346 
3840156 
3703269 
3673319 
3730354 
3690872 
3672225 
3728271 
3659099 
3661026 
3646233 
3734470 
3646442 
3627638 
3686445 
3706916 
3826977 
3324853 
3491585 
3318082 
3365273 
3329697 
3379388 
3293653 
3332979 
3368346 
3336677 
3372148 
3457363 
3358241 
3299851 
3480751 
3338083 
3339750 
3346573 
3355116 
3466323 
3361366 
3346678 
3658682 
3371576 
3364231 
3367513 
3306987 
4648606 
3355167 
3331312 
3369231 
3373867 
3296673 
3410694 
3350689 
3376211 
3386160 
3372825 
3357095 
3319748 
3386941 
3263910 
3327822 
3306883 
3331937 
3424549 
3343501 
3323811 
3320738 
3370273 
3326155 
3330427 
3332718 
3337927 
3339020 
3381211 
3339333 
3321363 
3333760 
3417673 
3324488 
3340844 
3336312 
3300632 
3368658 
3339073 
3302768 
3336156 
3360169 
3333760 
3354439 
3402568 
3303601 
3318862 
3404339 
3351626 
3301830 
3351731 
3416267 
3339281 
3342875 
3332145 
3426945 
3384181 
3316102 
3353188 
3435227 
3477730 
3312196 
3459864 
3347928 
3338656 
3344230 
3364700 
3334489 
3320478 
3351418 
3369127 
3421423 
3660766 
3686444 
3889899 
4052151 
3362408 
3460854 
3335062 
3323759 
3368919 
3345948 
3357721 
3410173 
3394285 
3346104 
3324488 
3373659 
3392515 
3319852 
3413558 
3349178 
3341729 
3329645 
3343292 
3337250 
3392828 
3297455 
3317613 
3306518 
3380379 
3328708 
3345115 
3323082 
3353189 
3368294 
3375743 
3324072 
3335219 
3350480 
3360533 
3331885 
3382254 
3399494 
3367409 
3356627 
3332926 
3335114 
3361783 
3347823 
3355012 
3340375 
3356991 
3325687 
3336521 
3322301 
3322457 
3331364 
3356105 
3313966 
3348500 
3269484 
3345948 
3315790 
3380847 
3292663 
3382983 
3343448 
3391629 
3336000 
3336260 
3329385 
3320165 
3406630 
3364335 
3377826 
3309019 
3337510 
3365169 
3301257 
3327666 
3304018 
3360898 
3336260 
3270838 
3333864 
3326728 
3278964 
3409391 
3324801 
3337459 
3315585 
3412260 
3327982 
3369236 
3324856 
3354339 
3314127 
3374913 
3355641 
3376163 
3360172 
3365068 
3592014 
3619724 
3445960 
3892299 
3599827 
4117474 
3717233 
3890319 
3683740 
3904331 
3977722 
4017778 
3685043 
3847400 
3697804 
4158832 
3976004 
3957201 
3803750 
3880319 
3960117 
3931625 
3897299 
3992516 
3696606 
3751507 
4060282 
3815835 
3651029 
3776926 
3982411 
4319990 
3824273 
3873026 
3909800 
3880214 
4332961 
3947408 
3715097 
3907301 
3703742 
4559958 
3951888 
4227900 
4531935 
4259048 
3851567 
3822866 
3822190 
3725306 
3836253 
4028977 
3951991 
3854952 
3594722 
3705253 
4097368 
4054031 
3777133 
3748589 
4329939 
3768695 
3430594 
3699002 
3355901 
3479818 
3558938 
3728328 
3384601 
3689001 
3362412 
3245006 
3835940 
3577378 
3497371 
3353192 
3418979 
3361214 
3577899 
3495964 
3549042 
3664728 
3447002 
3520967 
3610037 
3502580 
3715254 
3667906 
3543260 
4329262 
3546854 
3385851 
3472733 
3366371 
3569564 
3706450 
3554563 
3504507 
3468775 
3371423 
3638216 
4388434 
3960013 
3908707 
3762444 
3982358 
4044864 
3759371 
3698117 
3811355 
4087212 
3925896 
3811042 
3914072 
3728171 
3891570 
4158519 
3895633 
3872037 
3879485 
5282622 
3962409 
3762705 
3754528 
3962357 
4148726 
4050228 
4504641 
3718066 
4446720 
5232670 
3784582 
3829794 
3581493 
3663374 
4052104 
4040123 
3752496 
3572533 
3769060 
4162530 
4212586 
3719264 
3814272 
3808126 
4062678 
3925062 
3745204 
3822449 
3623527 
3760934 
3951054 
3785884 
3825159 
3746766 
3804949 
4399841 
3966576 
3852244 
3640299 
3425021 
3614829 
3599150 
3522009 
3358037 
3477422 
3441950 
3803385 
3568887 
3378298 
3442835 
3431375 
3717441 
3812240 
3793853 
3961211 
4002569 
3773957 
3523571 
3390279 
3550657 
3647956 
3396738 
3625506 
3703377 
3471848 
3337618 
3323294 
3525707 
4091638 
3832972 
3585191 
3367464 
3360537 
3677282 
3594045 
3421323 
3462056 
3516383 
3505653 
3738380 
3698273 
3656498 
3413718 
3479661 
3640195 
3701711 
3586805 
3428042 
3370017 
3338712 
3767654 
3622954 
3397415 
3429136 
3367360 
3664572 
4031061 
3541073 
3475598 
3419396 
3332045 
3367985 
3399655 
3535082 
3378142 
3308657 
3315637 
3558105 
3933553 
3652852 
3703950 
3569669 
3614516 
3594202 
4140913 
3828857 
3735307 
3602848 
3622486 
3503049 
3521071 
4982076 
8557995 
13377714 
3871256 
3823335 
3800989 
3792135 
3797083 
4041583 
3892564 
3796930 
3787242 
3759897 
3784430 
3791410 
3814015 
3776513 
3700413 
4931453 
4433599 
3965227 
3678067 
3675931 
3603947 
3568214 
3607696 
3622385 
3529877 
3689005 
4363020 
4038878 
4237957 
4034815 
3967102 
4306608 
4667108 
18938609 
10547910 
4098518 
3838497 
3729998 
3858603 
3763335 
3830736 
3739583 
3684109 
3669108 
3706298 
3680150 
4564599 
4257751 
4083830 
3483676 
3379604 
3435234 
3441328 
3397366 
3477321 
3448308 
4143992 
4054087 
3986270 
3820422 
3469977 
3452944 
3405700 
3580767 
3451642 
3422213 
3411482 
3375333 
3663326 
3407628 
3412993 
3421743 
3381844 
3456017 
3487218 
3378198 
3397158 
3460341 
3512792 
3460445 
3451902 
3496437 
3458466 
3708174 
3485082 
3346425 
3381688 
3514251 
3639105 
3520814 
3310589 
3273398 
3308974 
3329600 
3254333 
3427161 
17809504 
3906575 
3928348 
3980852 
4310672 
4069766 
4046847 
4457350 
4195193 
4001063 
4096903 
8606238 
14345570 
3826829 
3845945 
3823183 
3818912 
3764376 
3808286 
3795889 
3780263 
3785472 
3721404 
3778805 
3851936 
4304629 
3839174 
3761460 
3717445 
3656971 
3635563 
3612540 
3700099 
3718903 
3670254 
3667962 
4051067 
3899856 
3918556 
3787660 
3667597 
3691401 
3807036 
3679577 
3723800 
3640042 
3720258 
3660044 
3637387 
3602696 
3636501 
3890376 
4024762 
4590383 
4317912 
3823444 
3807765 
3747135 
3656711 
3721716 
3688588 
3991999 
3629937 
3704371 
3719529 
3721820 
3634209 
3545972 
3601602 
3525554 
3719008 
4984686 
3735884 
3683380 
3758073 
3633219 
3714997 
3568214 
3704892 
3731248 
3766407 
3634834 
3639626 
3672598 
3620458 
3680306 
3618479 
3766980 
3654002 
3670410 
3571912 
3682547 
3695099 
3561130 
3711976 
3575507 
3643533 
3646606 
3627542 
3734165 
3622906 
3682599 
3583684 
3656554 
3719477 
3559255 
3699840 
3589830 
3691818 
3601134 
3752448 
3605196 
3702652 
3544098 
3655409 
3702184 
3562589 
3669785 
3613531 
3489197 
3370698 
3724842 
3382417 
3319912 
3317047 
3388199 
3347310 
3414503 
3373510 
3295847 
3321371 
3329236 
3373770 
3424452 
3285326 
3356165 
3368614 
3437526 
3425286 
3441328 
3441797 
3308036 
3342779 
3301316 
3324861 
3309963 
3414295 
3348925 
3387574 
3332726 
3377208 
3273085 
3355697 
3351321 
3395856 
3330798 
3321318 
3230842 
3348717 
3277773 
3371739 
3216466 
3388251 
3375542 
3452839 
3242718 
3318089 
3608217 
3640046 
3496128 
3338095 
3374452 
3337938 
3337001 
3439926 
3309342 
3281735 
3335334 
3501858 
3359242 
3336740 
3394505 
3329344 
3342470 
3325124 
3352835 
3354345 
3311633 
3351846 
3273298 
3355648 
3344293 
3477950 
3550820 
3514307 
3685780 
3959449 
3498264 
3370597 
3353773 
3410549 
3357315 
3366170 
3402526 
3300383 
3319395 
3489670 
3298977 
3363305 
3429352 
3336271 
3334448 
3409038 
3279391 
3357367 
3324291 
3326948 
3298247 
3358304 
3299966 
3469459 
3814072 
3859649 
3936687 
3771412 
3297726 
3383411 
3296007 
3328562 
