1777604 
2756458 
2858178 
3010885 
1045052 
963959 
875104 
997500 
843802 
937969 
1434584 
891719 
900521 
993594 
887343 
941823 
908907 
801250 
891771 
886875 
1090000 
834532 
909584 
911927 
827917 
901198 
907761 
862500 
987032 
1114948 
825469 
919740 
849271 
879948 
873750 
984219 
919166 
1205417 
1318021 
1149635 
922552 
924479 
1056458 
945625 
981198 
1008281 
913698 
929167 
852240 
900521 
942292 
945520 
804636 
852708 
811667 
842135 
825990 
822448 
826094 
818646 
831042 
836666 
848021 
868959 
831094 
827187 
834271 
827552 
846666 
832291 
837135 
814791 
825625 
827709 
820364 
820417 
849479 
939219 
914115 
900521 
909010 
811145 
782396 
805260 
786511 
789219 
790729 
780573 
793072 
791042 
783698 
781406 
801563 
864219 
878958 
798385 
780781 
770417 
808594 
821823 
818437 
815469 
815573 
833542 
817760 
834479 
857604 
813281 
767708 
779688 
768229 
855833 
852604 
863437 
849740 
839114 
842968 
840886 
852448 
838282 
780052 
795260 
834532 
780312 
875833 
741302 
823542 
806510 
808593 
815104 
812083 
816719 
773125 
794219 
767396 
792812 
823698 
921875 
746042 
835105 
806510 
893437 
877188 
744375 
832031 
841927 
893177 
883021 
740208 
797709 
865416 
885261 
753437 
778229 
872083 
860677 
878594 
743177 
848438 
883125 
889063 
875520 
745938 
827083 
814531 
860677 
896302 
734062 
802604 
913697 
894427 
876354 
732656 
784011 
863229 
912396 
881510 
747864 
836302 
814218 
843073 
889271 
735938 
810833 
839011 
900416 
738906 
786719 
854427 
841354 
889583 
739271 
851823 
905312 
869531 
936615 
737761 
793385 
980625 
757396 
841927 
756927 
799583 
953542 
992865 
980416 
950208 
771406 
825990 
812864 
878854 
963020 
823490 
811614 
1304532 
797188 
760886 
890781 
933073 
723698 
815364 
872500 
936198 
938438 
940573 
753802 
828594 
916146 
745209 
1151563 
954115 
839427 
914375 
791146 
801302 
799323 
808854 
772031 
787240 
834270 
877864 
739063 
811875 
840261 
904218 
729843 
788906 
851094 
946041 
906354 
737917 
813959 
798490 
867709 
902552 
741979 
837136 
847240 
913438 
872083 
730781 
813750 
841927 
903542 
885677 
727396 
821510 
868542 
892864 
881875 
736875 
815104 
881406 
896770 
878386 
745781 
815364 
841146 
933125 
880208 
735209 
819584 
889531 
893698 
883229 
725833 
829479 
862604 
937760 
925260 
735521 
814427 
804218 
879062 
954739 
724740 
810625 
799323 
880625 
933385 
725781 
815469 
874062 
842032 
863646 
787813 
823906 
797083 
868437 
864219 
759896 
808698 
790208 
865260 
742083 
813594 
791511 
866094 
852709 
734271 
840208 
797187 
875052 
737344 
818125 
849635 
865729 
866407 
703958 
792135 
818594 
864219 
708594 
784166 
802917 
860938 
701875 
781511 
816667 
907136 
728229 
785520 
817708 
862344 
713750 
792916 
814167 
911302 
704167 
792865 
823229 
910990 
897188 
709167 
783177 
929271 
982031 
972031 
971094 
716354 
784843 
809635 
918594 
944271 
707187 
789479 
816094 
913125 
724792 
784323 
777760 
820365 
818438 
733593 
832136 
877552 
865625 
716927 
819740 
817187 
875469 
708958 
786562 
957396 
797760 
894531 
709219 
777083 
855885 
906406 
706510 
778490 
815625 
908334 
855834 
706250 
792604 
813073 
875677 
709167 
787031 
825833 
886198 
712084 
777709 
807760 
880313 
710157 
786511 
810261 
648906 
737813 
755313 
867500 
920833 
710989 
801614 
817084 
1757969 
702136 
791771 
827395 
887604 
706927 
781823 
824063 
981042 
737135 
769740 
819167 
913386 
816823 
778906 
770521 
814896 
908073 
727031 
778750 
818698 
884584 
859636 
711875 
788697 
822344 
915313 
701250 
789740 
815364 
909479 
702865 
789375 
841302 
917969 
862656 
711667 
787084 
831667 
871198 
869271 
699531 
789688 
862135 
873489 
692708 
788698 
812916 
878178 
698229 
783177 
817969 
885000 
710729 
778698 
813959 
863385 
703073 
802917 
805104 
877812 
700573 
808177 
814322 
920833 
703854 
809532 
761719 
828125 
873906 
693750 
831250 
947917 
888334 
718333 
777761 
822240 
940365 
906875 
700989 
777292 
807239 
916928 
701718 
790156 
816614 
819166 
835416 
886406 
864479 
745469 
796354 
744792 
691771 
741354 
750937 
731979 
740156 
816979 
715365 
833750 
706667 
790677 
743490 
762187 
816927 
728281 
784584 
737292 
804531 
745781 
836146 
866771 
879583 
767187 
754115 
803854 
843021 
788594 
766250 
803802 
807812 
868282 
778854 
785885 
827968 
916666 
739323 
768229 
835260 
894896 
854375 
721041 
764896 
797656 
826510 
715886 
877031 
770886 
762240 
737656 
788750 
858750 
809844 
730052 
788958 
736510 
901459 
716563 
798125 
780469 
834948 
735000 
798073 
816302 
908646 
721146 
835677 
804739 
909479 
713854 
801667 
792084 
776510 
839480 
707864 
836510 
869010 
867865 
698698 
802969 
812344 
876406 
705104 
789479 
787813 
848229 
719010 
789271 
815833 
902395 
722969 
813385 
769531 
861614 
936770 
868073 
713906 
851771 
871979 
868645 
703334 
804792 
809479 
881146 
712083 
799740 
867448 
956094 
870729 
759011 
833594 
763646 
799428 
1579427 
750417 
800208 
730105 
787396 
811823 
870104 
780990 
733178 
775417 
874896 
755208 
780105 
856562 
945885 
861667 
702344 
813125 
898333 
872240 
705000 
790208 
810885 
868958 
867084 
708073 
796042 
811614 
869687 
700417 
784948 
875573 
935886 
932812 
719219 
776511 
857812 
934479 
912916 
870938 
747761 
873125 
704322 
775521 
778334 
787031 
862395 
937135 
713177 
785521 
861354 
939740 
871771 
725000 
783697 
855990 
949375 
931667 
731719 
809687 
875417 
929219 
926823 
869531 
676823 
777708 
931458 
931927 
863437 
733645 
785261 
857708 
937812 
845833 
736510 
879948 
943542 
910000 
683750 
806302 
861250 
936875 
926562 
709792 
787969 
858125 
935000 
921042 
761718 
769791 
861041 
933490 
965521 
863802 
732916 
800104 
852812 
931093 
861770 
732968 
891250 
708958 
796979 
783333 
774271 
862656 
971354 
768698 
784011 
815886 
909375 
837343 
802916 
783125 
816406 
869166 
709896 
753646 
884792 
938021 
932552 
699011 
799375 
863646 
941407 
1032969 
775209 
780417 
786198 
855937 
856407 
790625 
722187 
828646 
950678 
708281 
787708 
817240 
871979 
934479 
693750 
740521 
889895 
928802 
734948 
753385 
868177 
948021 
877968 
727917 
793750 
863594 
939323 
912500 
780261 
805156 
781459 
821719 
925625 
704688 
754843 
842448 
916041 
707292 
800834 
822396 
816927 
821927 
816718 
1026146 
1006459 
789843 
989323 
915677 
784688 
794427 
851719 
702552 
770677 
787760 
781823 
707239 
774687 
760000 
705312 
725104 
717136 
725625 
728386 
734739 
726406 
758906 
762240 
718386 
759479 
752448 
749323 
748803 
692969 
772813 
756719 
760000 
711042 
727813 
1148020 
718542 
720052 
710990 
725885 
717917 
709948 
709114 
711407 
705833 
711511 
730677 
713385 
718854 
722813 
715573 
726666 
711563 
714948 
718802 
721980 
707240 
736875 
710416 
715156 
719166 
720105 
720833 
725261 
797864 
720886 
689011 
804635 
829479 
730104 
687917 
811094 
733177 
683698 
792813 
807239 
741615 
683333 
811719 
742604 
684375 
796823 
796562 
751146 
748073 
805677 
730364 
690677 
807708 
814479 
742760 
757031 
854271 
834323 
785990 
718437 
820364 
830209 
761875 
709687 
798802 
835417 
763333 
673803 
829531 
766615 
670469 
714843 
825938 
763229 
672292 
813333 
740156 
678959 
815573 
852239 
756615 
681042 
806927 
831667 
739583 
679844 
827344 
767239 
669791 
819323 
808958 
751719 
734167 
801302 
740469 
669688 
703385 
754010 
677031 
710938 
826407 
749636 
694323 
815104 
746146 
695416 
736093 
808230 
736823 
677239 
813438 
749479 
685781 
811875 
822188 
735781 
747656 
804167 
826406 
743437 
726719 
845157 
840677 
742812 
728750 
824167 
765365 
736875 
724114 
790260 
731719 
695989 
775625 
733385 
686302 
801719 
791563 
729166 
724635 
780209 
725782 
718177 
796666 
891823 
836146 
751094 
795573 
962448 
804948 
711354 
716354 
750834 
750312 
723802 
716094 
715416 
718125 
709219 
801042 
722135 
710313 
790834 
719792 
727187 
810313 
806458 
722292 
719948 
817656 
717448 
704792 
718073 
818906 
722761 
713021 
822448 
709948 
713490 
810416 
814323 
714688 
714375 
807656 
717084 
773646 
710781 
804895 
716093 
718854 
801875 
711094 
717448 
800729 
815781 
713229 
664323 
818698 
715312 
707031 
822864 
819896 
930312 
714687 
1166146 
718489 
843177 
718750 
723125 
718906 
823646 
724428 
718854 
825157 
835365 
721875 
718490 
815156 
715729 
710157 
822708 
872813 
724531 
712709 
829843 
819844 
740105 
708333 
816042 
709011 
716146 
709323 
725833 
715104 
721667 
799843 
726980 
708854 
812292 
719167 
712344 
709687 
710469 
720000 
713230 
815260 
722812 
715468 
804740 
715104 
714532 
715052 
717344 
738490 
693334 
814895 
712448 
716510 
808646 
718541 
708802 
811718 
822292 
726302 
723385 
812032 
820313 
720312 
717448 
841771 
718854 
712865 
832917 
824375 
743594 
721771 
818646 
821042 
715937 
712761 
834271 
713907 
709583 
722448 
821719 
710989 
714270 
818073 
720208 
719375 
742239 
717239 
717552 
713698 
819480 
710521 
725521 
815573 
719740 
726250 
719531 
839114 
725938 
722865 
815312 
710365 
739375 
717448 
820208 
708542 
713333 
801250 
717813 
696458 
802032 
811615 
712656 
717188 
801041 
727240 
712656 
721927 
862083 
711927 
724479 
819635 
713021 
723490 
718750 
709740 
714740 
706875 
837708 
707760 
712916 
815052 
724011 
706823 
755729 
856146 
702396 
691302 
786406 
695365 
705625 
788489 
692240 
701980 
700469 
719584 
693906 
696771 
693698 
691459 
789791 
810313 
700625 
702240 
804323 
710209 
705261 
795313 
811563 
700937 
698958 
833334 
700781 
696354 
805468 
802292 
696198 
704688 
814740 
701354 
690364 
795156 
700625 
702604 
695625 
696198 
697083 
686563 
705469 
696667 
688021 
693750 
688750 
699792 
699167 
691146 
810000 
805364 
707604 
693229 
808437 
695573 
697448 
787604 
729323 
684739 
700729 
685677 
687865 
645208 
702396 
693177 
695834 
719115 
1151771 
706823 
702032 
815521 
699948 
689479 
802396 
695000 
698073 
805834 
811562 
692552 
704636 
794896 
693542 
699323 
804010 
824739 
694792 
692239 
805469 
695677 
701666 
800937 
696771 
698334 
821719 
805417 
702969 
696980 
788594 
700781 
703073 
805261 
682604 
704635 
700469 
684010 
697292 
930573 
693750 
687500 
694479 
694375 
708750 
681979 
705938 
688438 
701979 
694532 
727761 
694479 
697657 
674114 
730312 
674427 
701823 
688281 
702604 
711666 
709739 
697656 
695052 
691563 
717761 
674740 
703907 
723490 
701667 
706667 
724584 
676250 
712760 
693229 
699375 
675469 
717135 
671771 
678698 
706563 
673594 
684219 
716302 
704531 
739948 
717604 
669896 
684375 
730052 
678854 
732292 
720156 
662917 
689896 
689427 
689948 
701354 
742500 
653490 
692083 
718490 
650156 
692969 
693594 
690260 
708542 
733698 
673385 
714010 
728177 
647448 
715521 
739167 
658958 
711615 
737761 
650521 
726041 
794427 
650156 
729792 
744063 
660990 
732813 
758073 
657240 
724167 
713698 
688802 
729114 
726511 
718333 
712708 
715156 
654271 
703906 
717291 
672083 
676927 
683021 
744479 
670052 
745937 
714635 
757865 
638125 
737760 
748594 
661198 
754895 
769531 
640938 
683854 
673386 
731146 
740156 
709844 
675052 
703073 
704583 
653541 
709063 
738802 
633958 
722292 
741719 
635209 
679063 
719531 
663385 
707657 
730417 
639219 
712032 
740989 
633229 
712136 
730261 
637396 
716875 
745572 
658281 
703959 
748073 
635937 
714270 
776354 
631719 
716250 
732552 
626093 
717917 
742084 
636770 
723073 
742865 
645469 
716666 
744479 
632083 
724531 
751615 
635989 
721354 
1325730 
634896 
813333 
728854 
736980 
778021 
762656 
768906 
696823 
747656 
731511 
679479 
788542 
745156 
649636 
706563 
688646 
642396 
789166 
798959 
771250 
666771 
806197 
712552 
648385 
789271 
713073 
645416 
796042 
795886 
708229 
668282 
696458 
705729 
640261 
819896 
707448 
647083 
779115 
710938 
655625 
788541 
746510 
676823 
777761 
687969 
651042 
784427 
698646 
647343 
778646 
692813 
658698 
765833 
709323 
656303 
672500 
692240 
652396 
785104 
707240 
650886 
768906 
697083 
658021 
766771 
698750 
666562 
677657 
707083 
660313 
766562 
693177 
660156 
764791 
684896 
665104 
766666 
696511 
665990 
777656 
768802 
694635 
655000 
781302 
699114 
662604 
794688 
697760 
650469 
784062 
688750 
657656 
667188 
701407 
660000 
759583 
699740 
657084 
794219 
705625 
652709 
792291 
704531 
713438 
797135 
793542 
710729 
667969 
789479 
712083 
650364 
805625 
683750 
647865 
880313 
706093 
653177 
778645 
781511 
708072 
673073 
790885 
706615 
657969 
790677 
702865 
652240 
795521 
704271 
649011 
768073 
707396 
652188 
801875 
690052 
661406 
707448 
693281 
662239 
804375 
695417 
657969 
722812 
718021 
718021 
835521 
798802 
706979 
652656 
793594 
686510 
660990 
794896 
696823 
655313 
798177 
684531 
658386 
804583 
796145 
685990 
661822 
797396 
698594 
662292 
799114 
699166 
699219 
781093 
704011 
674896 
795677 
677708 
688073 
683385 
685365 
687760 
794479 
793385 
688021 
699844 
798021 
686094 
685573 
787500 
691875 
685885 
789895 
685834 
683646 
781198 
814375 
679167 
678854 
786041 
688958 
680313 
794948 
686094 
696510 
739635 
679219 
714739 
1125521 
676719 
677552 
680885 
690521 
671563 
685885 
776875 
695677 
672500 
796771 
771093 
690104 
683282 
766458 
693333 
696510 
764011 
681875 
678334 
777240 
681459 
684635 
766145 
689219 
677188 
769375 
690573 
683437 
769791 
683750 
676927 
793802 
788906 
687500 
686510 
797396 
679271 
684688 
800417 
695312 
699063 
802865 
698125 
682812 
676511 
689584 
679114 
802344 
681927 
678594 
679531 
678594 
677448 
791042 
684532 
688177 
677136 
682709 
683802 
820208 
677240 
683386 
686562 
687240 
692292 
682917 
684427 
684896 
791458 
682396 
686771 
688281 
685052 
709480 
677969 
688177 
719844 
669688 
685104 
692448 
680573 
689948 
742500 
782344 
709063 
691615 
671823 
686250 
687031 
666927 
670781 
692917 
680000 
688281 
670468 
690417 
676094 
674844 
684896 
715104 
678959 
659739 
690156 
683021 
684479 
718854 
686146 
687708 
676302 
692708 
706406 
662395 
682917 
682709 
674219 
696042 
682239 
660209 
699636 
701667 
663750 
685468 
688125 
709219 
680886 
679584 
656667 
662395 
655573 
680260 
661407 
680365 
636719 
654583 
661510 
663750 
650052 
640677 
657240 
679115 
637396 
676042 
680156 
639479 
673385 
651875 
651510 
684844 
633541 
658750 
687813 
635573 
676041 
661771 
657083 
703854 
627813 
694584 
709635 
655520 
678542 
695364 
669114 
677136 
631823 
690885 
721719 
640677 
685573 
679219 
673750 
686198 
727292 
630000 
682343 
729011 
658698 
688802 
731927 
637604 
691771 
708958 
644532 
710989 
632083 
710573 
672292 
642188 
704323 
672760 
638229 
695521 
707344 
642135 
690312 
713854 
644219 
703020 
627656 
732604 
763021 
626615 
731823 
1483177 
702031 
730937 
768802 
635886 
725781 
766198 
650937 
729635 
771354 
636250 
732135 
756927 
638229 
703072 
711510 
700468 
689479 
695000 
707135 
693073 
700521 
647031 
675260 
725521 
626771 
757917 
673385 
638906 
793437 
649687 
659323 
785364 
693698 
633489 
789167 
699219 
628959 
830000 
711458 
733646 
706823 
718854 
717032 
716823 
810573 
681511 
647396 
749271 
692656 
648438 
775886 
675156 
646770 
773021 
672605 
641563 
793021 
676875 
632656 
721146 
665625 
637708 
708593 
658333 
777084 
685625 
648802 
780885 
649531 
659427 
731979 
657344 
649687 
772135 
659010 
626459 
765468 
678386 
649636 
784270 
659427 
646511 
743802 
663021 
645104 
805469 
665260 
639844 
774479 
672395 
638125 
791146 
656615 
638594 
787292 
669167 
635261 
660677 
645989 
778229 
652656 
647604 
800781 
660209 
644532 
755000 
652552 
643697 
811302 
659531 
648281 
756354 
653229 
648177 
767917 
664011 
651771 
764218 
656615 
643854 
761667 
661146 
639896 
655209 
616354 
773490 
657500 
625000 
785052 
674583 
652083 
803021 
635677 
633646 
765834 
661719 
646875 
784531 
680312 
651041 
775625 
650261 
649531 
786719 
669011 
651303 
759219 
655625 
649323 
758125 
650365 
654167 
756771 
661302 
668490 
655313 
645000 
767917 
649011 
653125 
788906 
648802 
644688 
778646 
649740 
646667 
751562 
652135 
650416 
777552 
673125 
660156 
771980 
645781 
649844 
778593 
652604 
742657 
759427 
661250 
637604 
745885 
668073 
652969 
754844 
665781 
651145 
762708 
643281 
645417 
664271 
656823 
750729 
676823 
643386 
656198 
647448 
646198 
617500 
659792 
649375 
656719 
616094 
1108854 
654375 
648906 
679323 
641041 
670052 
630417 
662969 
662084 
651771 
668125 
642239 
653333 
641562 
642552 
679323 
637969 
655573 
676719 
651094 
661771 
661250 
644532 
680365 
682761 
638281 
679166 
673646 
624219 
664792 
659323 
639844 
643594 
663490 
649584 
654844 
654114 
646719 
639583 
673541 
663489 
666823 
680885 
640625 
675729 
680729 
669427 
668542 
621562 
659271 
676875 
628907 
662969 
684687 
639531 
679167 
640156 
665469 
691354 
632709 
665000 
682500 
607552 
689062 
710990 
604010 
669791 
668385 
655208 
662188 
621927 
666094 
670469 
645156 
687291 
623073 
671770 
671458 
657396 
684167 
678020 
639740 
701927 
602917 
681511 
699687 
635572 
678802 
681979 
714427 
741771 
712083 
628855 
710990 
676458 
650208 
696459 
630677 
672917 
708281 
671563 
668698 
694636 
605833 
688385 
752396 
641927 
683333 
695573 
626093 
678750 
698281 
669270 
670260 
626458 
682709 
676562 
628906 
677448 
712604 
620208 
678542 
623385 
657552 
658645 
740520 
705782 
752135 
654271 
682552 
684375 
620781 
702500 
757344 
617813 
727187 
755156 
635677 
668385 
656667 
661458 
641406 
735781 
619532 
702500 
751042 
666146 
694323 
759635 
607760 
701042 
754218 
615416 
700625 
623802 
732447 
805365 
619271 
672344 
676406 
626093 
662604 
727657 
636093 
724636 
798646 
624010 
730156 
812031 
650468 
738125 
798958 
640625 
702239 
671719 
631042 
724636 
797916 
593073 
670573 
719895 
651614 
704062 
794688 
635260 
666979 
725469 
624635 
686979 
697604 
613281 
683489 
644427 
665104 
696771 
603542 
681719 
690468 
651250 
685625 
627240 
681406 
680053 
612604 
1162604 
665573 
695625 
593907 
674479 
735469 
605625 
690625 
715781 
710729 
701614 
753803 
716406 
732448 
707292 
706979 
624739 
638802 
752500 
637708 
654531 
704218 
624428 
672969 
618958 
722552 
803907 
623021 
770937 
804115 
602136 
642761 
727760 
598333 
703073 
687969 
627083 
678646 
698594 
669427 
752031 
672188 
752864 
755625 
741094 
672188 
661979 
714532 
799740 
743906 
669219 
697917 
705834 
623386 
677865 
629427 
733802 
810365 
630833 
725000 
697083 
626458 
728386 
804479 
645625 
711979 
796198 
738958 
619844 
709948 
626406 
695885 
720208 
607604 
735416 
800833 
628229 
723698 
801146 
617032 
657605 
672968 
630157 
727553 
806146 
675781 
732188 
794583 
630573 
638385 
694584 
637032 
686146 
688385 
596822 
661979 
692969 
628386 
675834 
622760 
665677 
698021 
636719 
650365 
699167 
596823 
675625 
632448 
665000 
676823 
625573 
722448 
801667 
640364 
725104 
788802 
636927 
715416 
794010 
759479 
644531 
693177 
631302 
720625 
798802 
739323 
624166 
695104 
625260 
721250 
791094 
635260 
727656 
797604 
622136 
686406 
677604 
652135 
722552 
806407 
640313 
713750 
799271 
632552 
698021 
674791 
628178 
726927 
760156 
648958 
664740 
690573 
610364 
677917 
687187 
620521 
653750 
646979 
723959 
807292 
796510 
632187 
700156 
793906 
638333 
715209 
802812 
761354 
634687 
714375 
632969 
624063 
697083 
617083 
726823 
801198 
647500 
771614 
747709 
641407 
622916 
688645 
602552 
684635 
674166 
644166 
674479 
665781 
650885 
681823 
707917 
632083 
695677 
690937 
790104 
638802 
682188 
702865 
643646 
710052 
748594 
676875 
684166 
682864 
1386667 
645104 
664166 
694271 
688855 
624531 
654062 
697864 
615000 
677709 
688959 
631250 
684740 
699948 
625729 
694063 
622396 
725782 
803958 
594063 
729375 
800573 
630781 
720781 
680469 
625365 
708959 
678542 
627813 
699531 
760625 
599271 
676875 
680104 
627969 
692500 
624375 
681979 
681823 
635468 
680989 
685104 
628125 
693281 
631823 
673489 
685208 
624479 
701667 
657135 
619219 
682344 
689635 
620990 
725885 
677917 
661458 
684896 
618281 
679740 
750729 
625313 
697969 
744792 
647916 
695729 
744948 
636667 
642031 
679791 
688177 
756198 
620417 
659375 
629583 
669011 
678229 
667968 
643437 
697865 
685677 
686875 
679948 
688385 
682708 
685104 
614166 
736094 
793855 
661667 
712865 
821614 
627084 
715104 
799427 
626042 
707448 
747187 
625989 
664114 
757187 
623646 
679219 
748229 
635156 
694010 
796094 
611094 
695261 
756718 
624270 
700677 
765208 
605052 
698281 
755104 
610052 
698959 
770209 
614271 
708803 
700573 
654062 
689011 
617813 
719844 
796771 
636511 
722135 
771146 
678698 
668333 
676927 
617864 
724844 
838646 
636041 
719791 
795105 
653802 
693593 
672500 
614115 
725729 
796980 
632500 
767032 
639427 
633698 
702239 
716093 
649791 
676250 
660833 
682291 
694688 
660729 
649375 
885417 
685886 
658646 
1662240 
697656 
671197 
660834 
656407 
663854 
780573 
699740 
726042 
660625 
661145 
678698 
687761 
676407 
680000 
650104 
775260 
645521 
807500 
674635 
655261 
743698 
652240 
654583 
828437 
681458 
737864 
736718 
705989 
771042 
667656 
737083 
726510 
762031 
764375 
666615 
712031 
719375 
704792 
735937 
715156 
742032 
749167 
1367344 
733437 
720938 
719479 
739115 
724635 
727604 
758386 
747917 
716823 
722083 
717188 
711510 
710417 
654636 
734740 
737031 
690990 
773073 
730157 
753802 
769375 
764531 
824895 
761042 
747344 
718802 
649844 
667656 
750468 
718386 
727969 
731146 
702240 
766250 
768698 
710469 
774062 
754688 
798438 
745156 
745625 
749167 
706094 
722552 
766094 
749688 
762083 
725313 
753698 
4657500 
683489 
7276354 
645364 
668959 
685104 
671771 
673229 
670469 
661198 
683385 
671770 
659895 
667916 
646979 
653438 
654375 
658333 
665208 
663073 
648646 
660468 
655573 
669063 
9865416 
653750 
677969 
648541 
672239 
663073 
663125 
675104 
658958 
677344 
665000 
675730 
678489 
638542 
685833 
671406 
655208 
718073 
662448 
678958 
657761 
676406 
667812 
9054323 
661719 
689427 
652761 
662813 
679115 
664635 
647865 
661510 
660104 
665364 
660469 
660782 
649375 
687187 
684896 
676823 
646094 
668489 
693230 
653542 
693125 
682760 
684063 
8397500 
668125 
666771 
648073 
654844 
656093 
671563 
656563 
654947 
681667 
679271 
684166 
665313 
647083 
676458 
678281 
663282 
668750 
652761 
686250 
653958 
678020 
646666 
9172240 
655782 
683958 
649323 
653855 
660104 
691407 
666198 
676614 
648593 
669010 
658803 
675678 
653333 
674218 
657239 
662761 
660312 
685052 
682552 
665469 
646562 
9807239 
643854 
686718 
678959 
677239 
662344 
670156 
668750 
673542 
684479 
676094 
676250 
654531 
675677 
675625 
664791 
657188 
675782 
667031 
663490 
669427 
665052 
673229 
674271 
675313 
670625 
674948 
659010 
667657 
998802 
673958 
663125 
666979 
670260 
651250 
657344 
658125 
661354 
1216510 
1407760 
654583 
709063 
742864 
737448 
809114 
675052 
643593 
653959 
681719 
747135 
713594 
667343 
734792 
3840313 
816250 
677291 
754688 
739219 
737812 
717083 
712084 
734531 
8855990 
657813 
660573 
663333 
660364 
666042 
658906 
657969 
670260 
662656 
659219 
672291 
662187 
652292 
667084 
653645 
666979 
648386 
662448 
660573 
664583 
763386 
756458 
743593 
752135 
760156 
754895 
755104 
852761 
741146 
757136 
743541 
696354 
636927 
642240 
634011 
639791 
634375 
639635 
631094 
650364 
637396 
631094 
644844 
633021 
633959 
692761 
646355 
645573 
633385 
640729 
638125 
663645 
635938 
639531 
641250 
639219 
638125 
639271 
630833 
638333 
648333 
645833 
645885 
638802 
636041 
647552 
641979 
649531 
640000 
645521 
638750 
650885 
639896 
646875 
638072 
643437 
666302 
647500 
643645 
643802 
642709 
645521 
664167 
637500 
642084 
637917 
644115 
642656 
630468 
649323 
636042 
638854 
643177 
645989 
630052 
642604 
641927 
647136 
640052 
643698 
639635 
637969 
644011 
642552 
629896 
646615 
640417 
651355 
656614 
642656 
640781 
637188 
636354 
661980 
643906 
644010 
638490 
640885 
636927 
642552 
633073 
643646 
647448 
639687 
636875 
640782 
640677 
642605 
640521 
648489 
636823 
644583 
634115 
638438 
636042 
639219 
637708 
637084 
639635 
647396 
641875 
666250 
634948 
656823 
665521 
641718 
680365 
632709 
636771 
676719 
652188 
640729 
646979 
633646 
676198 
608854 
644062 
632969 
620989 
688021 
604010 
644635 
633645 
659635 
678646 
597188 
636979 
680209 
616094 
648178 
638594 
645938 
684687 
623907 
646354 
647760 
587969 
634740 
642709 
1090104 
669323 
694427 
623906 
652292 
638333 
668750 
687604 
617031 
658958 
689271 
624792 
652969 
632761 
657708 
688021 
621614 
667760 
698854 
617864 
653125 
645312 
669218 
686666 
628959 
673854 
700417 
597813 
643489 
638906 
680938 
707396 
604895 
683385 
706042 
617135 
648333 
629947 
672031 
717188 
622656 
683542 
710052 
593854 
698541 
700260 
594010 
633697 
644010 
672604 
707969 
597552 
679844 
709167 
603646 
645000 
642395 
681875 
711979 
620208 
671250 
705260 
600520 
648802 
645468 
674739 
750364 
636250 
694323 
745417 
621510 
682917 
753594 
616875 
696615 
749427 
618125 
685677 
744636 
618854 
648906 
643646 
688542 
745417 
616406 
720625 
751771 
618646 
695260 
754896 
599375 
709271 
748698 
619584 
687656 
753698 
612604 
684739 
749115 
607865 
683802 
741771 
604219 
645521 
646302 
677760 
757344 
617187 
680313 
750625 
622500 
680209 
750625 
615000 
690052 
747135 
620833 
641042 
633542 
676146 
789427 
621510 
715678 
802136 
626615 
711094 
801771 
633802 
716146 
800052 
636771 
655156 
657709 
634219 
708021 
803594 
640833 
748281 
799270 
625261 
724948 
803229 
620521 
648281 
652969 
644791 
672031 
714322 
624843 
690885 
714167 
606146 
685052 
708802 
621666 
660989 
643698 
672396 
715520 
620834 
689167 
723177 
605938 
725885 
795625 
763906 
659583 
648437 
645312 
701875 
801355 
644531 
724115 
773750 
649844 
671719 
772031 
621146 
702709 
752761 
622136 
682656 
789427 
643698 
670261 
774427 
632709 
677084 
738698 
650209 
687812 
726511 
609271 
686458 
740938 
581771 
644688 
638386 
643959 
640313 
638593 
668594 
644166 
704687 
1716459 
890156 
733386 
642656 
617812 
957916 
1003333 
635156 
657344 
821875 
974844 
915989 
646719 
651615 
794792 
873906 
610313 
788020 
950834 
1030416 
1031354 
694428 
647031 
800729 
629166 
623385 
836562 
782187 
637969 
832552 
720000 
632083 
825782 
964115 
966042 
613906 
647657 
932813 
687916 
614531 
947396 
692813 
1082864 
1340417 
696197 
604323 
645469 
643958 
635677 
664791 
991511 
626979 
669792 
936250 
1232500 
608906 
667448 
616927 
653230 
649167 
655312 
998593 
1014947 
652709 
657605 
629948 
640156 
660208 
769427 
813125 
790260 
781667 
940573 
898125 
900990 
937291 
747604 
840521 
837344 
801875 
678906 
669896 
790625 
752500 
745729 
643750 
687969 
670520 
687552 
685833 
658958 
723020 
663229 
780521 
635989 
696146 
652136 
726354 
711146 
716458 
717761 
718333 
642188 
686146 
715729 
715885 
715573 
717032 
643854 
705937 
660156 
651979 
704687 
643020 
686198 
705781 
652291 
717917 
717396 
714479 
641927 
686667 
709271 
643958 
714791 
648177 
683230 
726927 
644739 
714896 
719531 
711146 
649896 
642344 
620885 
758177 
678802 
630573 
763698 
801562 
814947 
825677 
807969 
641042 
615052 
718750 
810573 
640990 
721979 
808021 
646458 
669896 
665209 
626615 
723333 
760208 
622500 
679895 
770052 
621146 
693021 
762448 
621666 
696094 
767239 
622031 
698906 
749323 
625729 
691615 
749584 
626667 
734896 
753281 
626770 
679115 
607396 
709271 
849218 
654896 
656927 
679271 
626407 
719427 
813229 
648855 
720885 
799219 
643490 
672553 
662239 
632552 
730886 
783854 
632083 
789687 
807604 
813594 
809323 
860677 
640520 
671355 
617083 
674115 
1189063 
644375 
644271 
640782 
645313 
715312 
788230 
667604 
715208 
797552 
640000 
712136 
797292 
609479 
715990 
808021 
621094 
712448 
763958 
654948 
710677 
798959 
641459 
721354 
808594 
650052 
660156 
649375 
657760 
703646 
812500 
640833 
727553 
794375 
640521 
658750 
651979 
649791 
712657 
795885 
619219 
722136 
799167 
640469 
662448 
648854 
623542 
728593 
795573 
736459 
638333 
657448 
614479 
715781 
797240 
638542 
712136 
815469 
601875 
764479 
858802 
806927 
849792 
670156 
676198 
627188 
753385 
846094 
868959 
635678 
685782 
710156 
600000 
658594 
656823 
681250 
756041 
646771 
761407 
855573 
620833 
655260 
655209 
626406 
688229 
706146 
619114 
698073 
716615 
597968 
673281 
646354 
691927 
715938 
618542 
679896 
720729 
631667 
705416 
719114 
641094 
720104 
725573 
658542 
635156 
644115 
642448 
652657 
664219 
661667 
637292 
642552 
640625 
633125 
636354 
649480 
649792 
649063 
649688 
649323 
641615 
635938 
652031 
636770 
653073 
661302 
664740 
660156 
688333 
636927 
651510 
630208 
662656 
691771 
654896 
661458 
758803 
635573 
660677 
722187 
619687 
679167 
625573 
653282 
661094 
639739 
645105 
677396 
632917 
667239 
628490 
658698 
704792 
615104 
682083 
674114 
621302 
678334 
622656 
659688 
696615 
642188 
639895 
664219 
669010 
678541 
688750 
680156 
686927 
677500 
681927 
641198 
727968 
801146 
616771 
680000 
637969 
650521 
720521 
794843 
636094 
731927 
636146 
652865 
637864 
665834 
623959 
705364 
664375 
655625 
694479 
616823 
671718 
728854 
602187 
670521 
627448 
721927 
670313 
663385 
731094 
805052 
747292 
625261 
1080365 
641719 
640781 
639114 
722291 
552604 
757604 
801614 
754739 
644531 
667188 
616302 
765781 
846979 
853333 
813073 
581094 
654010 
641823 
757396 
846146 
626354 
763959 
794688 
809427 
825000 
812604 
718541 
609687 
658958 
651198 
637916 
763125 
879115 
635260 
649688 
654375 
598854 
702969 
762188 
605573 
682552 
756302 
603229 
660886 
626771 
764063 
858177 
835104 
811041 
786145 
751302 
822604 
812344 
807188 
748646 
659375 
651458 
749323 
804792 
814948 
619844 
665625 
649219 
723594 
792969 
626146 
775937 
904167 
830260 
802343 
799479 
748333 
673959 
660364 
666771 
650885 
676459 
704219 
652136 
759583 
884532 
839427 
641302 
685990 
710885 
614063 
690104 
771511 
594688 
688282 
708282 
616666 
655052 
677396 
678593 
720208 
620208 
714844 
797188 
590573 
707917 
797761 
744791 
633958 
664271 
653020 
703438 
795208 
637865 
728230 
845677 
639688 
723281 
794219 
636458 
726198 
788490 
638438 
715000 
805104 
635834 
720521 
650573 
652761 
648438 
661145 
633489 
744740 
728802 
711875 
723177 
709219 
628281 
689896 
717239 
620833 
673489 
628073 
669584 
718594 
622969 
677760 
628542 
708229 
691146 
746042 
677604 
617135 
716042 
792865 
660938 
678229 
792864 
645625 
649584 
738958 
598073 
767968 
853802 
807865 
823646 
702552 
695730 
614739 
770261 
854948 
870052 
635625 
750052 
855990 
832604 
804062 
662656 
783750 
739791 
628125 
697916 
628125 
768021 
851875 
809218 
802396 
643125 
652605 
637708 
679271 
630833 
661719 
722500 
665521 
642656 
688281 
628906 
766927 
646875 
633750 
687760 
647344 
682917 
674636 
636510 
739219 
794479 
1698958 
754844 
672344 
602916 
768333 
716406 
617240 
764479 
723750 
626198 
719115 
800730 
649479 
732813 
799218 
630729 
675521 
707916 
630208 
778541 
684219 
655730 
758282 
611771 
658125 
755729 
685781 
610261 
777604 
690104 
630312 
724740 
803489 
626458 
727448 
747500 
627188 
762813 
861979 
805990 
727448 
620417 
786354 
628698 
722187 
790937 
649688 
769583 
861719 
810730 
810938 
731875 
675417 
670885 
752864 
848593 
811198 
613021 
675625 
620052 
724636 
804480 
709531 
651302 
696563 
618073 
730105 
801979 
595313 
729531 
809323 
645208 
693333 
671771 
627812 
725573 
822395 
734427 
629427 
717968 
670677 
679583 
677448 
629844 
760677 
862812 
822916 
800208 
799479 
811615 
612968 
663229 
687239 
602657 
767865 
847292 
603281 
676459 
657083 
658021 
748906 
831823 
649479 
669531 
657760 
621615 
759219 
910677 
806822 
802969 
823334 
805208 
605417 
674584 
747500 
856094 
818385 
739271 
656771 
666927 
656823 
656667 
664063 
735000 
798958 
643542 
718645 
796458 
636719 
720573 
800312 
637240 
696875 
656354 
692969 
665625 
663281 
602032 
711458 
750104 
711094 
693906 
714948 
616302 
691093 
711302 
601510 
672864 
610990 
677605 
715052 
615052 
706927 
716094 
616302 
691302 
718854 
614531 
667135 
647708 
658437 
706198 
622292 
684687 
714010 
622292 
691146 
711823 
622188 
683855 
711511 
617396 
661458 
641615 
695208 
793021 
626979 
708646 
798125 
633177 
729010 
849687 
621719 
718489 
797864 
644948 
657917 
656094 
657552 
739740 
854166 
805469 
741562 
706510 
794948 
638438 
643229 
777657 
615677 
711354 
803229 
634375 
725573 
750469 
1085521 
611927 
712656 
802916 
723177 
636822 
655990 
601198 
724375 
792500 
636094 
758958 
856511 
812083 
824479 
718698 
671042 
644270 
710989 
783750 
642084 
720886 
800261 
652604 
658646 
642865 
655208 
704844 
806198 
638489 
731302 
795469 
628490 
687969 
716303 
598229 
691198 
706979 
685364 
698073 
715677 
615208 
696042 
714166 
625833 
663073 
654218 
668958 
712604 
592969 
697448 
718020 
601198 
684531 
717500 
619843 
659740 
652500 
677448 
718282 
600521 
688125 
709948 
616302 
695573 
707135 
611666 
677500 
652031 
676093 
712084 
605885 
704167 
703750 
615990 
682500 
723281 
613541 
670417 
634739 
691667 
706459 
621250 
690937 
717865 
686614 
703958 
662604 
690260 
620833 
692812 
694688 
641198 
692604 
630469 
646510 
686927 
647812 
720677 
634010 
643386 
668645 
621875 
749635 
804011 
638646 
651875 
682031 
622188 
720157 
789740 
638281 
725000 
623959 
664948 
677031 
754010 
594843 
685990 
749635 
601458 
660521 
617135 
696563 
758907 
616614 
701562 
750313 
625052 
667813 
778959 
645625 
704271 
785261 
653229 
647188 
642552 
626354 
726875 
793072 
739740 
621771 
751354 
635208 
735781 
788542 
644115 
676146 
717084 
635052 
732969 
662709 
648125 
718959 
798490 
595989 
732083 
792031 
625885 
724218 
804167 
638490 
753646 
846355 
826719 
806562 
603542 
673490 
632813 
690208 
626718 
789896 
674687 
629791 
702605 
756458 
619375 
735364 
752864 
622968 
729896 
802396 
638698 
694010 
711459 
632135 
697656 
711875 
617604 
716823 
683385 
627187 
733125 
797500 
626875 
763854 
713333 
614427 
768854 
849740 
622396 
675260 
714166 
703282 
1165000 
639739 
676719 
656302 
646719 
673698 
721094 
614583 
679271 
617188 
694427 
711823 
647135 
694896 
670000 
622604 
665312 
668698 
671198 
675417 
620000 
647864 
687708 
619635 
657396 
677448 
651406 
682396 
610781 
653802 
666198 
632344 
661719 
642604 
645104 
679011 
626042 
684166 
677761 
608177 
674843 
683594 
595834 
714063 
636563 
684532 
709948 
614792 
690990 
754791 
626355 
710209 
708281 
628906 
704115 
620208 
701406 
727969 
616041 
679010 
715885 
597813 
760364 
672813 
706354 
709636 
864688 
669427 
617031 
693542 
617917 
722239 
769010 
615990 
721094 
693437 
623230 
670521 
652187 
695156 
764323 
601198 
711458 
765417 
601823 
697709 
674531 
633177 
707448 
681614 
676302 
680885 
663333 
662969 
668959 
712656 
656459 
687396 
675208 
663490 
673177 
670782 
646511 
647396 
662031 
653646 
649948 
655208 
667604 
650365 
648854 
634740 
658542 
650312 
655625 
642969 
654740 
648073 
664896 
659896 
661562 
640000 
653438 
650313 
652812 
652135 
775260 
646562 
645208 
658177 
654062 
647447 
655365 
653177 
647656 
662864 
654062 
643073 
663177 
641927 
659791 
647032 
656719 
649843 
676771 
654740 
657188 
688646 
672448 
652395 
662240 
655000 
655209 
659167 
647395 
669427 
661510 
643177 
647656 
645313 
650989 
662395 
650834 
655313 
661302 
649062 
641927 
645312 
664948 
702500 
666250 
643281 
658386 
657708 
669166 
649531 
661198 
644011 
655365 
650156 
664583 
646771 
654271 
643385 
657135 
645781 
674532 
658438 
656614 
641718 
649531 
680729 
682864 
649740 
651250 
659687 
646042 
642813 
681198 
655261 
653489 
643489 
655260 
654115 
1201146 
655573 
658959 
658646 
649688 
650000 
660417 
653438 
606510 
646823 
655677 
650989 
653958 
645052 
654687 
651979 
657865 
656093 
657656 
648489 
661041 
652396 
713646 
691980 
671875 
689323 
700833 
689896 
700157 
714531 
658698 
654531 
677239 
656875 
669271 
686979 
661354 
1534739 
4017188 
713803 
651615 
650052 
637448 
640625 
648750 
638698 
647656 
671041 
643073 
637812 
645417 
634584 
634792 
640573 
641823 
636198 
637709 
649219 
638281 
642291 
650625 
658385 
637292 
638072 
637916 
660573 
639792 
634896 
641667 
623959 
639115 
640000 
650208 
627657 
636041 
639271 
670417 
632865 
648698 
635677 
638698 
643438 
654531 
638437 
638073 
637240 
643438 
659635 
648229 
627968 
646927 
640937 
642812 
640937 
647864 
648073 
680730 
641562 
638178 
639844 
641719 
640677 
687865 
583021 
643698 
641823 
645625 
634636 
642761 
636979 
638489 
642396 
650365 
653802 
626875 
642812 
641042 
624063 
652813 
632864 
652187 
635729 
646980 
658177 
630416 
646250 
648489 
633125 
645365 
653385 
645313 
641146 
639479 
681406 
636875 
647552 
668906 
621354 
649896 
701198 
639063 
645000 
633542 
644375 
675417 
624427 
649062 
675729 
627239 
642239 
637291 
639062 
683541 
628958 
649635 
637292 
655260 
679218 
622031 
650156 
694271 
600677 
647187 
639843 
640104 
689271 
610312 
645052 
668803 
659792 
675260 
639167 
655052 
687865 
600937 
644219 
677656 
661719 
704740 
611198 
675156 
683646 
635313 
672187 
707708 
603542 
643958 
636719 
676510 
721302 
617031 
648594 
667812 
618958 
664844 
646562 
676198 
682188 
604531 
644167 
689688 
654375 
656250 
629219 
1078906 
683334 
722187 
604115 
694115 
713541 
616875 
650157 
642448 
682344 
715573 
615469 
700000 
710416 
604167 
641302 
643750 
681979 
708333 
596094 
696198 
720052 
625365 
696875 
709375 
615208 
644791 
638281 
683750 
721146 
625105 
682031 
718698 
616719 
683750 
713855 
619792 
649947 
642969 
700417 
759479 
599583 
699427 
796354 
684844 
751354 
850260 
647135 
687552 
644687 
641927 
676823 
753750 
601041 
686250 
752083 
603542 
686823 
753593 
620834 
714896 
750313 
625781 
689635 
759219 
612396 
696094 
751927 
620104 
632969 
642500 
670104 
759375 
598646 
684062 
753281 
622083 
682916 
755365 
622865 
697239 
687292 
646302 
666718 
650468 
697291 
758750 
615365 
691562 
743281 
621718 
701719 
804844 
637343 
719531 
856302 
645052 
645834 
642031 
634323 
703750 
691667 
653854 
706094 
793073 
644427 
709219 
799791 
648959 
712812 
803698 
638646 
738542 
802813 
639271 
647761 
650990 
619688 
713958 
799636 
639323 
718073 
692968 
647604 
709947 
794063 
745469 
638959 
658073 
663593 
713542 
800938 
641719 
711615 
795938 
607084 
722396 
792552 
640313 
717916 
715052 
639792 
707500 
785416 
634532 
712917 
815260 
635573 
653385 
633698 
649062 
710677 
808959 
740052 
620209 
655469 
646197 
709427 
802187 
638645 
716094 
796094 
639480 
739479 
805937 
637448 
650261 
640052 
649792 
701459 
794375 
638125 
707292 
799635 
638542 
715782 
797239 
761042 
622708 
718698 
797448 
632083 
714062 
684480 
656146 
695312 
798125 
736041 
638177 
643125 
649688 
647240 
647500 
704167 
799896 
614479 
715625 
834896 
643802 
715834 
795313 
742031 
632291 
728802 
1623594 
628802 
653750 
671562 
705833 
809635 
736928 
649062 
649062 
641667 
606094 
777656 
640625 
719062 
827709 
626771 
704479 
792188 
739218 
643125 
656511 
651302 
713750 
793958 
639739 
713229 
778073 
645886 
714583 
798542 
741979 
652656 
727761 
792083 
622708 
719479 
804792 
619740 
713021 
797604 
744063 
619323 
669792 
632396 
711041 
791198 
641094 
723073 
805365 
636146 
715990 
797657 
635365 
715209 
779635 
639427 
723594 
790781 
636094 
646355 
654375 
647187 
714166 
791302 
649739 
714948 
800364 
742604 
644531 
713490 
845209 
744115 
641615 
655052 
629844 
714792 
799532 
637032 
713490 
798489 
633229 
720364 
800729 
638021 
716719 
792083 
748854 
603021 
662813 
647083 
707396 
793802 
619271 
714792 
798854 
742604 
635520 
663021 
651146 
722760 
801406 
619791 
716927 
795886 
595885 
721302 
795781 
635833 
725000 
793854 
612448 
761667 
845885 
808698 
807552 
611875 
666875 
636615 
746771 
850260 
767083 
642761 
648907 
649531 
750885 
857396 
608021 
712083 
797761 
744010 
638021 
719323 
821042 
637813 
727813 
799270 
747969 
616354 
663958 
648281 
745833 
845104 
852761 
634114 
659323 
650729 
744271 
851198 
596406 
763125 
851510 
810573 
806823 
711354 
663177 
659115 
762083 
835260 
870521 
625469 
765468 
685886 
654948 
708958 
818802 
634114 
772031 
869115 
806459 
728385 
768437 
862708 
806406 
818229 
691094 
666094 
647240 
747552 
678021 
665885 
709115 
797188 
634062 
722136 
789115 
635052 
766510 
851979 
807708 
804062 
854063 
659011 
678385 
602188 
656563 
653125 
686719 
692448 
599167 
722343 
796094 
644844 
721979 
804948 
1722188 
766458 
638542 
622292 
708854 
795468 
746719 
635261 
670677 
656041 
652187 
652604 
652761 
705208 
799843 
644428 
718594 
791042 
616250 
759791 
805730 
754323 
643021 
765937 
900937 
639062 
773333 
854271 
813385 
872187 
543593 
666302 
655000 
669479 
721094 
617708 
672656 
652552 
754323 
847605 
838802 
596562 
765625 
857917 
808125 
804896 
647448 
714479 
689740 
670000 
710677 
614688 
682708 
693958 
597552 
665781 
646771 
651406 
692291 
620260 
679687 
684010 
619375 
668802 
652761 
657187 
678958 
599791 
672760 
690469 
606041 
654896 
645677 
655312 
688177 
614636 
683333 
681615 
630208 
658281 
651667 
658437 
723490 
611823 
672187 
678177 
619531 
661666 
654063 
666667 
688177 
602031 
671771 
687188 
593437 
654531 
643802 
650052 
696510 
613750 
693125 
683646 
616562 
656875 
641979 
743021 
913230 
815052 
825938 
805365 
808854 
609115 
645677 
762968 
850052 
832083 
747500 
760573 
852135 
813802 
804895 
736979 
649948 
650573 
749167 
692812 
653646 
700260 
810417 
640833 
721822 
799740 
713437 
658750 
747708 
596875 
694531 
747240 
618541 
685573 
757187 
610521 
690677 
753229 
629635 
654896 
654010 
641354 
653750 
648646 
688646 
753646 
620520 
715729 
799791 
645156 
731145 
800990 
638542 
727448 
671927 
684583 
738802 
872553 
813959 
808281 
800313 
747135 
855156 
808177 
824167 
743386 
662395 
655261 
745416 
848177 
825625 
618854 
670833 
647448 
748073 
847968 
690885 
652032 
663020 
647604 
752604 
890104 
587708 
762135 
800729 
807500 
809532 
659844 
659167 
648594 
711041 
801458 
638645 
719688 
803021 
739062 
635573 
658854 
1223646 
656458 
632708 
650989 
643542 
686198 
754271 
621666 
723906 
799739 
771718 
635365 
679844 
616511 
702031 
751250 
601771 
688855 
761771 
628906 
699323 
746302 
627239 
686041 
756770 
616927 
766145 
855937 
670833 
764948 
726250 
611562 
730990 
798125 
613646 
721614 
804427 
636511 
660625 
679584 
657657 
705417 
806719 
759427 
640990 
654688 
655104 
644844 
650677 
628437 
716875 
813021 
622031 
710677 
793125 
640312 
723698 
800781 
634635 
714895 
801042 
751146 
578541 
659688 
675208 
697031 
801927 
746198 
621979 
654896 
654948 
699688 
799688 
641354 
718855 
802604 
644531 
719219 
795208 
591823 
680105 
674635 
619428 
674375 
694167 
598125 
668959 
605834 
669427 
686093 
619167 
678177 
698073 
615989 
659375 
625261 
668698 
725000 
618907 
669844 
694584 
619323 
669948 
724635 
618803 
646979 
641614 
724635 
775156 
611875 
758282 
857396 
812344 
805729 
683333 
664010 
665365 
766250 
663177 
641145 
717396 
797864 
725677 
615990 
643334 
647187 
638489 
638281 
634010 
680364 
625938 
655365 
695521 
624375 
651094 
645781 
655989 
719636 
621146 
686614 
683698 
624532 
657448 
647500 
684167 
753907 
622760 
684687 
752657 
606302 
690573 
733854 
644740 
666511 
674687 
835521 
640313 
690105 
758646 
666459 
720677 
714063 
637084 
670833 
696302 
605208 
642969 
724792 
627552 
699115 
747239 
643854 
711198 
624740 
646771 
684896 
630156 
651823 
664791 
631042 
696302 
683958 
598646 
667761 
624375 
667448 
675104 
605781 
699218 
743906 
628125 
679063 
617605 
657865 
695677 
598281 
684635 
667708 
665781 
702084 
651718 
631562 
677292 
632812 
1082865 
647188 
649115 
648125 
698229 
680000 
635312 
657500 
612605 
668438 
759166 
631875 
731250 
660833 
635677 
665364 
718229 
628959 
688750 
613542 
673230 
679895 
634011 
679010 
694375 
622344 
685937 
616510 
700781 
712708 
631823 
701979 
752969 
607292 
719635 
801355 
620521 
721927 
799427 
804063 
631250 
691667 
622708 
721042 
788021 
634636 
640208 
691094 
639896 
721562 
811250 
623646 
704843 
755208 
609739 
694792 
710208 
628646 
692343 
745625 
618542 
718594 
860990 
739740 
639948 
706146 
628333 
742760 
808594 
634531 
718333 
801927 
626563 
720729 
673490 
678073 
703750 
804688 
756615 
589948 
690573 
677239 
715573 
797239 
743021 
614271 
666562 
626250 
724271 
794010 
644687 
774375 
854948 
813906 
823281 
860938 
708385 
795156 
630834 
714791 
797396 
614167 
728802 
797552 
637604 
732657 
847396 
721823 
748802 
651510 
684843 
676823 
679219 
626094 
762813 
854218 
812813 
678281 
725365 
790156 
638281 
717135 
804011 
612135 
723854 
800521 
642969 
721042 
748645 
666823 
674583 
658803 
670834 
717813 
796667 
746666 
640729 
667240 
606979 
659375 
653541 
648802 
648073 
645156 
654896 
648594 
647344 
680000 
715260 
618333 
688907 
713802 
618698 
666302 
630469 
682604 
705520 
613594 
696927 
710677 
617344 
680157 
715938 
607552 
665364 
646615 
672031 
709375 
620156 
689739 
712969 
615312 
693021 
712865 
616354 
657396 
643437 
668959 
704427 
616718 
694635 
706823 
647031 
680677 
701615 
593645 
669792 
644583 
674532 
712605 
618281 
695052 
711615 
615885 
626771 
645209 
687448 
667239 
607552 
681145 
676667 
615104 
652605 
651458 
1077812 
626563 
699947 
594480 
693333 
718282 
621302 
755157 
801979 
811718 
808020 
810677 
650989 
619792 
749636 
796406 
807292 
838802 
699532 
849791 
762083 
803334 
787448 
800521 
619740 
686250 
714739 
625313 
722292 
755938 
830000 
596198 
654531 
783802 
877708 
806770 
817969 
799271 
590573 
635052 
737031 
613906 
648750 
647812 
714114 
800000 
743281 
635782 
663594 
621875 
708594 
720834 
623489 
711094 
798593 
618750 
726302 
791875 
648333 
711302 
647864 
595938 
720625 
795573 
619270 
719531 
796875 
652084 
690677 
650469 
616615 
763594 
850729 
642448 
765260 
849740 
807083 
828230 
653802 
682969 
608594 
755417 
868437 
888333 
631770 
764687 
655677 
625105 
698125 
639114 
771198 
662032 
622813 
756823 
850052 
604115 
686302 
668490 
613958 
672969 
657865 
596406 
648854 
621771 
655208 
636718 
637969 
649740 
638333 
649219 
636250 
644740 
656666 
678750 
639843 
637916 
640833 
664011 
685208 
641250 
669270 
674011 
616771 
657187 
640104 
713542 
748855 
616146 
694896 
747969 
621511 
719792 
751198 
626146 
705208 
748802 
614688 
692500 
752448 
615729 
693438 
756355 
615208 
687500 
749011 
614896 
713958 
762135 
622604 
715625 
787709 
636250 
723750 
793489 
606406 
729062 
799531 
632709 
720573 
840364 
627448 
752084 
904218 
753385 
626302 
726094 
804375 
640938 
722761 
803282 
651771 
728073 
688073 
616042 
697031 
708438 
600313 
662604 
662187 
671614 
672396 
605000 
695677 
749791 
620938 
689323 
760469 
616771 
702135 
695052 
623750 
682291 
662916 
655729 
671146 
639323 
703490 
660312 
669010 
658490 
695521 
594063 
664791 
622343 
1096979 
635521 
663281 
651458 
685416 
708490 
617083 
654792 
651094 
707188 
686927 
650104 
678438 
773854 
628177 
693854 
699635 
613229 
675833 
700052 
632291 
659375 
652031 
654115 
648541 
651511 
652187 
688177 
603802 
665625 
628385 
668959 
717812 
618489 
718803 
793333 
636563 
714636 
797500 
737500 
634792 
656094 
651510 
679896 
758229 
618021 
695313 
747813 
593125 
694271 
751563 
644271 
659739 
643281 
677240 
649688 
636302 
682916 
711407 
620833 
694219 
703802 
624063 
695678 
719218 
612656 
661041 
626510 
696823 
708803 
615105 
684792 
822084 
616511 
727292 
790677 
735833 
635521 
655208 
624636 
686719 
751198 
613854 
733073 
713178 
619427 
691250 
700260 
622032 
669479 
640937 
704271 
808386 
736302 
640260 
721511 
795208 
728750 
635208 
655833 
635416 
643698 
644479 
711198 
802656 
748594 
658177 
646459 
643020 
702864 
799791 
638698 
724114 
793958 
738594 
749479 
643281 
651510 
646094 
714010 
811354 
761458 
641875 
657083 
644375 
732083 
805469 
637292 
714062 
795729 
640989 
717917 
821511 
734532 
676250 
637031 
646459 
702969 
810573 
638385 
721407 
793334 
640260 
651302 
652500 
646354 
716510 
805573 
742448 
635313 
655521 
667500 
681562 
804010 
643906 
719948 
790834 
603281 
720156 
798594 
620312 
716979 
806615 
583438 
640052 
644167 
647604 
720209 
834583 
635209 
754532 
851562 
828593 
836770 
710208 
792552 
637865 
646771 
644323 
659479 
713698 
785885 
766041 
745781 
846406 
636094 
651614 
706458 
786718 
609218 
728959 
747708 
623802 
685312 
752135 
622396 
723385 
663542 
601822 
643437 
642083 
681042 
750938 
618594 
1066979 
635208 
706562 
652395 
709323 
752500 
657865 
619063 
666145 
634688 
654011 
649895 
693698 
753489 
599896 
661927 
759115 
614531 
687500 
861927 
615104 
681823 
760781 
617657 
696615 
747292 
637812 
726771 
798125 
641510 
712396 
794896 
598645 
642552 
640208 
651979 
647291 
644740 
646719 
646250 
637031 
669375 
640052 
634792 
654896 
629010 
687604 
671615 
650990 
701823 
808802 
639688 
721511 
803021 
642344 
719375 
805573 
643646 
649583 
641771 
657135 
742916 
796354 
636510 
713282 
793282 
635625 
654480 
783230 
759219 
642448 
648802 
644791 
694375 
796615 
615729 
716354 
798698 
682760 
651615 
650833 
635416 
680521 
712500 
597968 
689532 
705729 
611823 
687552 
710938 
597760 
650365 
652396 
676093 
668958 
641719 
692136 
667813 
654271 
633333 
643437 
673542 
753177 
632136 
684792 
760989 
622916 
662188 
702969 
617865 
688334 
741406 
620052 
646041 
646250 
684428 
754687 
618489 
679635 
676927 
656198 
666406 
719166 
615625 
693021 
710834 
625104 
653385 
643906 
671614 
713333 
612865 
692448 
668385 
649115 
639115 
649479 
677083 
712656 
619531 
688230 
715261 
597968 
689219 
711511 
612604 
647239 
638281 
681041 
713542 
619479 
678542 
709323 
617031 
653959 
648177 
682864 
710729 
604219 
689062 
707604 
619271 
650052 
682343 
618750 
644740 
636823 
677395 
713907 
595156 
643697 
643333 
694271 
715000 
617917 
691250 
706667 
610781 
688021 
674948 
658854 
647656 
630782 
661302 
694896 
598178 
666615 
678750 
657708 
669583 
647396 
658750 
694792 
621146 
668490 
683437 
603646 
648020 
644636 
655313 
694896 
604583 
662813 
686875 
1095261 
639531 
651146 
638021 
671354 
722552 
612865 
680781 
751979 
615365 
683125 
803542 
679375 
712604 
720937 
604115 
670052 
689791 
597188 
643177 
638907 
712760 
759063 
582604 
752448 
715677 
630000 
760312 
833490 
621719 
750157 
851563 
807656 
806094 
615989 
781354 
605417 
752396 
865990 
639531 
765625 
701041 
626094 
712813 
755156 
601354 
757761 
858958 
812761 
816875 
584427 
647709 
650677 
652552 
649739 
655885 
721093 
693959 
688802 
685104 
682343 
682916 
692657 
637136 
658542 
660833 
631250 
683333 
698854 
618438 
670625 
664323 
601875 
641459 
637083 
764062 
863021 
814010 
803177 
663802 
696614 
619792 
766302 
632083 
665937 
650000 
715052 
623958 
725365 
798125 
648645 
724896 
799167 
740938 
647187 
686615 
649010 
725677 
796146 
636979 
723334 
791822 
630886 
716145 
803646 
594114 
658177 
770052 
659323 
712708 
791770 
625677 
717083 
809063 
622239 
657187 
729218 
622708 
723437 
795677 
754010 
626406 
682916 
617500 
779271 
795833 
643281 
763698 
857083 
809896 
552135 
686562 
773021 
673229 
633958 
730989 
605625 
666146 
725365 
618334 
675677 
628437 
727552 
798802 
740052 
621094 
687812 
604115 
720260 
800885 
747084 
656667 
701615 
673281 
680468 
681666 
627812 
691093 
736980 
659115 
754062 
859115 
811458 
762448 
646927 
699531 
608020 
724323 
801979 
650260 
767708 
703073 
617084 
765364 
847552 
621354 
773750 
672187 
636042 
677969 
788958 
570000 
686302 
720261 
605469 
682761 
632447 
639219 
653646 
637032 
727657 
794740 
797552 
603541 
664271 
778073 
607761 
669062 
713646 
628541 
717917 
798333 
645365 
720365 
1678542 
752343 
639115 
709062 
610677 
678489 
619584 
678385 
729375 
619531 
723229 
800625 
631459 
719479 
801614 
625520 
614063 
671719 
627761 
770104 
869218 
653281 
625677 
687240 
629375 
680052 
678854 
615937 
680156 
676406 
646094 
698125 
621146 
672917 
646146 
621615 
700937 
711198 
630157 
766511 
876407 
733803 
639583 
686302 
624011 
754584 
850469 
810625 
809427 
623594 
679740 
623646 
771459 
682812 
611354 
758958 
717343 
610885 
717708 
796302 
649792 
751980 
801927 
651302 
734167 
696145 
626042 
726979 
798959 
744062 
638802 
694219 
659584 
718177 
798958 
625625 
724532 
796354 
630938 
726354 
798594 
626354 
642292 
678906 
634062 
713958 
801042 
635625 
719895 
855157 
755938 
631406 
678229 
628593 
763490 
796823 
817760 
805573 
801250 
815938 
605937 
684532 
744583 
854219 
805156 
628386 
705573 
597500 
766771 
863490 
845364 
658959 
674531 
672031 
624584 
757917 
749011 
613698 
727448 
805573 
651718 
649166 
693854 
618281 
703073 
676823 
639531 
683750 
623802 
685573 
715781 
614115 
695990 
709323 
622448 
685781 
725052 
617344 
695938 
714636 
632813 
671562 
662656 
647604 
712084 
614218 
699219 
720208 
607135 
695781 
711354 
621615 
666771 
620625 
686979 
717135 
625209 
728281 
716770 
592239 
691927 
709583 
613593 
703855 
668073 
659635 
656042 
625365 
724167 
1036927 
669271 
707864 
807396 
618906 
764115 
805156 
637188 
722500 
794844 
636771 
654115 
645312 
649219 
670156 
764688 
600365 
693802 
752083 
631823 
685625 
752396 
613230 
692813 
748281 
625416 
691615 
748490 
619167 
659896 
653386 
690052 
747760 
623229 
724479 
1474166 
623020 
659635 
653230 
715000 
796719 
642656 
717083 
798125 
638125 
798333 
798072 
645938 
652448 
714011 
802239 
638073 
708750 
816510 
646302 
717656 
665677 
598646 
687500 
766094 
623073 
695156 
640469 
645833 
655364 
651302 
745625 
944583 
816875 
824375 
803959 
797709 
624740 
655260 
646302 
666615 
645365 
652448 
657240 
741458 
853854 
808073 
804635 
721042 
661875 
651615 
746719 
851927 
809792 
605104 
651979 
649479 
748437 
872969 
705000 
656875 
648438 
639948 
751927 
865469 
586563 
761718 
849740 
827448 
808334 
632240 
664010 
655886 
750364 
845105 
868385 
647708 
704843 
787760 
642500 
634739 
700208 
690937 
751145 
755052 
625625 
690313 
673802 
716302 
600105 
638750 
680677 
618438 
689584 
760052 
629375 
697708 
765625 
628437 
768438 
853073 
689062 
652083 
665313 
663386 
653958 
651510 
652552 
755729 
867500 
616302 
761979 
853907 
824115 
807135 
590468 
711458 
647604 
675573 
712813 
608386 
668489 
661302 
674271 
653229 
643490 
659532 
651510 
660937 
653646 
655000 
659115 
644948 
631145 
669166 
657917 
635365 
653073 
634271 
689843 
767604 
619219 
696511 
759531 
630729 
709740 
775052 
640312 
654323 
696406 
658021 
630261 
708021 
712291 
714895 
716719 
637813 
644167 
634115 
641250 
702917 
630312 
734531 
756093 
641510 
695625 
756979 
626406 
711146 
750052 
630208 
691875 
757969 
627292 
672657 
690833 
637604 
655573 
705677 
625781 
690365 
620104 
678698 
698333 
632136 
671094 
687031 
616146 
671667 
614896 
672084 
684166 
629636 
672344 
717187 
621666 
673073 
615261 
681355 
695000 
621302 
668073 
695260 
603386 
1171407 
602760 
684948 
621146 
653802 
649739 
658229 
675729 
622343 
685677 
710833 
625521 
681511 
606875 
683750 
747604 
619635 
695157 
648281 
622239 
700052 
686927 
635469 
694167 
700313 
614479 
684375 
630469 
726770 
801719 
627240 
637083 
744218 
628958 
726927 
810000 
642448 
724219 
798073 
649688 
674219 
690833 
625729 
721146 
797917 
643854 
716042 
796459 
766198 
645677 
734166 
716354 
681563 
710469 
802968 
762187 
641459 
666563 
665625 
713438 
662032 
659636 
656510 
723438 
601979 
662761 
623542 
688594 
712552 
623594 
692448 
709219 
603750 
696406 
713021 
610989 
674115 
620469 
690885 
710938 
595834 
689792 
709531 
598750 
688645 
620625 
703958 
709948 
598855 
686771 
716042 
593333 
695000 
708906 
597865 
653334 
650730 
665833 
716719 
604895 
686146 
718073 
624948 
665313 
649479 
652240 
646510 
641771 
677865 
708646 
620312 
656406 
612083 
677240 
709479 
613802 
695157 
700677 
616875 
682343 
718542 
619843 
662552 
644948 
673646 
702552 
597709 
680677 
718281 
603021 
655312 
650261 
672187 
705000 
613802 
697552 
706562 
595208 
695677 
706250 
630261 
659427 
647292 
673125 
710937 
623698 
685417 
716459 
621562 
686822 
708594 
615156 
697083 
644740 
712969 
719791 
628490 
693646 
748177 
625677 
766407 
851407 
812447 
843282 
705469 
787813 
644115 
712396 
807344 
608646 
715208 
796458 
640625 
715000 
811563 
648697 
659948 
650573 
652760 
747344 
905000 
848334 
809583 
805834 
824271 
587343 
661146 
692708 
805937 
619844 
711459 
665365 
661979 
655885 
647240 
651406 
660209 
650990 
677709 
745364 
617760 
725677 
848073 
644636 
1086354 
634010 
759323 
638073 
720157 
798594 
645104 
725000 
800677 
563959 
721510 
790886 
642709 
717760 
799635 
552032 
707292 
797187 
621875 
716563 
740312 
660260 
611927 
653073 
648906 
702656 
857240 
749687 
625885 
645312 
653020 
709844 
794948 
639375 
720468 
790521 
642813 
764323 
798646 
640990 
730209 
796927 
658386 
653073 
649011 
656406 
708906 
798333 
781146 
629323 
640677 
644531 
753594 
848750 
649635 
649219 
646980 
637552 
750937 
864636 
605781 
718281 
796250 
640573 
651406 
648437 
641302 
704635 
805365 
623386 
717031 
849583 
630469 
716875 
797343 
747500 
625989 
639844 
655989 
709896 
793855 
640469 
664271 
638437 
647240 
689219 
795104 
641719 
700729 
722552 
625157 
720573 
802604 
643698 
723282 
789948 
643020 
713802 
796094 
730937 
640625 
635729 
649323 
759479 
669948 
666510 
711510 
797656 
623750 
702291 
795104 
608750 
727292 
797917 
625364 
712187 
791250 
630781 
747031 
855208 
817761 
873593 
633282 
666562 
613802 
762135 
857604 
642395 
768021 
798750 
814427 
811667 
697291 
646094 
655104 
709011 
802500 
620937 
716562 
791041 
642812 
654583 
792968 
796302 
637083 
664167 
629010 
689844 
755417 
631823 
685989 
757656 
600052 
683021 
762136 
616459 
689219 
749218 
624323 
992188 
775782 
640208 
650834 
646458 
633541 
703229 
854479 
750677 
643542 
658282 
633386 
709635 
808021 
638698 
761563 
849791 
808333 
649323 
766146 
845313 
809792 
814531 
694063 
655781 
656146 
748646 
856302 
916094 
629583 
656666 
649584 
753750 
844271 
630521 
660938 
655104 
650573 
714011 
798073 
610156 
729011 
801511 
642916 
717760 
1318438 
706563 
799948 
746458 
621771 
671458 
651146 
708386 
687136 
628594 
719219 
907500 
746875 
743750 
644219 
654896 
713333 
647813 
632708 
1642500 
756302 
619948 
718750 
791250 
644532 
710782 
855208 
768698 
647812 
660937 
628125 
717500 
792864 
639218 
761406 
850938 
823334 
724010 
759427 
855729 
833959 
814167 
653958 
658229 
649636 
741719 
685521 
657135 
746094 
855312 
814219 
826770 
811510 
593802 
674844 
709218 
795521 
737500 
626823 
650521 
649636 
695313 
811615 
641927 
747656 
706355 
621719 
698281 
712708 
606823 
669063 
710834 
624843 
711667 
786250 
746042 
612032 
666146 
639792 
647135 
648021 
665573 
754375 
616145 
730834 
802188 
762396 
638333 
661146 
654010 
688854 
713959 
632448 
695313 
719010 
620990 
680990 
702708 
717240 
733437 
717969 
614844 
678178 
705312 
627395 
658177 
644948 
642240 
695260 
613177 
693125 
719583 
607083 
660364 
706927 
627135 
689115 
606510 
690000 
717240 
604062 
679687 
714687 
601980 
665521 
615260 
690000 
698073 
613125 
691511 
716198 
616303 
698125 
702708 
621667 
693802 
626510 
727135 
787812 
738594 
645208 
671615 
616302 
717031 
801094 
617396 
659739 
679479 
630156 
712344 
661354 
625573 
732917 
750157 
634323 
690989 
750365 
607396 
697813 
671354 
1153906 
602552 
672396 
661042 
677292 
689687 
621927 
696563 
749584 
610521 
771042 
741302 
617188 
722708 
806198 
631250 
711771 
797916 
606927 
695520 
754896 
626719 
735417 
815678 
760365 
713020 
629114 
676875 
708907 
722344 
622552 
700833 
753750 
628542 
689583 
752865 
605521 
726250 
757031 
608906 
694843 
755104 
630573 
709844 
1527812 
615260 
691250 
623230 
697448 
713750 
709843 
630938 
664114 
688958 
716094 
701927 
718177 
616563 
690990 
760625 
628281 
729063 
802084 
638333 
718698 
800156 
646406 
757291 
849323 
623021 
723333 
676875 
628073 
755573 
852761 
629896 
639948 
662657 
632239 
642552 
731198 
612500 
724323 
794270 
636771 
718021 
797448 
658906 
704167 
793229 
637395 
716927 
802864 
608698 
690104 
672709 
620469 
721666 
800730 
600260 
718854 
794896 
627031 
727031 
795313 
679323 
671302 
660209 
626614 
717344 
710677 
677760 
677292 
753021 
626771 
697291 
628958 
624323 
683594 
628386 
650000 
694375 
621355 
692761 
755209 
629062 
695209 
752500 
604375 
678542 
632552 
699531 
760677 
594375 
687761 
744687 
614843 
689427 
750678 
610469 
761875 
755208 
615625 
698698 
754843 
646093 
698073 
670833 
615938 
665156 
718489 
630156 
692969 
602813 
688541 
745469 
609271 
640156 
714063 
618438 
727448 
797083 
626927 
714115 
689167 
612656 
717448 
801250 
622916 
716146 
719948 
609062 
700886 
751771 
630000 
696250 
758021 
614635 
695833 
750052 
600989 
687188 
635468 
695156 
761979 
611302 
706459 
753281 
606146 
728750 
797031 
627813 
703489 
744635 
629583 
698958 
765573 
634583 
700208 
760781 
632708 
692135 
752812 
631094 
695416 
749948 
610782 
689218 
763020 
635156 
691719 
758489 
620312 
675312 
697969 
624115 
676614 
662135 
653854 
715990 
617968 
695417 
708542 
619740 
726615 
799270 
662917 
680365 
751406 
625625 
690521 
752864 
588490 
671407 
665886 
714531 
696979 
674739 
658906 
663073 
624375 
682917 
712187 
589583 
672968 
620260 
687708 
708854 
1429063 
599739 
646146 
683073 
755521 
602448 
702292 
756146 
627604 
667708 
645365 
672448 
828229 
632812 
687917 
752864 
605364 
689896 
799270 
605208 
696146 
697291 
618698 
716094 
754375 
618125 
689375 
752448 
621666 
684010 
742657 
615521 
663125 
643282 
669948 
746198 
619427 
671927 
712968 
617708 
684167 
747604 
618803 
664271 
650417 
638125 
704843 
620000 
697239 
710209 
623177 
700990 
721094 
608386 
663386 
653854 
674792 
724167 
620625 
713073 
717656 
612500 
705000 
708646 
614479 
696771 
711042 
618073 
667448 
645416 
677292 
774844 
620625 
687656 
750886 
597969 
696667 
750052 
618802 
687864 
749844 
617344 
695261 
743594 
622917 
686771 
745834 
614166 
667031 
643021 
677709 
755938 
614636 
695834 
784375 
619322 
697292 
749636 
630989 
687865 
759583 
619844 
689480 
749323 
617917 
689427 
756927 
625104 
699948 
719583 
615312 
666510 
652083 
662448 
756771 
622448 
695313 
789480 
632448 
682812 
752188 
615678 
686302 
786979 
618021 
691146 
752864 
592812 
698542 
743594 
626719 
657031 
653489 
655208 
653542 
645312 
680260 
752708 
625886 
694323 
754688 
614063 
685989 
754323 
621093 
656510 
649792 
648750 
647917 
635885 
674115 
750833 
618855 
764896 
857917 
813437 
840000 
809740 
598906 
669427 
705157 
796250 
639844 
752760 
802448 
638334 
724740 
801458 
643802 
651718 
649792 
650989 
715312 
804323 
640834 
717761 
796979 
639739 
659427 
648854 
688958 
700521 
699010 
615469 
727812 
799062 
592552 
718854 
797812 
630364 
652656 
799583 
609375 
721875 
805938 
754271 
620312 
655052 
652083 
709323 
792917 
752083 
752240 
617396 
1120782 
624896 
724687 
717761 
631562 
717552 
796562 
641510 
725208 
883750 
621771 
760208 
856250 
814010 
816041 
554115 
655886 
639688 
752969 
878073 
720573 
637760 
644896 
644636 
717084 
782865 
598073 
710261 
801615 
734740 
617916 
660104 
655052 
681980 
747083 
598020 
687865 
798125 
622083 
761042 
860625 
813907 
873438 
739427 
855417 
814740 
826042 
805573 
644115 
644218 
703541 
801563 
636928 
647239 
660938 
629844 
709895 
791719 
623334 
727240 
798802 
765052 
643698 
654010 
644791 
707552 
767500 
802552 
810833 
807500 
605520 
656146 
760260 
851198 
826666 
621458 
764167 
860260 
814584 
806927 
695625 
664271 
652605 
647604 
633958 
701927 
837135 
746927 
638802 
720677 
795625 
750104 
750104 
860833 
834688 
809583 
751302 
653021 
645053 
745052 
845521 
827916 
612344 
759219 
865886 
808958 
808490 
586511 
675677 
646146 
647969 
653698 
754011 
716719 
614740 
721041 
804479 
639115 
754948 
791771 
621614 
712708 
792395 
639115 
662136 
649375 
648906 
673854 
750157 
617917 
689948 
753020 
607500 
682291 
747708 
621146 
691354 
755573 
617605 
694167 
754167 
614271 
812708 
896875 
751198 
740000 
643333 
700312 
667188 
645469 
649011 
702188 
844740 
623646 
748802 
844635 
825677 
807604 
615156 
649792 
649479 
759219 
847083 
721250 
768073 
848177 
823177 
805573 
707292 
759583 
848594 
808072 
801146 
709323 
651511 
657343 
654532 
646719 
742604 
741667 
623907 
717760 
792083 
649114 
726458 
789063 
638073 
661354 
659375 
618698 
788490 
726510 
616562 
682604 
749635 
620937 
746458 
756302 
651146 
695417 
753020 
615677 
685625 
747500 
1540625 
607760 
653802 
702291 
671719 
619271 
685678 
753541 
622448 
685261 
755052 
617032 
676979 
657448 
641615 
655365 
651770 
667500 
716094 
620208 
716302 
742709 
621823 
653593 
749011 
616771 
686042 
759948 
621198 
713594 
742395 
614323 
685729 
746562 
619219 
662187 
645625 
669636 
751459 
619115 
695104 
751146 
620990 
724896 
755469 
614531 
685156 
753125 
605833 
692812 
752396 
629948 
697240 
750052 
627917 
685729 
669323 
622709 
665313 
649948 
678594 
712917 
624843 
687813 
746094 
622813 
687864 
750833 
622708 
687343 
758073 
617344 
742656 
721458 
622292 
660938 
660156 
640208 
686302 
647552 
708073 
735625 
621510 
728073 
795312 
608282 
694583 
707605 
617448 
688385 
707604 
616979 
662969 
647083 
682240 
703750 
610208 
697917 
708386 
598073 
663698 
623958 
687500 
715990 
593334 
680209 
719948 
595313 
683282 
705469 
613906 
669687 
616146 
684479 
713698 
615886 
697448 
698385 
622292 
690313 
711771 
600625 
663698 
606354 
685052 
706979 
625468 
695208 
710886 
614114 
651042 
644636 
681094 
704531 
622709 
684010 
719739 
616146 
689063 
711927 
615157 
648803 
647813 
675729 
716146 
615365 
690468 
718802 
614584 
684792 
717135 
619375 
691354 
703281 
623073 
668021 
641094 
679583 
713542 
599791 
686667 
706459 
622344 
648802 
645677 
671563 
703020 
620782 
693438 
710885 
623229 
685781 
710625 
613854 
656303 
640625 
683021 
711198 
612188 
694636 
712031 
599896 
647968 
646458 
677343 
707709 
604375 
677708 
715261 
601041 
686771 
713854 
626146 
649635 
642605 
750000 
866771 
725729 
649375 
645052 
648229 
751094 
844480 
606041 
1054271 
638230 
827136 
650261 
799688 
900938 
747917 
618281 
796822 
845104 
647761 
650781 
646042 
644271 
676770 
751927 
625104 
686510 
758802 
618490 
688594 
746146 
601354 
683385 
751979 
618750 
686770 
746771 
608073 
645053 
646459 
674219 
782916 
620365 
677448 
748073 
626094 
678854 
701666 
648855 
673281 
748021 
625781 
690729 
767604 
622396 
652916 
640990 
680105 
748125 
623802 
731666 
790000 
744531 
633698 
645833 
640104 
701511 
783854 
631823 
721614 
843750 
642343 
750521 
668802 
632343 
703906 
803802 
646355 
702500 
801042 
642448 
751771 
804010 
640104 
644531 
642709 
641407 
745834 
794688 
745052 
645000 
660678 
646719 
648073 
633646 
642812 
642604 
649427 
636302 
654011 
616459 
675156 
749063 
601719 
692188 
760937 
629531 
686406 
740000 
617188 
691094 
751927 
612500 
654843 
633333 
682292 
746667 
600937 
669584 
745521 
621042 
683490 
742344 
568125 
654375 
638177 
683906 
741302 
599635 
696614 
748125 
614583 
687031 
758386 
615312 
750677 
711146 
619219 
714532 
798229 
605833 
714428 
787239 
618542 
701615 
791979 
600782 
640156 
638750 
684010 
742708 
616458 
689635 
659323 
643073 
694636 
755208 
659791 
679427 
747500 
617968 
710052 
747552 
597239 
643802 
645573 
667656 
747813 
618698 
695364 
749531 
616041 
682812 
753490 
614167 
710469 
749583 
619688 
708594 
746302 
601407 
686823 
689219 
630573 
645417 
657604 
670885 
683229 
614062 
695520 
744948 
618229 
682448 
752135 
593334 
649584 
639740 
681666 
795938 
563333 
674635 
702865 
617448 
649584 
638542 
676875 
752187 
597396 
684375 
747240 
658542 
678750 
714583 
1403594 
605156 
680208 
683333 
756094 
610261 
650469 
633021 
731145 
782292 
634584 
683177 
752031 
623907 
681927 
755989 
622083 
683230 
746927 
621041 
689687 
756875 
621770 
689062 
701302 
642656 
693959 
714218 
621458 
688698 
706615 
639010 
698854 
704167 
597240 
645416 
646979 
677604 
710573 
610677 
689479 
702396 
612344 
654219 
644688 
672761 
667552 
621250 
692240 
798230 
620625 
714011 
761042 
628281 
688333 
756979 
622968 
680365 
757135 
619635 
653021 
652500 
680885 
744740 
617343 
677969 
803958 
619635 
688177 
750365 
616406 
687083 
752708 
609011 
683802 
713437 
623542 
637969 
674792 
673541 
687708 
593229 
684896 
751875 
632500 
683229 
744948 
612812 
638021 
645156 
677187 
745677 
624427 
688593 
704740 
620677 
690990 
744062 
621407 
689636 
751042 
610468 
693698 
752813 
620000 
684479 
703854 
619687 
655990 
635157 
679427 
705417 
617969 
683177 
750833 
622240 
663177 
747760 
617708 
675885 
649427 
677500 
746719 
611770 
686719 
781718 
615156 
690000 
750573 
606563 
690313 
762083 
600990 
688386 
746302 
601771 
677448 
655417 
625990 
646146 
645000 
669114 
701771 
616198 
659948 
638698 
684115 
711041 
606459 
681510 
713437 
598646 
690625 
706875 
613906 
653489 
638541 
675208 
747188 
626354 
680677 
687917 
618750 
690052 
752865 
618489 
691041 
753437 
617291 
642708 
637239 
673645 
731354 
596145 
674583 
719635 
603542 
649740 
641354 
672552 
720937 
615313 
687031 
706146 
615937 
690677 
717448 
603021 
656927 
648593 
680990 
708541 
617083 
684375 
709687 
620261 
692917 
701979 
601822 
654687 
642916 
714687 
839271 
645886 
1086198 
634895 
751615 
630625 
686511 
752083 
615834 
691667 
761198 
643542 
686823 
708489 
627969 
710625 
795052 
604583 
724739 
802864 
745573 
637083 
653333 
637500 
720677 
803437 
641823 
716302 
853803 
643490 
723334 
798542 
622917 
721458 
806510 
643802 
708178 
796250 
639010 
679531 
646667 
646563 
708333 
792865 
741823 
603282 
652604 
654687 
706562 
800886 
645104 
716198 
796771 
620260 
715468 
789166 
659219 
703594 
805364 
642448 
661458 
646719 
666355 
710677 
819844 
750729 
638855 
718177 
780000 
646875 
721511 
796511 
642657 
757240 
802500 
733854 
638802 
648177 
645000 
711146 
800000 
644479 
719427 
798125 
637656 
749532 
850052 
806823 
821979 
774062 
753698 
843177 
822864 
804843 
744948 
654948 
651719 
754948 
865572 
815625 
603542 
653489 
648906 
754427 
847969 
707865 
658177 
659844 
645104 
750261 
868593 
600729 
771354 
846875 
810938 
803907 
623281 
664010 
656145 
752343 
850000 
884479 
632395 
777083 
807291 
799532 
813542 
551614 
783958 
736614 
620938 
647292 
677500 
655677 
654844 
642343 
648645 
646198 
760990 
795937 
765000 
640885 
659739 
651146 
712656 
795834 
749375 
637396 
663489 
651198 
711146 
798333 
636875 
717813 
799375 
597969 
721407 
799688 
637813 
652865 
661458 
646511 
714427 
805208 
639219 
728281 
815625 
631458 
666823 
659635 
629427 
722656 
716875 
614375 
686667 
745469 
610521 
704479 
810729 
621719 
720000 
803802 
618229 
721979 
810157 
619948 
839479 
809687 
813490 
608489 
665937 
809635 
643020 
626250 
706459 
631614 
653855 
639791 
699688 
797188 
672604 
700990 
799635 
613594 
710625 
796406 
1300469 
595469 
656510 
759739 
798958 
606354 
761771 
843021 
824896 
809115 
641875 
662239 
641198 
647969 
636719 
752135 
602187 
645886 
753020 
857813 
809427 
745573 
647760 
646302 
713854 
814531 
717917 
595364 
652708 
644114 
708489 
790260 
823229 
627448 
649427 
643073 
765156 
841615 
657240 
643750 
647604 
645521 
754479 
847187 
610469 
643854 
647916 
644010 
764167 
895729 
621927 
753646 
848229 
826302 
810313 
525312 
649219 
642656 
739947 
700572 
620573 
686511 
718489 
618542 
691094 
711198 
640573 
649531 
649948 
683282 
711354 
618802 
719480 
717031 
708802 
843489 
842239 
720156 
720000 
703021 
716927 
618334 
731302 
767604 
626615 
670521 
759010 
704896 
632396 
776979 
676250 
626406 
764375 
696354 
618750 
748229 
688593 
612292 
680521 
623855 
781771 
654271 
628489 
685833 
676198 
624792 
668906 
675312 
631198 
659532 
629479 
767604 
695312 
645834 
751250 
659115 
630833 
697917 
653907 
634791 
773646 
650729 
640886 
655208 
665208 
698906 
646927 
643646 
763438 
657291 
642187 
754583 
660677 
624479 
757604 
658646 
641042 
650208 
636615 
772344 
658437 
640677 
770833 
653855 
641875 
764010 
655938 
639323 
775157 
648281 
646042 
758803 
663438 
650989 
750416 
658593 
609219 
638594 
634166 
788541 
649896 
650937 
775521 
659167 
625469 
756927 
655938 
661615 
772396 
642656 
621458 
766354 
658125 
632657 
647239 
639323 
766563 
648021 
642239 
758489 
653802 
635729 
759323 
650833 
638802 
759739 
662240 
646094 
766823 
638646 
636041 
650521 
648698 
767343 
703645 
641198 
786614 
652448 
638802 
770677 
651406 
630104 
773229 
653906 
1091146 
647136 
766302 
647969 
646458 
764322 
643230 
648125 
768333 
646302 
640104 
642708 
633646 
755052 
647396 
645000 
592344 
735313 
630729 
703386 
643750 
638854 
635468 
645104 
725834 
646928 
703021 
786302 
643698 
637292 
743437 
641198 
638646 
732969 
639583 
639948 
646718 
629270 
718333 
649375 
638021 
736198 
652709 
642553 
639531 
635104 
726041 
640417 
647135 
716822 
637604 
642760 
738438 
639895 
645677 
634063 
637188 
733750 
644479 
640000 
734219 
636145 
639896 
633594 
638854 
732500 
642656 
643073 
715313 
640261 
632500 
733907 
646198 
641927 
637396 
639323 
766510 
648125 
642083 
760573 
655104 
645105 
758125 
637343 
652500 
659896 
651250 
775521 
644792 
636719 
779844 
648178 
649062 
764843 
657344 
641615 
777344 
633750 
636927 
772448 
646771 
630260 
766719 
646823 
634792 
638438 
637500 
757083 
642708 
635782 
761666 
658177 
642760 
765104 
648385 
635365 
769948 
643177 
642552 
747657 
643802 
637812 
643229 
640365 
774792 
631406 
649010 
765208 
644843 
640937 
763802 
674062 
637552 
759687 
648542 
639480 
646719 
660469 
741719 
647187 
633542 
746979 
645781 
638177 
742343 
638438 
640469 
737604 
650000 
641354 
640625 
642291 
727656 
639948 
646666 
647136 
640157 
637656 
631719 
648125 
760417 
641771 
641771 
764323 
652188 
641407 
775312 
647865 
652812 
761198 
668593 
638333 
775313 
648230 
640520 
648750 
641875 
762188 
665364 
640833 
753178 
652865 
671354 
758125 
677031 
638958 
751719 
642916 
643020 
740937 
677031 
641198 
644427 
641459 
772396 
654115 
641042 
759532 
643386 
643802 
771823 
637292 
643021 
772136 
1063803 
642552 
641146 
810989 
646354 
640938 
770416 
639375 
638281 
641197 
643698 
777604 
652343 
639687 
775730 
650938 
640208 
769271 
647865 
643490 
772292 
643854 
634636 
767813 
645833 
638907 
787552 
587968 
651667 
650053 
653385 
774218 
687292 
631823 
724948 
638490 
643333 
732448 
674063 
649115 
747032 
651719 
641042 
631615 
668281 
744948 
645052 
646406 
771823 
640260 
647813 
765990 
647604 
639687 
772864 
648646 
651667 
765573 
643958 
640520 
768125 
647292 
642552 
634583 
638281 
767656 
646667 
644010 
761823 
641407 
639271 
751354 
752552 
672760 
768386 
652604 
632761 
745573 
642656 
637708 
734532 
640989 
645520 
634531 
643907 
711146 
648646 
635208 
731875 
643593 
640469 
727604 
647292 
641563 
638281 
641458 
743021 
642917 
643802 
719688 
648073 
638906 
734115 
639740 
643802 
632968 
632500 
737031 
642656 
641511 
736458 
643177 
644584 
742708 
649531 
639323 
645416 
640885 
732916 
646042 
650573 
651250 
654791 
634062 
683854 
624011 
647552 
650521 
646302 
658386 
639740 
647344 
627708 
661614 
642500 
638542 
647760 
645312 
642343 
685052 
640834 
640781 
649791 
638386 
639479 
642865 
647292 
665886 
624792 
637969 
645313 
635365 
647761 
650417 
662709 
670781 
638281 
644636 
642969 
656302 
641927 
612604 
637187 
634271 
632084 
636875 
636927 
633802 
644740 
635834 
659167 
633334 
660000 
658021 
637708 
647292 
691823 
666979 
663645 
635573 
653959 
655000 
662136 
627031 
671511 
671771 
678542 
631458 
673385 
649063 
624792 
656875 
631822 
649063 
675521 
629948 
649635 
676979 
723021 
682187 
758802 
628854 
677084 
671094 
1273125 
708907 
666823 
685053 
666510 
687761 
692864 
696771 
617083 
689531 
636615 
663750 
698750 
619010 
655364 
707812 
627500 
658542 
691771 
615573 
703229 
605938 
664688 
644479 
657604 
717709 
676094 
615312 
682500 
628646 
667656 
740157 
699322 
720000 
797031 
782865 
747500 
646823 
676145 
681667 
682864 
678020 
724219 
688854 
684323 
678021 
641458 
713698 
638646 
666302 
710677 
628541 
676458 
689479 
643489 
697031 
751823 
618281 
699375 
747448 
616562 
676250 
611041 
697969 
666042 
609427 
701250 
758593 
617916 
695417 
750781 
619948 
706406 
751980 
627917 
698541 
753125 
626093 
687969 
624843 
693334 
760677 
615990 
736615 
749896 
627240 
689062 
708073 
621771 
732240 
800938 
627552 
741354 
804896 
628021 
632292 
675781 
610104 
725573 
792865 
647500 
706771 
679323 
639166 
729740 
793802 
642396 
736979 
798438 
642864 
733750 
796771 
583281 
688177 
658073 
612604 
731667 
851719 
628333 
637605 
693490 
608646 
718489 
846875 
627084 
722656 
805313 
629375 
731406 
787344 
744844 
644792 
691458 
616979 
763281 
800677 
640365 
634635 
693177 
619428 
726459 
743177 
644636 
673021 
684896 
621875 
683698 
723958 
698281 
679115 
694115 
630104 
696719 
620104 
672864 
695885 
618021 
679896 
703020 
616562 
744635 
799531 
645052 
751354 
798594 
639375 
720469 
802969 
622969 
717344 
797083 
741614 
643959 
706146 
865469 
644584 
725000 
798698 
740886 
635417 
666719 
670312 
704844 
798698 
646718 
757968 
727761 
608542 
730156 
793750 
638177 
721719 
801771 
593541 
680521 
746302 
613438 
690625 
750781 
611510 
693073 
745885 
643906 
690990 
1511927 
617969 
673125 
670000 
678698 
755000 
622292 
689583 
755729 
589166 
684167 
605156 
694479 
759219 
643750 
702291 
720938 
707396 
615157 
643021 
694792 
720625 
621406 
670521 
714375 
612083 
697552 
718333 
629531 
632969 
714896 
629427 
735105 
671823 
678230 
680000 
624271 
717657 
721146 
672083 
704479 
711406 
657136 
638386 
690833 
621302 
676719 
610000 
722500 
788177 
579844 
729219 
796770 
634427 
727604 
865729 
673333 
608489 
704636 
624740 
727448 
631719 
639375 
651823 
702864 
628282 
703803 
619114 
724792 
654948 
622708 
679948 
696823 
617032 
688073 
681458 
611615 
692448 
634062 
697969 
692031 
627187 
724636 
663594 
651407 
656458 
681407 
721718 
681614 
678542 
710677 
753490 
743334 
643178 
710886 
634948 
692500 
687500 
683541 
685677 
722761 
670781 
719947 
655625 
637865 
667656 
631354 
676302 
738177 
625417 
680989 
699010 
618594 
679427 
749688 
612552 
687240 
631302 
674792 
688958 
641511 
675521 
693021 
634166 
691615 
692395 
609219 
693229 
628230 
667657 
691718 
616563 
701406 
691093 
613959 
675521 
625469 
685521 
747448 
621667 
698229 
706510 
613854 
725989 
816563 
596979 
693073 
715834 
620521 
640573 
661094 
680365 
655729 
656875 
722760 
801407 
699792 
714740 
715208 
627708 
726198 
809896 
643281 
709688 
686094 
642656 
664791 
700156 
635677 
678073 
688854 
688020 
688281 
687396 
632656 
694219 
646303 
660000 
720417 
644323 
720625 
800157 
642083 
716823 
859115 
645990 
724219 
811667 
633125 
639063 
691302 
1252708 
669583 
618021 
725469 
807916 
634219 
724010 
799114 
